#SITE	SITE_LOG_LIKELIHOODS
1	-4.044083855905531
2	-11.15560903904542
3	-15.70930990092431
4	-26.86809011998901
5	-4.878651443511181
6	-42.64115277165517
7	-12.87394342251853
8	-5.934567301883681
9	-4.092438187306517
10	-4.028689717309158
11	-4.937735895357646
12	-4.918786036807477
13	-3.818923687374157
14	-9.415874112923854
15	-5.101107577236556
16	-10.22790035273517
17	-3.818923687374157
18	-5.189433810079427
19	-36.14816989833497
20	-5.471749461013854
21	-4.891752593934971
22	-3.818923687374157
23	-4.300683731941144
24	-5.200399561831319
25	-4.233662110910709
26	-9.56476135993509
27	-4.378031893606343
28	-12.65952792575326
29	-5.739011888123509
30	-4.580897319243317
31	-5.3873074432064
32	-4.580897319243317
33	-14.66901064791901
34	-4.300683731941144
35	-3.939451343927629
36	-9.745583134844596
37	-27.68651274579418
38	-14.36007509315642
39	-3.938092403544333
40	-13.09845084089486
41	-17.20000245041172
42	-17.66960576951813
43	-3.938092403544333
44	-4.840188647112158
45	-4.239647224736743
46	-15.93669967980894
47	-3.94650065699063
48	-3.808563815281163
49	-5.470392558839313
50	-4.606869435495856
51	-5.861645438276594
52	-3.938092403544333
53	-4.459447150949557
54	-4.239647224736743
55	-4.028689717309158
56	-4.0306829137118
57	-4.942232466835775
58	-3.818923687374157
59	-4.249855730964519
60	-4.918786036807477
61	-3.939451343927629
62	-9.56476135993509
63	-4.308295471618885
64	-3.818923687374157
65	-4.233662110910709
66	-4.044083855905531
67	-58.72423194056152
68	-5.861645438276594
69	-4.837175706946277
70	-3.818923687374157
71	-4.580897319243317
72	-4.891752593934971
73	-3.94650065699063
74	-4.853854290755744
75	-5.983433023461336
76	-11.95675472467861
77	-5.101107577236556
78	-13.3684219795079
79	-4.755304129199713
80	-5.02187355891566
81	-4.308295471618885
82	-10.54791159975764
83	-4.690939971283753
84	-4.092438187306517
85	-4.656188604625489
86	-4.626964468278362
87	-14.74230946496271
88	-4.626964468278362
89	-5.470392558839313
90	-3.938092403544333
91	-4.249855730964519
92	-4.249855730964519
93	-5.326136395611587
94	-5.200399561831319
95	-6.150510866117373
96	-5.17820989434327
97	-15.7939259846842
98	-12.29182521187851
99	-4.690939971283753
100	-13.43799462697538
101	-4.891752593934971
102	-63.38579594419959
103	-4.840188647112158
104	-5.695998313501024
105	-4.233662110910709
106	-5.934567301883681
107	-5.387996181609115
108	-3.939451343927629
109	-4.459447150949557
110	-4.878651443511181
111	-4.028689717309158
112	-4.378031893606343
113	-3.808563815281163
114	-5.029998321511552
115	-4.044083855905531
116	-5.387996181609115
117	-5.3873074432064
118	-5.650717128786299
119	-3.939451343927629
120	-4.755304129199713
121	-5.189433810079427
122	-4.942232466835775
123	-4.300683731941144
124	-4.092438187306517
125	-10.46798066673302
126	-5.069966499371936
127	-4.044083855905531
128	-19.37489000462914
129	-3.808563815281163
130	-4.606869435495856
131	-4.837175706946277
132	-29.2000863699331
133	-4.092438187306517
134	-11.35418165782481
135	-10.17293860780705
136	-8.632530632686676
137	-3.94650065699063
138	-5.387996181609115
139	-4.378031893606343
140	-4.239647224736743
141	-4.68389762741785
142	-4.68389762741785
143	-11.29555129177436
144	-11.8332083168781
145	-4.0306829137118
146	-12.83022141042962
147	-5.069966499371936
148	-4.300683731941144
149	-3.818923687374157
150	-4.940457634148769
151	-5.200399561831319
152	-4.606869435495856
153	-4.044083855905531
154	-14.07164748178524
155	-3.808563815281163
156	-4.878651443511181
157	-13.76257028781752
158	-44.01514479616745
159	-4.249855730964519
160	-4.028689717309158
161	-12.99939565134166
162	-114.569654310409
163	-22.24250465555372
164	-10.43093865656274
165	-4.924507336865755
166	-9.405724673905974
167	-3.94650065699063
168	-11.9340934808323
169	-8.623538793246949
170	-4.092438187306517
171	-5.326136395611587
172	-4.233662110910709
173	-11.73103743063806
174	-4.690939971283753
175	-4.0306829137118
176	-12.66072582209859
177	-13.44655904092249
178	-5.069966499371936
179	-4.378031893606343
180	-44.40103318416008
181	-5.471749461013854
182	-27.53080246853267
183	-10.89172519866536
184	-10.8625336791694
185	-11.16003962202469
186	-20.88981700002422
187	-4.378031893606343
188	-4.940457634148769
189	-4.249855730964519
190	-11.43321470239037
191	-4.853854290755744
192	-4.755304129199713
193	-4.837175706946277
194	-28.72000781553873
195	-3.939451343927629
196	-4.853854290755744
197	-4.028689717309158
198	-4.837175706946277
199	-4.853854290755744
200	-4.300683731941144
201	-5.02187355891566
202	-6.288662371346534
203	-11.4262958955668
204	-9.968166507794374
205	-4.755304129199713
206	-5.326136395611587
207	-4.690939971283753
208	-4.416450171637087
209	-4.044083855905531
210	-3.983348692175197
211	-5.101107577236556
212	-3.808563815281163
213	-4.580897319243317
214	-12.47098764914559
215	-4.264449607077029
216	-10.59163602098982
217	-4.233662110910709
218	-15.70002702050811
219	-16.72775213824472
220	-4.249855730964519
221	-6.132409935179097
222	-12.23527300724684
223	-4.028689717309158
224	-4.924507336865755
225	-9.387217363217621
226	-5.029998321511552
227	-4.416450171637087
228	-3.818923687374157
229	-4.937735895357646
230	-4.300683731941144
231	-3.808563815281163
232	-4.580897319243317
233	-12.40501879810872
234	-4.68389762741785
235	-17.2227854535344
236	-44.56547809723349
237	-50.71829345782383
238	-4.308295471618885
239	-34.77797157617213
240	-5.17820989434327
241	-38.00250389361114
242	-3.938092403544333
243	-4.239647224736743
244	-4.937735895357646
245	-4.243093365310158
246	-4.264449607077029
247	-3.94650065699063
248	-4.656188604625489
249	-4.233662110910709
250	-3.808563815281163
251	-3.938092403544333
252	-4.459447150949557
253	-4.918786036807477
254	-5.02187355891566
255	-4.308295471618885
256	-4.239647224736743
257	-5.3873074432064
258	-4.891752593934971
259	-10.1574115582055
260	-4.840188647112158
261	-23.66434239763811
262	-4.378031893606343
263	-4.656188604625489
264	-22.54004841473911
265	-10.73997871989211
266	-4.264449607077029
267	-4.837175706946277
268	-4.044083855905531
269	-3.808563815281163
270	-3.939451343927629
271	-52.87588485597373
272	-16.27066081469948
273	-5.650717128786299
274	-4.84459581801008
275	-12.05694016786536
276	-25.40285881202243
277	-4.0306829137118
278	-11.71284080936392
279	-3.935592856851742
280	-8.751390512140214
281	-11.95227557995558
282	-10.33435324623349
283	-9.389244658440875
284	-9.118738935714525
285	-21.91598240112225
286	-4.414063548802908
