#SITE	SITE_LOG_LIKELIHOOD
1	-4.73469
2	-4.69204
3	-98.7094
4	-10.842
5	-4.91584
6	-4.93648
7	-4.92003
8	-4.85522
9	-4.72297
10	-10.1946
11	-21.9799
12	-4.91759
13	-4.51724
14	-17.7502
15	-4.59086
16	-4.82046
17	-11.1807
18	-37.8905
19	-12.956
20	-10.6654
21	-13.7272
22	-27.3459
23	-14.0643
24	-4.91587
25	-14.2974
26	-4.73299
27	-9.54805
28	-5.10198
29	-20.5622
30	-4.53785
31	-4.98702
32	-4.90209
33	-4.43922
34	-4.52212
35	-4.71166
36	-4.73254
37	-11.1089
38	-4.72013
39	-4.62313
40	-5.06453
41	-4.92262
42	-4.93739
43	-9.97574
44	-16.2038
45	-37.6371
46	-4.91817
47	-19.4903
48	-10.1129
49	-4.71656
50	-11.3957
51	-5.17145
52	-12.1948
53	-12.0604
54	-4.72509
55	-4.71437
56	-4.88433
57	-4.91133
58	-10.5098
59	-4.84503
60	-4.7342
61	-13.8683
62	-4.63884
63	-4.54098
64	-4.66148
65	-49.8696
66	-4.77553
67	-4.84777
68	-4.56334
69	-11.876
70	-4.90401
71	-4.65608
72	-50.6799
73	-8.80283
74	-4.74787
75	-5.01201
76	-4.72488
77	-4.72765
78	-4.96848
79	-4.91943
80	-4.91035
81	-4.73797
82	-4.70904
83	-4.71754
84	-12.0061
85	-5.09346
86	-4.96108
87	-11.1148
88	-4.95664
89	-4.75041
90	-19.1862
91	-5.09542
92	-4.72699
93	-4.71973
94	-4.91993
95	-4.53546
96	-4.91828
97	-4.92407
98	-4.84818
99	-5.11528
100	-4.53626
101	-5.11758
102	-4.54258
103	-4.70809
104	-5.09522
105	-4.63883
106	-11.0814
107	-4.64508
108	-4.73589
109	-4.72756
110	-5.10049
111	-23.3709
112	-5.10975
113	-4.73505
114	-15.9239
115	-5.09589
116	-4.92155
117	-5.10397
118	-4.51726
119	-5.05872
120	-11.334
121	-4.64715
122	-16.5679
123	-4.75775
124	-9.58506
125	-26.2644
126	-5.09623
127	-9.64895
128	-4.77013
129	-59.5926
130	-4.96872
131	-4.65034
132	-5.1763
133	-4.72362
134	-10.4658
135	-9.86161
136	-10.5604
137	-4.80478
138	-4.73623
139	-4.977
140	-9.73621
141	-4.65337
142	-4.78508
143	-4.55821
144	-10.5451
145	-4.54612
146	-4.99891
147	-5.11137
148	-10.2091
149	-19.6881
150	-4.61163
151	-4.72069
152	-4.91793
153	-22.5697
154	-9.99599
155	-5.13174
156	-38.3602
157	-4.91496
158	-5.17068
159	-46.8517
160	-5.11247
161	-10.998
162	-12.7238
163	-4.92237
164	-4.73341
165	-10.2699
166	-10.2101
167	-4.67433
168	-4.91673
169	-4.91826
170	-4.83954
171	-17.1989
172	-32.1241
173	-5.10912
174	-4.81184
175	-4.93012
176	-9.30603
177	-9.88787
178	-5.07495
179	-4.47823
180	-11.1674
181	-4.99043
182	-4.54012
183	-9.24069
184	-4.66044
185	-9.8328
186	-4.73458
187	-4.89485
188	-4.65659
189	-10.8374
190	-4.72931
191	-4.90793
192	-4.92223
193	-5.09995
194	-12.0017
195	-4.90539
196	-60.0494
197	-16.3024
198	-4.92553
199	-25.5562
200	-4.74081
201	-4.63162
202	-4.53794
203	-4.91284
204	-4.92341
205	-12.8888
206	-4.71503
207	-4.84263
208	-10.0875
209	-4.76376
210	-4.73214
211	-4.88814
212	-16.3997
213	-4.91777
214	-4.92006
215	-4.70548
216	-4.70539
217	-8.83064
218	-4.92075
219	-4.39844
220	-4.93469
221	-4.92332
222	-4.72905
223	-10.3616
224	-4.75853
225	-4.73333
226	-10.8174
227	-18.988
228	-5.02841
229	-12.0541
230	-4.82861
231	-30.325
232	-17.1651
233	-4.77816
234	-4.59741
235	-5.20572
236	-4.74773
237	-4.55058
238	-11.9875
239	-4.91837
240	-4.72133
241	-4.47407
242	-20.8112
243	-4.82667
244	-4.85198
245	-4.82007
246	-4.69186
247	-4.78413
248	-23.8585
249	-16.9438
250	-4.9225
251	-4.72546
252	-4.73093
253	-5.11064
254	-4.54766
255	-4.81266
256	-4.81364
257	-4.89402
258	-4.70349
259	-4.72537
260	-4.93096
261	-4.42925
262	-4.82878
263	-30.7968
264	-4.75592
265	-17.6939
266	-4.91602
267	-4.91753
268	-4.71483
269	-61.4685
270	-4.90973
271	-4.58063
272	-4.5443
273	-4.73208
274	-4.7749
275	-4.57934
276	-4.91273
277	-4.63464
278	-9.30531
279	-4.82106
280	-4.70898
281	-4.86405
282	-4.50962
283	-4.98754
284	-4.61435
285	-4.7167
286	-4.41413
