#SITE	SITE_LOG_LIKELIHOODS
1	-0.01429639807411395
2	-0.01429639807411395
3	-12.14727502894183
4	-22.33938958034675
5	-25.33539365931469
6	-21.8130940478179
7	-3.936691639614706
8	-3.833814077487859
9	-5.865487517679924
10	-4.923445921542342
11	-3.913537508388075
12	-4.85536692361068
13	-3.833814077487859
14	-5.939160582633869
15	-3.709961406484324
16	-17.73923952176634
17	-3.833814077487859
18	-3.961661816516157
19	-3.833814077487859
20	-11.75582796390398
21	-4.831728430328244
22	-3.855080083701552
23	-13.20956480101817
24	-4.111064780205966
25	-3.961661816516157
26	-3.910065575724555
27	-3.961661816516157
28	-4.765993379743338
29	-3.746051961665624
30	-5.115484976447491
31	-4.923445921542342
32	-5.294553616015939
33	-70.4315042536596
34	-4.111064780205966
35	-4.942489963131194
36	-4.111064780205966
37	-11.13062846402127
38	-11.49011627696924
39	-4.926365013683264
40	-3.761414926682491
41	-27.69144005912683
42	-4.831728430328244
43	-3.761414926682491
44	-3.954259129286894
45	-12.60234100493293
46	-4.942489963131194
47	-3.954259129286894
48	-4.70815941689675
49	-3.833814077487859
50	-3.709961406484324
51	-4.111064780205966
52	-3.761414926682491
53	-3.936691639614706
54	-16.48367799507013
55	-3.833814077487859
56	-4.081339232669343
57	-3.709961406484324
58	-11.80299540686089
59	-3.936691639614706
60	-3.709961406484324
61	-4.70815941689675
62	-4.942489963131194
63	-3.936691639614706
64	-5.666567639136853
65	-3.88527861981113
66	-3.954259129286894
67	-11.29006823137391
68	-4.111064780205966
69	-11.28831059780306
70	-5.666567639136853
71	-5.294553616015939
72	-4.831728430328244
73	-10.69082927815043
74	-3.73248945923047
75	-4.893045344716191
76	-3.761414926682491
77	-4.973743414177205
78	-3.633913184052209
79	-3.833814077487859
80	-10.84008620845981
81	-4.029061586403756
82	-3.633913184052209
83	-4.70815941689675
84	-3.709961406484324
85	-12.5062910018856
86	-3.679851957935822
87	-4.942489963131194
88	-3.910065575724555
89	-3.833814077487859
90	-3.746051961665624
91	-5.202831961488572
92	-4.124060277212234
93	-3.913537508388075
94	-3.855080083701552
95	-5.807163064589882
96	-12.36478662193303
97	-3.910065575724555
98	-3.910065575724555
99	-4.70815941689675
100	-3.833814077487859
101	-3.633913184052209
102	-10.95109044421291
103	-4.835112248302115
104	-4.926365013683264
105	-3.961661816516157
106	-3.557148626833318
107	-4.111064780205966
108	-4.942489963131194
109	-5.294553616015939
110	-41.18907266877147
111	-4.765993379743338
112	-3.709961406484324
113	-3.679851957935822
114	-10.67526099292988
115	-3.954259129286894
116	-4.157162284821879
117	-10.90004482288057
118	-10.9838733309305
119	-10.17318710552798
120	-3.73248945923047
121	-46.37414532108353
122	-3.709961406484324
123	-3.709961406484324
124	-3.709961406484324
125	-4.923445921542342
126	-4.081339232669343
127	-11.54360775331718
128	-4.111064780205966
129	-4.70815941689675
130	-4.05749133456415
131	-4.111064780205966
132	-3.709961406484324
133	-3.709961406484324
134	-5.061867048750958
135	-10.15103568180015
136	-21.95820835919807
137	-3.833814077487859
138	-3.709961406484324
139	-10.4203129721506
140	-12.97655125176573
141	-3.761414926682491
142	-3.761414926682491
143	-3.88527861981113
144	-14.19316165981489
145	-5.024550017843294
146	-4.859155779679016
147	-5.084119202757192
148	-3.709961406484324
149	-14.58440854285886
150	-4.859155779679016
151	-3.936691639614706
152	-12.78024344216025
153	-3.913537508388075
154	-16.33166942471365
155	-3.679851957935822
156	-10.99807431578186
157	-3.557148626833318
158	-4.081339232669343
159	-3.936691639614706
160	-4.765993379743338
161	-3.679851957935822
162	-3.936691639614706
163	-4.929056450108796
164	-4.942489963131194
165	-4.157162284821879
166	-4.942489963131194
167	-3.833814077487859
168	-5.061867048750958
169	-3.746051961665624
170	-3.786366883225377
171	-4.765993379743338
172	-3.88527861981113
173	-3.761414926682491
174	-3.679851957935822
175	-3.709961406484324
176	-3.936691639614706
177	-3.679851957935822
178	-4.081339232669343
179	-5.084119202757192
180	-4.081339232669343
181	-15.95402283247214
182	-3.709961406484324
183	-4.111064780205966
184	-3.954259129286894
185	-11.54570469617958
186	-3.786366883225377
187	-4.081339232669343
188	-3.833814077487859
189	-3.936691639614706
190	-4.124060277212234
191	-3.833814077487859
192	-3.833814077487859
193	-4.081339232669343
194	-4.111064780205966
195	-3.910065575724555
196	-4.960250189687231
197	-3.833814077487859
198	-4.111064780205966
199	-3.709961406484324
200	-4.960250189687231
201	-4.926365013683264
202	-5.115484976447491
203	-4.029061586403756
204	-13.22526945164506
205	-3.833814077487859
206	-3.833814077487859
207	-3.910065575724555
208	-4.929056450108796
209	-3.954259129286894
210	-3.633913184052209
211	-13.31528717803222
212	-4.70815941689675
213	-21.96267735153961
214	-3.557148626833318
215	-3.709961406484324
216	-5.024550017843294
217	-3.961661816516157
218	-4.859155779679016
219	-3.913537508388075
220	-10.83811506036873
221	-4.85536692361068
222	-3.633913184052209
223	-3.833814077487859
224	-3.961661816516157
225	-3.786366883225377
226	-3.761414926682491
227	-4.929056450108796
228	-5.666567639136853
229	-3.913537508388075
230	-3.709961406484324
231	-4.70815941689675
232	-10.34331452417415
233	-4.081339232669343
234	-5.024550017843294
235	-4.732571982972272
236	-17.56914212588909
237	-38.88905066245164
238	-10.81566151979074
239	-4.784231581288745
240	-12.4935157866415
241	-3.936691639614706
242	-12.01602881632594
243	-4.923445921542342
244	-3.557148626833318
245	-3.709961406484324
246	-3.833814077487859
247	-4.765993379743338
248	-3.761414926682491
249	-3.961661816516157
250	-14.11656704123974
251	-4.05749133456415
252	-5.294553616015939
253	-4.973743414177205
254	-3.746051961665624
255	-22.54136906276235
256	-20.66103007152865
257	-9.950796196517048
258	-3.633913184052209
259	-13.69607588888803
260	-5.807163064589882
261	-3.833814077487859
262	-4.029061586403756
263	-4.70815941689675
264	-34.5739199595374
265	-17.65454429389301
266	-3.786366883225377
267	-4.111064780205966
268	-3.954259129286894
269	-3.709961406484324
270	-3.746051961665624
271	-18.78219352582283
272	-12.65392979639701
273	-3.910065575724555
274	-14.12834632388149
275	-3.913537508388075
276	-3.709961406484324
277	-3.837787673471924
278	-15.55789179876355
279	-3.761414926682491
280	-10.59001615453215
281	-3.786366883225377
282	-10.55370659677767
283	-3.913537502713116
284	-10.5904962112151
285	-3.849200430971085
286	-4.924840029560582
