#SITE	SITE_LOG_LIKELIHOOD
1	-8.45139
2	-12.5849
3	-53.7603
4	-29.3406
5	-6.71011
6	-8.11201
7	-8.46159
8	-19.843
9	-32.179
10	-31.7665
11	-6.97191
12	-24.3793
13	-8.45139
14	-28.3119
15	-8.15502
16	-16.267
17	-68.3397
18	-52.4052
19	-5.6021
20	-38.1634
21	-22.6663
22	-17.8071
23	-16.1121
24	-36.9248
25	-18.9752
26	-46.2983
27	-13.0141
28	-33.8281
29	-54.9321
30	-34.7954
31	-57.7121
32	-8.45139
33	-36.2978
34	-65.647
35	-13.4985
36	-20.5899
37	-46.4812
38	-18.082
39	-8.65272
40	-7.39884
41	-24.3598
42	-7.33553
43	-8.45139
44	-21.5361
45	-31.0836
46	-26.6331
47	-38.6545
48	-14.8804
49	-18.9807
50	-29.2665
51	-14.4737
52	-33.7005
53	-12.5251
54	-36.1885
55	-78.8672
56	-29.536
57	-20.2779
58	-41.4876
59	-13.8854
60	-13.3652
61	-37.0263
62	-8.08828
63	-15.7462
64	-25.7701
65	-25.8468
66	-8.45139
67	-45.2572
68	-20.3997
69	-6.32038
70	-41.5894
71	-8.69574
72	-35.3324
73	-39.3862
74	-23.7437
75	-29.2738
76	-40.2184
77	-28.1333
78	-23.0008
79	-30.8795
80	-19.3592
81	-13.8847
82	-21.3503
83	-21.1352
84	-49.9807
85	-67.9086
86	-30.6201
87	-32.8643
88	-34.5219
89	-25.9577
90	-14.5518
91	-13.8958
92	-28.4807
93	-17.759
94	-38.6968
95	-22.7432
96	-13.1763
97	-7.39884
98	-84.7785
99	-11.8605
100	-44.2287
101	-132.179
102	-103.225
103	-78.1512
104	-8.35121
105	-59.9152
106	-17.0368
107	-45.9794
108	-13.3304
109	-40.4689
110	-12.0697
111	-13.309
112	-13.3233
113	-14.5948
114	-17.8307
115	-6.97191
116	-7.97576
117	-34.2122
118	-53.7045
119	-18.3877
120	-8.35121
121	-25.7728
122	-15.2686
123	-17.238
124	-30.541
125	-13.3569
126	-14.9383
127	-43.6392
128	-15.8609
129	-55.5658
130	-35.2806
131	-57.5734
132	-38.72
133	-35.2612
134	-21.9352
135	-10.2828
136	-57.7622
137	-8.45139
138	-14.1761
139	-8.35121
140	-26.4348
141	-29.9124
142	-13.0925
143	-24.512
144	-7.78689
145	-26.7988
146	-59.1144
147	-31.8727
148	-43.7697
149	-12.8961
150	-43.284
151	-16.9683
152	-6.54388
153	-6.91952
154	-21.0413
155	-42.386
156	-27.2007
157	-53.8914
158	-51.8289
159	-8.45139
160	-19.2675
161	-14.9823
162	-29.8532
163	-8.45139
164	-17.3501
165	-30.2954
166	-43.8692
167	-17.3326
168	-26.0303
169	-17.7911
170	-34.685
171	-36.8497
172	-29.373
173	-19.7319
174	-28.5896
175	-33.117
176	-18.2442
177	-18.861
178	-37.0574
179	-21.8302
180	-43.9825
181	-12.4834
182	-21.0838
183	-22.1654
184	-14.8785
185	-20.8777
186	-71.958
187	-51.7718
188	-23.4793
189	-8.45139
190	-39.6485
191	-22.1281
192	-47.8462
193	-42.31
194	-20.2828
195	-24.0984
196	-8.45139
197	-53.582
198	-8.46159
199	-22.7043
200	-28.4251
201	-19.8338
202	-30.2048
203	-25.1061
204	-48.4609
205	-61.4638
206	-42.9529
207	-8.35121
208	-17.8581
209	-6.75311
210	-32.3445
211	-21.5072
212	-50.6673
213	-55.5731
214	-41.9915
215	-13.8226
216	-50.8099
217	-66.3547
218	-16.7028
219	-33.2693
220	-24.0913
221	-12.4496
222	-13.1221
223	-15.3919
224	-13.4797
225	-13.9463
226	-33.2792
227	-15.2904
228	-43.4643
229	-14.3715
230	-21.943
231	-7.33553
232	-27.3764
233	-27.5657
234	-12.9625
235	-16.1971
236	-48.8761
237	-20.426
238	-8.45139
239	-31.3542
240	-31.8555
241	-20.5865
242	-32.6821
243	-18.3897
244	-11.0937
245	-31.7829
246	-57.4553
247	-34.5131
248	-15.0127
249	-19.0781
250	-26.6522
251	-12.0364
252	-17.4246
253	-36.9497
254	-12.4077
255	-25.1586
256	-22.4426
257	-54.6293
258	-26.8737
259	-89.029
260	-19.3835
261	-28.2341
262	-11.888
263	-25.9631
264	-34.9608
265	-22.2413
266	-42.6326
267	-11.2156
268	-64.6028
269	-34.0457
270	-21.5407
271	-24.2178
272	-10.2828
273	-19.7901
274	-31.914
275	-44.5674
276	-24.0688
277	-20.5616
278	-26.2533
279	-22.258
280	-32.4394
281	-21.0367
282	-18.6537
283	-15.5798
284	-31.1185
285	-24.9114
286	-12.4711
287	-30.2933
288	-53.6333
289	-33.7864
290	-105.998
291	-33.4706
292	-17.7599
293	-36.7218
294	-25.8144
295	-33.8147
296	-31.6499
297	-12.1214
298	-50.4961
299	-59.0573
300	-29.0367
301	-28.7148
302	-18.3344
303	-21.1651
304	-20.9794
305	-12.4994
306	-48.2225
307	-20.804
308	-7.33553
309	-40.4393
310	-23.2171
311	-38.8967
312	-38.3691
313	-7.39884
314	-22.6139
315	-19.8766
316	-34.4013
317	-6.54388
318	-63.3251
319	-79.1879
320	-13.3577
321	-20.4282
322	-20.9255
323	-7.05662
324	-15.4929
325	-21.6717
326	-47.8889
327	-22.7966
328	-43.7696
329	-50.8223
330	-8.35121
331	-8.45139
332	-15.0067
333	-9.82663
334	-43.4552
335	-56.3868
336	-12.0108
337	-23.708
338	-13.8143
339	-6.97191
340	-24.6099
341	-69.6811
342	-31.6426
343	-59.2235
344	-38.1572
345	-19.8708
346	-8.65272
347	-23.8274
348	-12.6665
349	-22.8754
350	-39.7345
351	-27.0555
352	-27.9312
353	-89.2742
354	-39.5307
355	-60.2693
356	-19.6132
357	-36.3097
358	-29.484
359	-18.0397
360	-33.0525
361	-6.54388
362	-32.3228
363	-32.3003
364	-10.9871
365	-21.5398
366	-12.038
367	-12.2747
368	-12.9054
369	-11.8145
370	-12.8444
371	-15.2771
372	-37.4795
373	-63.6927
374	-25.9946
375	-139.078
376	-16.1985
377	-31.4271
378	-29.2617
379	-6.95327
380	-41.077
381	-32.0726
382	-19.0762
383	-14.0551
384	-76.4521
385	-17.3935
386	-8.35121
387	-20.4826
388	-15.5939
389	-50.2158
390	-8.11201
391	-41.278
392	-7.27414
393	-19.4758
394	-36.6326
395	-7.75215
396	-36.6471
397	-27.2574
398	-7.33553
399	-24.9971
400	-42.44
401	-62.5014
402	-51.7873
403	-29.2827
404	-56.0008
405	-24.9419
406	-30.6252
407	-19.1183
408	-45.1259
409	-17.5729
410	-22.517
411	-79.219
412	-19.6368
413	-19.5493
414	-52.1013
415	-12.7723
416	-14.06
417	-57.6531
418	-17.7467
419	-32.4649
420	-15.5084
421	-27.52
422	-46.5918
423	-59.1431
424	-26.1698
425	-58.4503
426	-8.45139
427	-13.3145
428	-20.3549
429	-21.2002
430	-22.6032
431	-31.0862
432	-25.0807
433	-99.7309
434	-31.644
435	-28.5469
436	-24.2637
437	-32.7591
438	-27.4964
439	-14.0189
440	-8.45139
441	-31.5951
442	-32.4989
443	-11.6439
444	-27.2907
445	-7.97576
446	-36.0184
447	-27.36
448	-8.45139
449	-12.5341
450	-82.8719
451	-13.3655
452	-28.1321
453	-26.5432
454	-27.3209
455	-23.4413
456	-19.165
457	-68.479
458	-14.3757
459	-45.8999
460	-7.07537
461	-32.5628
462	-20.6414
463	-27.6526
464	-13.5565
465	-19.2128
466	-13.1461
467	-32.7835
468	-19.7409
469	-12.0856
470	-32.0128
471	-7.05662
472	-62.5717
473	-11.8722
474	-34.5022
475	-20.1821
476	-8.53451
477	-27.8847
478	-11.7419
479	-14.4192
480	-27.5814
481	-8.45139
482	-21.619
483	-23.0214
484	-6.97191
485	-19.4556
486	-6.32038
487	-7.39884
488	-8.65272
489	-8.65272
490	-13.4389
491	-8.29588
492	-7.78689
493	-15.5288
494	-45.1296
495	-46.2705
496	-39.2082
497	-8.29588
498	-49.2102
