#SITE	SITE_LOG_LIKELIHOOD
1	-4.95641
2	-16.3995
3	-17.1353
4	-26.143
5	-5.008
6	-38.0792
7	-13.5652
8	-4.98216
9	-4.94556
10	-4.39687
11	-4.44283
12	-5.25654
13	-4.66973
14	-10.2108
15	-4.94778
16	-11.8209
17	-4.66973
18	-5.52403
19	-38.0399
20	-5.01795
21	-4.74357
22	-4.66973
23	-4.70697
24	-5.24704
25	-5.0203
26	-10.1716
27	-4.84406
28	-12.8271
29	-4.98348
30	-4.56036
31	-4.75943
32	-4.56036
33	-18.8446
34	-4.70697
35	-4.55392
36	-10.3375
37	-25.6017
38	-11.8963
39	-4.82337
40	-13.9945
41	-19.6067
42	-19.0266
43	-4.82337
44	-5.11027
45	-4.68408
46	-17.4651
47	-4.65867
48	-4.68347
49	-4.63546
50	-4.99522
51	-4.92105
52	-4.82337
53	-4.79502
54	-4.68408
55	-4.39687
56	-4.7921
57	-4.68219
58	-4.66973
59	-5.07568
60	-5.25654
61	-4.55392
62	-10.1716
63	-4.83709
64	-4.66973
65	-5.0203
66	-4.95641
67	-58.8626
68	-4.92105
69	-4.61435
70	-4.66973
71	-4.56036
72	-4.74357
73	-4.65867
74	-4.42639
75	-5.32864
76	-12.1672
77	-4.94778
78	-12.0536
79	-4.09426
80	-4.90489
81	-4.83709
82	-11.1701
83	-4.92249
84	-4.94556
85	-5.07215
86	-4.78719
87	-15.8606
88	-4.78719
89	-4.63546
90	-4.82337
91	-5.07568
92	-5.07568
93	-4.44619
94	-5.24704
95	-4.88491
96	-4.66629
97	-15.2662
98	-11.9743
99	-4.92249
100	-10.9749
101	-4.74357
102	-60.7318
103	-5.11027
104	-4.61553
105	-5.0203
106	-4.98216
107	-4.61954
108	-4.55392
109	-4.79502
110	-5.008
111	-4.39687
112	-4.84406
113	-4.68347
114	-5.06196
115	-4.95641
116	-4.61954
117	-4.75943
118	-4.61537
119	-4.55392
120	-4.09426
121	-5.52403
122	-4.68219
123	-4.70697
124	-4.94556
125	-11.1168
126	-4.85294
127	-4.95641
128	-20.4442
129	-4.68347
130	-4.99522
131	-4.61435
132	-27.1521
133	-4.94556
134	-10.7892
135	-10.516
136	-9.44022
137	-4.65867
138	-4.61954
139	-4.84406
140	-4.68408
141	-4.77831
142	-4.77831
143	-9.35415
144	-14.0341
145	-4.7921
146	-10.5565
147	-4.85294
148	-4.70697
149	-4.66973
150	-4.36936
151	-5.24704
152	-4.99522
153	-4.95641
154	-14.5584
155	-4.68347
156	-5.008
157	-10.8914
158	-40.8975
159	-5.07568
160	-4.39687
161	-12.8558
162	-96.4733
163	-17.6624
164	-9.58
165	-5.25889
166	-9.71691
167	-4.65867
168	-10.3785
169	-9.59094
170	-4.94556
171	-4.44619
172	-5.0203
173	-11.1425
174	-4.92249
175	-4.7921
176	-16.1412
177	-12.781
178	-4.85294
179	-4.84406
180	-43.619
181	-5.01795
182	-30.5984
183	-11.1401
184	-10.2635
185	-10.843
186	-17.7635
187	-4.84406
188	-4.36936
189	-5.07568
190	-10.1461
191	-4.42639
192	-4.09426
193	-4.61435
194	-22.88
195	-4.55392
196	-4.42639
197	-4.39687
198	-4.61435
199	-4.42639
200	-4.70697
201	-4.90489
202	-5.08676
203	-10.389
204	-9.59716
205	-4.09426
206	-4.44619
207	-4.92249
208	-5.20247
209	-4.95641
210	-4.72491
211	-4.94778
212	-4.68347
213	-4.56036
214	-10.4192
215	-4.70919
216	-11.0254
217	-5.0203
218	-15.6781
219	-16.9052
220	-5.07568
221	-4.87894
222	-12.199
223	-4.39687
224	-5.25889
225	-9.64047
226	-5.06196
227	-5.20247
228	-4.66973
229	-4.44283
230	-4.70697
231	-4.68347
232	-4.56036
233	-12.0011
234	-4.77831
235	-16.8617
236	-49.5374
237	-47.0866
238	-4.83709
239	-36.2518
240	-4.66629
241	-31.7861
242	-4.82337
243	-4.68408
244	-4.44283
245	-4.68474
246	-4.70919
247	-4.65867
248	-5.07215
249	-5.0203
250	-4.68347
251	-4.82337
252	-4.79502
253	-5.25654
254	-4.90489
255	-4.83709
256	-4.68408
257	-4.75943
258	-4.74357
259	-10.2184
260	-5.11027
261	-23.9524
262	-4.84406
263	-5.07215
264	-23.7038
265	-10.7821
266	-4.70919
267	-4.61435
268	-4.95641
269	-4.68347
270	-4.55392
271	-59.6162
272	-16.7122
273	-4.61537
274	-5.02534
275	-11.3068
276	-29.7448
277	-4.7921
278	-9.51244
279	-4.81971
280	-9.0672
281	-9.68121
282	-9.51845
283	-8.76673
284	-8.91715
285	-20.5849
286	-5.19168
