#SITE	SITE_LOG_LIKELIHOOD
1	-15.1465
2	-10.6944
3	-101.045
4	-15.7967
5	-5.83504
6	-10.7882
7	-7.46583
8	-8.14154
9	-9.07564
10	-12.9646
11	-22.9511
12	-7.93495
13	-9.07093
14	-22.365
15	-13.0764
16	-6.99622
17	-14.2771
18	-41.7579
19	-15.9436
20	-12.8672
21	-17.7209
22	-30.8086
23	-18.7047
24	-10.0715
25	-32.6753
26	-18.4609
27	-24.7103
28	-5.52564
29	-23.0172
30	-9.00063
31	-17.7244
32	-10.5181
33	-5.97263
34	-6.35605
35	-15.783
36	-6.50072
37	-19.1114
38	-14.4551
39	-6.58389
40	-4.28735
41	-8.23477
42	-14.4246
43	-22.4099
44	-22.3388
45	-41.492
46	-8.26633
47	-84.6827
48	-17.9255
49	-10.6416
50	-16.4366
51	-11.5864
52	-11.5301
53	-23.9203
54	-9.77415
55	-8.14434
56	-12.1729
57	-10.4415
58	-21.3379
59	-27.6528
60	-26.7985
61	-28.3042
62	-6.29069
63	-8.69778
64	-7.34752
65	-51.513
66	-13.2157
67	-13.0197
68	-19.0692
69	-22.0785
70	-8.22595
71	-5.09811
72	-69.353
73	-10.9924
74	-13.3144
75	-16.0879
76	-20.4905
77	-10.7193
78	-13.427
79	-19.0774
80	-7.91707
81	-8.64246
82	-53.5346
83	-8.68048
84	-16.7984
85	-7.3754
86	-11.1625
87	-13.058
88	-24.2641
89	-7.83352
90	-34.2425
91	-12.843
92	-11.654
93	-11.3547
94	-5.95242
95	-2.94063
96	-5.85712
97	-7.73036
98	-7.89609
99	-6.17538
100	-10.5635
101	-9.75518
102	-6.40039
103	-26.6991
104	-11.7556
105	-6.95206
106	-13.649
107	-5.53943
108	-8.5918
109	-4.58863
110	-6.96959
111	-29.0153
112	-12.1826
113	-8.69142
114	-24.8865
115	-8.5185
116	-10.7529
117	-11.9434
118	-13.4373
119	-4.72335
120	-12.8977
121	-4.66718
122	-24.5014
123	-18.824
124	-11.4818
125	-61.0669
126	-17.2259
127	-14.9406
128	-19.6785
129	-72.361
130	-14.1574
131	-6.58848
132	-15.3633
133	-19.8717
134	-10.0233
135	-12.2474
136	-18.9676
137	-15.2392
138	-22.9004
139	-13.1415
140	-19.9851
141	-6.46375
142	-12.3563
143	-6.8037
144	-27.442
145	-10.1774
146	-17.3575
147	-8.64358
148	-11.9689
149	-48.1005
150	-33.5995
151	-7.87298
152	-14.5692
153	-26.6466
154	-13.9394
155	-9.93791
156	-60.7329
157	-14.5418
158	-15.1889
159	-92.2351
160	-10.4916
161	-20.7759
162	-14.2849
163	-7.36865
164	-10.2772
165	-15.0955
166	-15.3122
167	-6.96017
168	-6.96074
169	-9.57126
170	-46.4977
171	-23.6903
172	-34.7818
173	-5.73777
174	-11.835
175	-24.4991
176	-19.2129
177	-14.0404
178	-6.50962
179	-14.726
180	-15.7108
181	-17.2217
182	-6.31198
183	-18.3935
184	-5.23691
185	-37.7076
186	-7.7016
187	-7.1572
188	-16.5587
189	-15.1825
190	-10.6826
191	-7.51068
192	-10.3005
193	-11.3182
194	-15.6053
195	-7.09223
196	-76.3234
197	-18.5805
198	-14.5633
199	-35.0173
200	-8.90027
201	-7.81724
202	-8.58461
203	-7.25663
204	-10.1387
205	-20.9992
206	-7.21597
207	-5.78434
208	-10.9564
209	-16.448
210	-15.1479
211	-7.80999
212	-15.7093
213	-8.73379
214	-11.1613
215	-16.3108
216	-7.6943
217	-18.1615
218	-10.7024
219	-7.08325
220	-8.21219
221	-7.77785
222	-9.57759
223	-19.6489
224	-10.8291
225	-18.0062
226	-14.6309
227	-24.8338
228	-19.4138
229	-35.4276
230	-5.40772
231	-33.3294
232	-32.4051
233	-22.2817
234	-17.8779
235	-15.1446
236	-20.307
237	-10.1464
238	-17.5093
239	-9.20665
240	-16.1264
241	-8.76827
242	-26.5185
243	-11.8027
244	-12.661
245	-11.4541
246	-5.10076
247	-17.3146
248	-74.2594
249	-19.8917
250	-8.10699
251	-5.85416
252	-14.1454
253	-12.4598
254	-8.16269
255	-15.1412
256	-5.898
257	-7.4757
258	-7.37356
259	-12.9554
260	-11.325
261	-8.32647
262	-9.30845
263	-38.5656
264	-10.2862
265	-19.0941
266	-7.91203
267	-12.2758
268	-7.50534
269	-74.4664
270	-7.80176
271	-20.663
272	-11.666
273	-10.5413
274	-10.6902
275	-13.344
276	-6.32122
277	-8.12605
278	-20.6873
279	-19.5426
280	-18.3969
281	-9.4919
282	-14.6049
283	-21.4379
284	-6.80364
285	-5.92992
286	-9.04614
