#SITE	SITE_LOG_LIKELIHOOD
1	-4.3667
2	-4.29538
3	-3.92153
4	-4.86554
5	-4.37866
6	-4.8595
7	-3.90242
8	-3.94601
9	-4.36727
10	-4.35284
11	-3.84591
12	-3.88825
13	-4.31135
14	-4.15123
15	-4.82019
16	-3.84405
17	-4.33119
18	-4.28187
19	-4.89735
20	-5.29171
21	-3.93658
22	-3.8867
23	-3.81406
24	-4.40143
25	-17.6504
26	-12.4983
27	-15.8641
28	-3.87943
29	-4.39969
30	-4.35914
31	-4.07186
32	-4.36469
33	-5.2803
34	-5.32122
35	-10.6749
36	-4.88768
37	-4.38469
38	-11.1983
39	-4.271
40	-3.79775
41	-4.8703
42	-4.11144
43	-5.0485
44	-4.9467
45	-4.24431
46	-4.8778
47	-66.319
48	-3.95977
49	-3.84834
50	-4.32643
51	-3.88511
52	-3.80771
53	-10.7892
54	-4.41095
55	-4.83361
56	-4.33338
57	-3.87096
58	-12.6283
59	-26.1352
60	-24.6578
61	-11.726
62	-4.33128
63	-4.8805
64	-4.70716
65	-4.40937
66	-3.79398
67	-4.30171
68	-11.662
69	-4.41844
70	-4.84567
71	-4.73456
72	-17.5487
73	-4.78668
74	-5.45119
75	-10.4562
76	-10.364
77	-3.85242
78	-4.01371
79	-10.9017
80	-4.36652
81	-5.3893
82	-49.8901
83	-4.42959
84	-4.38151
85	-3.85694
86	-4.00265
87	-4.2759
88	-16.2109
89	-4.93563
90	-10.5528
91	-4.89955
92	-3.90614
93	-4.43724
94	-4.38846
95	-4.0358
96	-4.38769
97	-4.89685
98	-4.38975
99	-3.90883
100	-4.77207
101	-4.84183
102	-5.38636
103	-21.8647
104	-4.94558
105	-4.30414
106	-4.39995
107	-4.71954
108	-4.40566
109	-4.44089e-16
110	-4.37165
111	-4.36607
112	-10.1527
113	-4.4085
114	-4.88332
115	-4.28976
116	-4.40184
117	-4.36905
118	-9.81197
119	-3.8091
120	-4.75191
121	-4.70311
122	-11.1849
123	-4.07489
124	-3.71583
125	-25.1867
126	-12.6568
127	-3.88275
128	-10.0674
129	-10.4769
130	-4.2123
131	-4.27113
132	-4.08296
133	-5.09701
134	-5.16198
135	-4.30126
136	-9.66822
137	-5.06574
138	-18.2654
139	-4.0467
140	-9.89387
141	-4.86415
142	-4.55636
143	-4.27887
144	-16.8313
145	-4.41898
146	-4.09627
147	-3.90375
148	-4.87049
149	-30.0916
150	-23.5023
151	-4.36657
152	-10.3692
153	-4.33933
154	-4.82475
155	-4.35193
156	-19.1589
157	-11.7429
158	-4.07094
159	-44.5712
160	-3.94608
161	-10.482
162	-4.31898
163	-3.90215
164	-4.8875
165	-5.30287
166	-4.31581
167	-5.26186
168	-4.39808
169	-3.9879
170	-49.1027
171	-4.90074
172	-3.90615
173	-3.8954
174	-3.93254
175	-12.0899
176	-12.5641
177	-4.87536
178	-3.81338
179	-4.47373
180	-5.37402
181	-4.1107
182	-5.37358
183	-9.84562
184	-4.69491
185	-24.349
186	-4.39948
187	-3.82007
188	-4.64291
189	-4.39695
190	-5.39895
191	-4.36229
192	-4.37312
193	-4.80806
194	-4.43697
195	-4.85782
196	-19.6283
197	-3.89421
198	-9.89132
199	-3.91316
200	-4.41813
201	-4.86315
202	-4.87572
203	-3.87087
204	-4.28547
205	-4.57348
206	-4.35456
207	-4.35725
208	-4.64762
209	-11.6401
210	-12.7853
211	-3.8819
212	-9.99201e-16
213	-4.37465
214	-4.43232
215	-10.4504
216	-4.39376
217	-10.6341
218	-3.90416
219	-4.23976
220	-4.43922
221	-3.91564
222	-3.90086
223	-4.34445
224	-4.48111
225	-11.3825
226	-3.86229
227	-4.86871
228	-4.17676
229	-18.1102
230	-3.70025
231	-3.82999
232	-11.7606
233	-11.2742
234	-4.56229
235	-4.31283
236	-12.3726
237	-4.40058
238	-4.40328
239	-4.41631
240	-11.8793
241	-4.79514
242	-4.37592
243	-3.84743
244	-9.79101
245	-4.34594
246	-4.77446
247	-5.5413
248	-42.5321
249	-4.38217
250	-4.39832
251	-4.87845
252	-10.6137
253	-10.159
254	-4.90121
255	-3.87902
256	-4.12363
257	-4.33627
258	-4.31987
259	-5.03226
260	-3.90418
261	-4.32606
262	-4.4104
263	-4.32256
264	-4.46336
265	-4.87566
266	-3.88307
267	-4.3703
268	-4.8577
269	-10.6198
270	-4.85786
271	-10.6157
272	-5.42961
273	-4.41165
274	-4.99971
275	-5.49405
276	-4.37074
277	-5.33021
278	-4.02958
279	-4.64828
280	-11.7307
281	-3.9325
282	-4.50259
283	-11.1944
284	-4.34096
285	-4.85959
286	-4.30085
