#SITE	SITE_LOG_LIKELIHOODS
1	-3.806402008937923
2	-12.39950457656604
3	-17.11224172886819
4	-25.2995441389555
5	-4.796304118266105
6	-42.47083325627374
7	-13.06593390689193
8	-5.494853741832916
9	-4.068195686600639
10	-3.962857175030452
11	-4.63795797511622
12	-4.942180202004356
13	-3.774107439091871
14	-10.18809931142549
15	-4.963198390212356
16	-10.18301976123941
17	-3.774107439091871
18	-5.232988197278706
19	-30.19240957289034
20	-5.454570347633517
21	-4.445952949755308
22	-3.774107439091871
23	-4.134899039867769
24	-5.120378556362147
25	-4.247090674675422
26	-10.52389710839932
27	-4.246542770105731
28	-12.93845903707804
29	-5.45859329175014
30	-4.35984451491211
31	-4.67914094797627
32	-4.35984451491211
33	-15.94448401160074
34	-4.134899039867769
35	-3.845284168827114
36	-10.72152474260787
37	-25.75281674925473
38	-14.80722726513337
39	-3.93002920589078
40	-14.33618221571699
41	-17.56765076545867
42	-18.79266639223355
43	-3.93002920589078
44	-4.866201833236512
45	-4.17718981138829
46	-15.85005200602814
47	-3.972204478875829
48	-3.723704935317071
49	-5.479356819126766
50	-4.508001921679001
51	-5.590552574558926
52	-3.93002920589078
53	-4.400259808612547
54	-4.17718981138829
55	-3.962857175030452
56	-3.993516542886876
57	-4.533436172522046
58	-3.774107439091871
59	-4.273667399085215
60	-4.942180202004356
61	-3.845284168827114
62	-10.52389710839932
63	-4.339545204414503
64	-3.774107439091871
65	-4.247090674675422
66	-3.806402008937923
67	-51.02964207138227
68	-5.590552574558926
69	-4.545420377627984
70	-3.774107439091871
71	-4.35984451491211
72	-4.445952949755308
73	-3.972204478875829
74	-4.83238231879761
75	-6.003892023598149
76	-11.89456491257803
77	-4.963198390212356
78	-14.72627845790529
79	-4.726570858178552
80	-4.99340478573966
81	-4.339545204414503
82	-11.81463271215029
83	-4.630283086805051
84	-4.068195686600639
85	-4.664548200771049
86	-4.517842039898076
87	-14.62302867868461
88	-4.517842039898076
89	-5.479356819126766
90	-3.93002920589078
91	-4.273667399085215
92	-4.273667399085215
93	-4.624099154273449
94	-5.120378556362147
95	-6.099669953374086
96	-5.069730278523974
97	-15.20048832545709
98	-13.53888706847673
99	-4.630283086805051
100	-13.89897334958286
101	-4.445952949755308
102	-49.43475281017511
103	-4.866201833236512
104	-5.469234578281029
105	-4.247090674675422
106	-5.494853741832916
107	-5.019865244518464
108	-3.845284168827114
109	-4.400259808612547
110	-4.796304118266105
111	-3.962857175030452
112	-4.246542770105731
113	-3.723704935317071
114	-5.049093483858606
115	-3.806402008937923
116	-5.019865244518464
117	-4.67914094797627
118	-5.413806384028169
119	-3.845284168827114
120	-4.726570858178552
121	-5.232988197278706
122	-4.533436172522046
123	-4.134899039867769
124	-4.068195686600639
125	-11.65321312115246
126	-4.950612454376565
127	-3.806402008937923
128	-20.84887002267715
129	-3.723704935317071
130	-4.508001921679001
131	-4.545420377627984
132	-29.48297004726742
133	-4.068195686600639
134	-12.51885958212931
135	-10.95401356189424
136	-9.411148905990258
137	-3.972204478875829
138	-5.019865244518464
139	-4.246542770105731
140	-4.17718981138829
141	-4.693995036661798
142	-4.693995036661798
143	-11.34659171955487
144	-12.75320632645263
145	-3.993516542886876
146	-12.93647112421984
147	-4.950612454376565
148	-4.134899039867769
149	-3.774107439091871
150	-4.962787381914486
151	-5.120378556362147
152	-4.508001921679001
153	-3.806402008937923
154	-14.44090635010003
155	-3.723704935317071
156	-4.796304118266105
157	-13.22409199328767
158	-43.84212522979166
159	-4.273667399085215
160	-3.962857175030452
161	-14.12873291378362
162	-94.00492691964384
163	-20.57670340767533
164	-11.33419681586286
165	-4.956723048216833
166	-10.12697765971041
167	-3.972204478875829
168	-13.34671525281504
169	-8.483249246363533
170	-4.068195686600639
171	-4.624099154273449
172	-4.247090674675422
173	-12.88963563241034
174	-4.630283086805051
175	-3.993516542886876
176	-13.09720446914862
177	-14.49747192391031
178	-4.950612454376565
179	-4.246542770105731
180	-37.54879329530955
181	-5.454570347633517
182	-28.25851952379119
183	-12.16295532318333
184	-12.03554604370017
185	-11.10708411154535
186	-22.4767694006023
187	-4.246542770105731
188	-4.962787381914486
189	-4.273667399085215
190	-12.75161653946087
191	-4.83238231879761
192	-4.726570858178552
193	-4.545420377627984
194	-25.69660484892731
195	-3.845284168827114
196	-4.83238231879761
197	-3.962857175030452
198	-4.545420377627984
199	-4.83238231879761
200	-4.134899039867769
201	-4.99340478573966
202	-6.163906277478622
203	-12.42258248245109
204	-10.81111946157554
205	-4.726570858178552
206	-4.624099154273449
207	-4.630283086805051
208	-4.451447148916842
209	-3.806402008937923
210	-3.961765619439436
211	-4.963198390212356
212	-3.723704935317071
213	-4.35984451491211
214	-12.15166247391917
215	-4.058043438473891
216	-10.58695992806968
217	-4.247090674675422
218	-15.50261266434669
219	-16.97753458438984
220	-4.273667399085215
221	-6.058946384212339
222	-12.89321394538203
223	-3.962857175030452
224	-4.956723048216833
225	-9.159266551630372
226	-5.049093483858606
227	-4.451447148916842
228	-3.774107439091871
229	-4.63795797511622
230	-4.134899039867769
231	-3.723704935317071
232	-4.35984451491211
233	-12.44336986581802
234	-4.693995036661798
235	-16.4390157035287
236	-36.64373040689789
237	-42.78684550063898
238	-4.339545204414503
239	-34.61811814452734
240	-5.069730278523974
241	-33.30790035135271
242	-3.93002920589078
243	-4.17718981138829
244	-4.63795797511622
245	-4.049402861078595
246	-4.058043438473891
247	-3.972204478875829
248	-4.664548200771049
249	-4.247090674675422
250	-3.723704935317071
251	-3.93002920589078
252	-4.400259808612547
253	-4.942180202004356
254	-4.99340478573966
255	-4.339545204414503
256	-4.17718981138829
257	-4.67914094797627
258	-4.445952949755308
259	-10.05449638970627
260	-4.866201833236512
261	-22.02398629127767
262	-4.246542770105731
263	-4.664548200771049
264	-22.60231961542564
265	-10.64905886093639
266	-4.058043438473891
267	-4.545420377627984
268	-3.806402008937923
269	-3.723704935317071
270	-3.845284168827114
271	-45.57244542167292
272	-17.74277994781553
273	-5.413806384028169
274	-4.780933836238539
275	-12.93251471292167
276	-25.63732307944629
277	-3.993516542886876
278	-11.15185180552952
279	-3.928483490045104
280	-8.630801597462224
281	-11.8230279628569
282	-10.43315367458923
283	-9.015957209955337
284	-8.961304105105043
285	-21.97697728209443
286	-4.44906780753677
