#SITE	SITE_LOG_LIKELIHOOD
1	-1.33227e-15
2	-4.44089e-16
3	-11.4816
4	-23.8831
5	-21.653
6	-18.2748
7	-3.53442
8	-4.38671
9	-5.00693
10	-5.36481
11	-4.2655
12	-4.34131
13	-3.78029
14	-5.16032
15	-3.70895
16	-17.5034
17	-4.28666
18	-4.92464
19	-4.66202
20	-13.1012
21	-4.40141
22	-3.89943
23	-10.7938
24	-4.37151
25	-3.48448
26	-4.57503
27	-4.16739
28	-4.44281
29	-4.25889
30	-5.02586
31	-4.35119
32	-5.49149
33	-62.8029
34	-3.47595
35	-2.90471
36	-4.55617
37	-10.2908
38	-10.0594
39	-4.20568
40	-2.78885
41	-29.4213
42	-3.7253
43	-2.03616
44	-3.49183
45	-10.3724
46	-4.48926
47	-4.09814
48	-3.63905
49	-3.53803
50	-3.94404
51	-3.84311
52	-2.55775
53	-3.66932
54	-17.7003
55	-3.62637
56	-4.06675
57	-3.40131
58	-9.90648
59	-2.27033
60	-3.57925
61	-4.89747
62	-4.30759
63	-3.02657
64	-2.3137
65	-1.91268
66	-3.81895
67	-10.292
68	-1.66047
69	-10.3449
70	-4.35081
71	-2.50258
72	-3.89883
73	-9.58202
74	-2.5929
75	-3.14356
76	-2.71617
77	-4.08575
78	-2.62839
79	-2.15443
80	-10.5715
81	-3.14564
82	-3.54451
83	-3.04782
84	-3.74697
85	-9.88236
86	-4.37384
87	-3.84981
88	-4.31157
89	-3.24376
90	-4.13781
91	-3.29202
92	-4.76173
93	-3.43779
94	-4.49707
95	-3.56873
96	-11.3354
97	-4.58251
98	-3.91637
99	-4.49465
100	-2.9907
101	-4.00878
102	-10.3426
103	-3.52797
104	-2.69977
105	-2.5332
106	-3.89106
107	-3.24902
108	-4.88686
109	-5.76122
110	-47.9365
111	-4.63901
112	-3.95937
113	-4.26136
114	-8.08721
115	-3.38825
116	-3.51804
117	-8.7834
118	-10.1235
119	-9.20346
120	-2.41404
121	-50.559
122	-3.91462
123	-2.39404
124	-2.6826
125	-4.06651
126	-3.93707
127	-11.254
128	-1.80019
129	-1.18906
130	-2.13086
131	-3.48559
132	-1.96095
133	-2.66547
134	-2.83259
135	-8.38923
136	-21.7275
137	-2.93655
138	-3.64986
139	-9.63424
140	-11.3985
141	-2.56773
142	-2.0594
143	-2.48365
144	-11.6902
145	-4.22454
146	-3.4606
147	-4.51856
148	-3.92561
149	-11.2338
150	-4.03735
151	-3.59848
152	-12.0221
153	-4.72532
154	-16.4082
155	-0.931506
156	-11.1149
157	-4.38265
158	-2.64843
159	-2.88211
160	-4.23899
161	-2.69895
162	-2.89782
163	-4.11916
164	-1.61419
165	-3.85098
166	-5.09424
167	-3.27999
168	-4.26481
169	-4.44151
170	-3.55422
171	-5.01654
172	-3.81335
173	-3.74855
174	-2.4734
175	-3.79986
176	-3.11157
177	-0.857276
178	-2.62115
179	-2.82529
180	-4.2037
181	-13.9611
182	-3.89175
183	-4.13359
184	-3.20479
185	-10.9152
186	-3.82594
187	-3.57327
188	-3.19869
189	-3.64773
190	-5.05329
191	-2.85923
192	-3.29695
193	-4.58746
194	-4.09353
195	-4.0164
196	-4.39144
197	-2.74452
198	-4.09631
199	-4.05166
200	-4.47497
201	-3.43412
202	-4.14142
203	-3.51202
204	-12.1381
205	-2.30111
206	-3.99559
207	-4.25215
208	-1.42665
209	-2.17388
210	-3.99907
211	-11.9603
212	-3.20215
213	-22.6853
214	-3.39067
215	-2.52474
216	-3.88707
217	-3.62879
218	-2.83413
219	-3.16457
220	-7.96103
221	-4.35165
222	-4.35914
223	-3.47243
224	-2.48885
225	-3.99699
226	-3.38096
227	-0.806506
228	-4.51924
229	-2.9627
230	-2.49636
231	-2.75877
232	-7.15349
233	-3.04713
234	-2.85484
235	-3.14379
236	-16.5189
237	-43.5271
238	-9.50002
239	-2.25471
240	-9.98409
241	-2.06006
242	-10.1072
243	-3.84586
244	-2.79577
245	-2.45665
246	-3.50132
247	-3.37147
248	-1.43784
249	-3.08806
250	-12.5869
251	-4.6297
252	-5.63704
253	-4.039
254	-4.38015
255	-23.8693
256	-22.27
257	-8.03472
258	-3.07344
259	-10.6899
260	-3.42247
261	-3.87778
262	-3.79387
263	-4.44911
264	-40.318
265	-16.4493
266	-3.70807
267	-4.32694
268	-4.37197
269	-3.71094
270	-4.25431
271	-18.5391
272	-9.30313
273	-4.59655
274	-11.3351
275	-3.21722
276	-3.52115
277	-3.82726
278	-15.7736
279	-2.71163
280	-9.55846
281	-3.49119
282	-13.1222
283	-4.12595
284	-10.1542
285	-4.04771
286	-1.30016
