#SITE	SITE_LOG_LIKELIHOODS
1	-4.434526068904129
2	-16.28290894805646
3	-17.83324164394069
4	-25.38534388851853
5	-4.383428750781028
6	-40.11686215532777
7	-13.52487533844968
8	-4.605434683016762
9	-4.712388266143652
10	-4.420341079908249
11	-4.349272264839525
12	-4.937213544491942
13	-4.685425860278198
14	-11.46722396810712
15	-4.551302757282586
16	-10.86296306065666
17	-4.685425860278198
18	-5.403456374756066
19	-33.95019278691019
20	-4.549723979427437
21	-4.183068089426716
22	-4.685425860278198
23	-4.302117986180273
24	-4.789533692093447
25	-4.695527087422737
26	-11.27698395245046
27	-4.749073489866711
28	-12.76793841498487
29	-4.439526091954149
30	-4.483445511331189
31	-4.341886676437841
32	-4.483445511331189
33	-18.94419753541238
34	-4.302117986180273
35	-4.261940656330471
36	-11.16369546486903
37	-25.05115953045536
38	-12.96140326096643
39	-4.489077310251637
40	-15.95472539163398
41	-19.77200106809484
42	-18.36970028514082
43	-4.489077310251637
44	-5.074428795325668
45	-4.757950462161999
46	-16.42817796466342
47	-4.711042268607871
48	-4.108545790596899
49	-4.816518098457535
50	-4.74909966848494
51	-5.048377752214884
52	-4.489077310251637
53	-4.578513534814263
54	-4.757950462161999
55	-4.420341079908249
56	-4.361915748269901
57	-4.658624354614183
58	-4.685425860278198
59	-5.125982992194338
60	-4.937213544491942
61	-4.261940656330471
62	-11.27698395245046
63	-4.749825868046353
64	-4.685425860278198
65	-4.695527087422737
66	-4.434526068904129
67	-52.65805186211436
68	-5.048377752214884
69	-4.510148939276656
70	-4.685425860278198
71	-4.483445511331189
72	-4.183068089426716
73	-4.711042268607871
74	-4.628689087362933
75	-5.035843649057025
76	-11.9776309005338
77	-4.551302757282586
78	-12.20328423745717
79	-4.893553914943094
80	-5.234543159210994
81	-4.749825868046353
82	-11.96849540184483
83	-4.540697436366799
84	-4.712388266143652
85	-4.728692776411703
86	-4.50239703757874
87	-14.93928670859481
88	-4.50239703757874
89	-4.816518098457535
90	-4.489077310251637
91	-5.125982992194338
92	-5.125982992194338
93	-4.426805797793016
94	-4.789533692093447
95	-4.698304024287841
96	-4.862677127694778
97	-14.91301682259197
98	-13.28413422972786
99	-4.540697436366799
100	-12.03729953966195
101	-4.183068089426716
102	-48.46195256506836
103	-5.074428795325668
104	-4.980423833774196
105	-4.695527087422737
106	-4.605434683016762
107	-4.658177365641003
108	-4.261940656330471
109	-4.578513534814263
110	-4.383428750781028
111	-4.420341079908249
112	-4.749073489866711
113	-4.108545790596899
114	-4.883435790106146
115	-4.434526068904129
116	-4.658177365641003
117	-4.341886676437841
118	-4.819496807758494
119	-4.261940656330471
120	-4.893553914943094
121	-5.403456374756066
122	-4.658624354614183
123	-4.302117986180273
124	-4.712388266143652
125	-12.1732794284621
126	-4.903345252976607
127	-4.434526068904129
128	-20.39080711666425
129	-4.108545790596899
130	-4.74909966848494
131	-4.510148939276656
132	-26.51126644475675
133	-4.712388266143652
134	-12.22510736000294
135	-11.31031741924429
136	-10.76558670177398
137	-4.711042268607871
138	-4.658177365641003
139	-4.749073489866711
140	-4.757950462161999
141	-4.63114221371514
142	-4.63114221371514
143	-10.46531401334394
144	-15.31400548578968
145	-4.361915748269901
146	-11.25109214147987
147	-4.903345252976607
148	-4.302117986180273
149	-4.685425860278198
150	-4.982521174922525
151	-4.789533692093447
152	-4.74909966848494
153	-4.434526068904129
154	-15.95248625774765
155	-4.108545790596899
156	-4.383428750781028
157	-10.61907789091356
158	-42.00962121748326
159	-5.125982992194338
160	-4.420341079908249
161	-13.2985089952755
162	-82.36586067436583
163	-18.63168223481301
164	-10.65431605543399
165	-4.785070866788339
166	-10.66760188961706
167	-4.711042268607871
168	-11.85811496021097
169	-8.93141922478109
170	-4.712388266143652
171	-4.426805797793016
172	-4.695527087422737
173	-12.55620170741897
174	-4.540697436366799
175	-4.361915748269901
176	-14.77793234549723
177	-13.85957345816922
178	-4.903345252976607
179	-4.749073489866711
180	-38.16095192224564
181	-4.549723979427437
182	-28.63377712375314
183	-11.82633958126955
184	-11.08256404888596
185	-10.89740099226669
186	-20.15581124950048
187	-4.749073489866711
188	-4.982521174922525
189	-5.125982992194338
190	-11.82951084969465
191	-4.628689087362933
192	-4.893553914943094
193	-4.510148939276656
194	-21.44934799076522
195	-4.261940656330471
196	-4.628689087362933
197	-4.420341079908249
198	-4.510148939276656
199	-4.628689087362933
200	-4.302117986180273
201	-5.234543159210994
202	-4.994313322303675
203	-11.51631524509414
204	-10.62814052784699
205	-4.893553914943094
206	-4.426805797793016
207	-4.540697436366799
208	-5.157148739817768
209	-4.434526068904129
210	-4.325117547974219
211	-4.551302757282586
212	-4.108545790596899
213	-4.483445511331189
214	-9.836712322939572
215	-4.456457549331822
216	-10.90227970940211
217	-4.695527087422737
218	-16.04420016892675
219	-18.41434238183891
220	-5.125982992194338
221	-5.07571313895989
222	-12.82920875527082
223	-4.420341079908249
224	-4.785070866788339
225	-9.139093379803947
226	-4.883435790106146
227	-5.157148739817768
228	-4.685425860278198
229	-4.349272264839525
230	-4.302117986180273
231	-4.108545790596899
232	-4.483445511331189
233	-12.2689733336191
234	-4.63114221371514
235	-17.09484898843294
236	-41.34388036045567
237	-39.65069785694586
238	-4.749825868046353
239	-36.29466519814857
240	-4.862677127694778
241	-31.04233653531089
242	-4.489077310251637
243	-4.757950462161999
244	-4.349272264839525
245	-4.442270002759449
246	-4.456457549331822
247	-4.711042268607871
248	-4.728692776411703
249	-4.695527087422737
250	-4.108545790596899
251	-4.489077310251637
252	-4.578513534814263
253	-4.937213544491942
254	-5.234543159210994
255	-4.749825868046353
256	-4.757950462161999
257	-4.341886676437841
258	-4.183068089426716
259	-10.13487428047136
260	-5.074428795325668
261	-22.15242781328941
262	-4.749073489866711
263	-4.728692776411703
264	-22.15910213089825
265	-10.46983974172294
266	-4.456457549331822
267	-4.510148939276656
268	-4.434526068904129
269	-4.108545790596899
270	-4.261940656330471
271	-48.54496860444853
272	-16.79299746122263
273	-4.819496807758494
274	-4.596465536160322
275	-12.73109628525279
276	-28.9791030831042
277	-4.361915748269901
278	-9.889559266287758
279	-4.487404361110692
280	-8.522470259565406
281	-11.05972965235444
282	-9.843167877712329
283	-8.672604584507667
284	-8.693470543274371
285	-19.7461090686467
286	-5.15410850960991
