#SITE	SITE_LOG_LIKELIHOOD
1	-5.4812
2	-16.7479
3	-29.2873
4	-50.8107
5	-27.0527
6	-58.9116
7	-15.6259
8	-10.032
9	-12.5781
10	-7.81041
11	-7.68891
12	-8.2147
13	-9.82499
14	-14.446
15	-7.42581
16	-34.5001
17	-9.82499
18	-13.389
19	-46.2292
20	-18.0369
21	-8.96917
22	-12.6747
23	-14.1616
24	-10.7774
25	-8.61598
26	-15.6827
27	-8.99904
28	-15.0762
29	-8.95695
30	-8.79749
31	-9.87592
32	-7.19532
33	-77.5874
34	-10.1997
35	-6.38486
36	-16.3513
37	-34.4824
38	-21.8505
39	-12.3489
40	-19.2749
41	-45.7373
42	-22.318
43	-7.64567
44	-14.5705
45	-14.4498
46	-18.9295
47	-8.85293
48	-6.46859
49	-7.0614
50	-10.1834
51	-6.84331
52	-7.64567
53	-11.7011
54	-22.3701
55	-6.9891
56	-11.4681
57	-10.2474
58	-18.3953
59	-6.2587
60	-8.77036
61	-8.38433
62	-12.4304
63	-7.13368
64	-7.52595
65	-9.18796
66	-7.70572
67	-66.4736
68	-6.84331
69	-14.1694
70	-7.52595
71	-7.19532
72	-8.96917
73	-14.8366
74	-7.07323
75	-9.78642
76	-13.8045
77	-6.76912
78	-15.2422
79	-7.34468
80	-16.5694
81	-7.83557
82	-15.0615
83	-7.58354
84	-5.86499
85	-14.3094
86	-10.542
87	-17.5849
88	-7.88099
89	-7.0614
90	-9.32909
91	-7.81232
92	-11.6422
93	-8.34494
94	-8.23397
95	-7.80807
96	-17.8756
97	-17.5846
98	-18.1089
99	-7.58354
100	-13.5267
101	-8.68096
102	-73.7988
103	-7.91349
104	-7.57915
105	-8.61598
106	-7.21647
107	-10.0845
108	-6.38486
109	-8.30178
110	-53.0122
111	-5.10385
112	-9.11714
113	-7.56503
114	-12.7572
115	-7.70572
116	-7.68937
117	-14.765
118	-15.2448
119	-11.9248
120	-8.30776
121	-47.3942
122	-10.2474
123	-6.73854
124	-5.86499
125	-15.0687
126	-6.83973
127	-14.854
128	-22.3838
129	-6.46859
130	-7.82744
131	-9.41925
132	-29.3182
133	-5.86499
134	-14.6519
135	-19.4496
136	-32.3333
137	-5.72227
138	-9.13608
139	-13.7617
140	-15.6017
141	-8.31919
142	-8.31919
143	-13.3098
144	-27.5581
145	-8.69508
146	-13.4067
147	-7.73151
148	-6.73854
149	-13.9824
150	-5.09628
151	-8.87707
152	-18.9985
153	-9.05513
154	-31.2549
155	-7.56503
156	-16.7199
157	-14.8013
158	-42.2661
159	-6.2587
160	-5.10385
161	-15.8445
162	-107.697
163	-20.3058
164	-11.2257
165	-9.0708
166	-12.8448
167	-5.72227
168	-13.2772
169	-12.316
170	-7.42443
171	-9.89834
172	-9.18796
173	-16.0146
174	-6.68825
175	-9.7527
176	-17.2126
177	-14.6055
178	-6.83973
179	-8.27338
180	-49.4155
181	-21.1452
182	-33.8154
183	-17.2603
184	-12.8886
185	-20.3017
186	-22.3476
187	-8.32405
188	-6.40193
189	-6.2587
190	-13.8563
191	-6.62272
192	-7.34468
193	-7.71301
194	-26.2134
195	-9.63711
196	-9.66495
197	-6.9891
198	-9.41925
199	-10.781
200	-9.68461
201	-8.13615
202	-8.95205
203	-14.5006
204	-20.4543
205	-7.34468
206	-9.31888
207	-10.615
208	-7.4344
209	-7.70572
210	-8.8345
211	-16.6445
212	-6.46859
213	-24.0746
214	-13.6589
215	-7.35821
216	-12.7027
217	-8.61598
218	-20.8777
219	-23.6276
220	-12.2456
221	-8.17027
222	-17.1003
223	-6.9891
224	-7.74316
225	-12.0915
226	-6.77106
227	-7.4344
228	-7.52595
229	-7.68891
230	-6.73854
231	-6.46859
232	-13.4826
233	-16.69
234	-6.65343
235	-19.4783
236	-65.6907
237	-91.4766
238	-14.3431
239	-38.817
240	-17.3372
241	-35.9831
242	-23.555
243	-7.70713
244	-8.90749
245	-7.33789
246	-10.1632
247	-7.05871
248	-8.41252
249	-8.61598
250	-15.5094
251	-10.604
252	-8.30178
253	-10.2905
254	-12.4679
255	-28.9366
256	-26.3713
257	-13.4521
258	-8.68096
259	-20.1257
260	-8.90191
261	-30.2189
262	-10.1917
263	-9.45113
264	-71.5918
265	-27.1638
266	-6.75061
267	-9.41925
268	-7.70572
269	-9.11504
270	-7.47715
271	-74.1728
272	-25.4543
273	-10.7009
274	-15.8968
275	-13.2558
276	-32.4076
277	-7.81756
278	-24.3208
279	-7.64187
280	-17.4685
281	-14.0828
282	-17.0895
283	-11.8159
284	-18.3209
285	-24.6966
286	-7.41393
