#SITE	SITE_LOG_LIKELIHOODS
1	-4.28593853639888e-05
2	-4.28593853639888e-05
3	-13.96462974085719
4	-20.68390403565608
5	-19.32257646878353
6	-23.69002296262775
7	-3.363742393651728
8	-2.701290419526905
9	-5.549981830609301
10	-4.0192736290367
11	-3.933421624511856
12	-5.177807837947838
13	-2.701290419526905
14	-5.862056269266731
15	-2.828086942051695
16	-16.17302113038733
17	-2.701290419526905
18	-3.647307409185599
19	-2.701290419526905
20	-12.29310801298767
21	-4.825701764933071
22	-4.573774710082701
23	-12.12138218044791
24	-3.452128105236887
25	-3.647307409185599
26	-3.648216111379367
27	-3.647307409185599
28	-4.264473479134518
29	-4.120855048288047
30	-4.802649571734206
31	-4.0192736290367
32	-4.444145758015665
33	-78.57477430123676
34	-3.452128105236887
35	-3.770926102482851
36	-3.452128105236887
37	-10.6762879892371
38	-11.12010998288314
39	-4.781522037741026
40	-3.307842231422635
41	-27.61858477061848
42	-4.825701764933071
43	-3.307842231422635
44	-3.576447007553839
45	-12.17533752478432
46	-3.770926102482851
47	-3.576447007553839
48	-3.860315245717155
49	-2.701290419526905
50	-2.828086942051695
51	-3.452128105236887
52	-3.307842231422635
53	-3.363742393651728
54	-15.37527579067171
55	-2.701290419526905
56	-3.605129045176039
57	-2.828086942051695
58	-11.9302181338211
59	-3.363742393651728
60	-2.828086942051695
61	-3.860315245717155
62	-3.770926102482851
63	-3.363742393651728
64	-4.344352404160492
65	-4.790682079848293
66	-3.576447007553839
67	-11.49571076718082
68	-3.452128105236887
69	-10.25329811955743
70	-4.344352404160492
71	-4.444145758015665
72	-4.825701764933071
73	-10.9881501227153
74	-5.295446370563041
75	-5.395990252950239
76	-3.307842231422635
77	-4.898807578700405
78	-3.909912786467708
79	-2.701290419526905
80	-9.947204255570233
81	-4.456018515601343
82	-3.909912786467708
83	-3.860315245717155
84	-2.828086942051695
85	-13.55014521807611
86	-3.947661936730904
87	-3.770926102482851
88	-3.648216111379367
89	-2.701290419526905
90	-4.120855048288047
91	-5.334109702734923
92	-4.742245143454163
93	-3.933421624511856
94	-4.573774710082701
95	-4.68484003734289
96	-11.8679392784012
97	-3.648216111379367
98	-3.648216111379367
99	-3.860315245717155
100	-2.701290419526905
101	-3.909912786467708
102	-11.67152330245386
103	-5.843744399645092
104	-4.781522037741026
105	-3.647307409185599
106	-4.305895425379054
107	-3.452128105236887
108	-3.770926102482851
109	-4.444145758015665
110	-50.50832137423818
111	-4.264473479134518
112	-2.828086942051695
113	-3.947661936730904
114	-10.2635032940835
115	-3.576447007553839
116	-4.728095178192272
117	-10.69074386716724
118	-10.55397039596432
119	-9.226885312931932
120	-5.295446370563041
121	-38.68570350259091
122	-2.828086942051695
123	-2.828086942051695
124	-2.828086942051695
125	-4.0192736290367
126	-3.605129045176039
127	-11.77433272178395
128	-3.452128105236887
129	-3.860315245717155
130	-4.944037627594863
131	-3.452128105236887
132	-2.828086942051695
133	-2.828086942051695
134	-4.539853903047204
135	-8.450692177390254
136	-25.57815620061864
137	-2.701290419526905
138	-2.828086942051695
139	-10.83451290954779
140	-18.99089183845167
141	-3.307842231422635
142	-3.307842231422635
143	-4.790682079848293
144	-13.59933709425354
145	-4.762579020962075
146	-4.996598394504415
147	-5.276668679375402
148	-2.828086942051695
149	-16.92859971178144
150	-4.996598394504415
151	-3.363742393651728
152	-12.96941232900513
153	-3.933421624511856
154	-17.61205820587893
155	-3.947661936730904
156	-11.47576770326557
157	-4.305895425379054
158	-3.605129045176039
159	-3.363742393651728
160	-4.264473479134518
161	-3.947661936730904
162	-3.363742393651728
163	-4.134045103776828
164	-3.770926102482851
165	-4.728095178192272
166	-3.770926102482851
167	-2.701290419526905
168	-4.539853903047204
169	-4.120855048288047
170	-3.856014170639538
171	-4.264473479134518
172	-4.790682079848293
173	-3.307842231422635
174	-3.947661936730904
175	-2.828086942051695
176	-3.363742393651728
177	-3.947661936730904
178	-3.605129045176039
179	-5.276668679375402
180	-3.605129045176039
181	-20.71255703753856
182	-2.828086942051695
183	-3.452128105236887
184	-3.576447007553839
185	-9.925076993952677
186	-3.856014170639538
187	-3.605129045176039
188	-2.701290419526905
189	-3.363742393651728
190	-4.742245143454163
191	-2.701290419526905
192	-2.701290419526905
193	-3.605129045176039
194	-3.452128105236887
195	-3.648216111379367
196	-5.021284710533935
197	-2.701290419526905
198	-3.452128105236887
199	-2.828086942051695
200	-5.021284710533935
201	-4.781522037741026
202	-4.802649571734206
203	-4.456018515601343
204	-16.36235275157543
205	-2.701290419526905
206	-2.701290419526905
207	-3.648216111379367
208	-4.134045103776828
209	-3.576447007553839
210	-3.909912786467708
211	-13.75611773408968
212	-3.860315245717155
213	-25.25895580018566
214	-4.305895425379054
215	-2.828086942051695
216	-4.762579020962075
217	-3.647307409185599
218	-4.996598394504415
219	-3.933421624511856
220	-9.46836953899207
221	-5.177807837947838
222	-3.909912786467708
223	-2.701290419526905
224	-3.647307409185599
225	-3.856014170639538
226	-3.307842231422635
227	-4.134045103776828
228	-4.344352404160492
229	-3.933421624511856
230	-2.828086942051695
231	-3.860315245717155
232	-14.82814735927922
233	-3.605129045176039
234	-4.762579020962075
235	-6.025710174444833
236	-15.54693671763423
237	-35.42978478454494
238	-10.78885293583758
239	-5.307384815157202
240	-14.79157804400325
241	-3.363742393651728
242	-12.76965695423761
243	-4.0192736290367
244	-4.305895425379054
245	-2.828086942051695
246	-2.701290419526905
247	-4.264473479134518
248	-3.307842231422635
249	-3.647307409185599
250	-15.91363042607666
251	-4.944037627594863
252	-4.444145758015665
253	-4.898807578700405
254	-4.120855048288047
255	-19.95310744279051
256	-18.84259449422957
257	-9.988310692746998
258	-3.909912786467708
259	-13.26320939271642
260	-4.68484003734289
261	-2.701290419526905
262	-4.456018515601343
263	-3.860315245717155
264	-32.42269505153685
265	-19.60536217833878
266	-3.856014170639538
267	-3.452128105236887
268	-3.576447007553839
269	-2.828086942051695
270	-4.120855048288047
271	-20.15043139672495
272	-11.25742188239427
273	-3.648216111379367
274	-16.61868187665178
275	-3.933421624511856
276	-2.828086942051695
277	-5.332750733496158
278	-15.31088861595745
279	-3.307842231422635
280	-10.82353319358742
281	-3.856014170639538
282	-10.34301446516849
283	-3.933421615874424
284	-9.873425449705026
285	-4.567380535154539
286	-4.13144306781091
