#SITE	SITE_LOG_LIKELIHOOD
1	-1.55431e-15
2	-1.55431e-15
3	-12.025
4	-24.9802
5	-22.3676
6	-19.7981
7	-3.85712
8	-4.15134
9	-5.34506
10	-5.20744
11	-4.80778
12	-4.35777
13	-4.15134
14	-4.88913
15	-3.7506
16	-22.0986
17	-4.15134
18	-4.12947
19	-4.15134
20	-11.1936
21	-4.81071
22	-4.88995
23	-11.6822
24	-4.37572
25	-4.12947
26	-4.40201
27	-4.12947
28	-4.52448
29	-4.425
30	-4.7999
31	-5.20744
32	-5.4544
33	-54.0889
34	-4.37572
35	-4.82369
36	-4.37572
37	-10.5966
38	-10.597
39	-4.37125
40	-3.9359
41	-30.1507
42	-4.81071
43	-3.9359
44	-4.99596
45	-11.0763
46	-4.82369
47	-4.99596
48	-4.80208
49	-4.15134
50	-3.7506
51	-4.37572
52	-3.9359
53	-3.85712
54	-18.0073
55	-4.15134
56	-4.40933
57	-3.7506
58	-10.7204
59	-3.85712
60	-3.7506
61	-4.80208
62	-4.82369
63	-3.85712
64	-5.71165
65	-4.12698
66	-4.99596
67	-10.4802
68	-4.37572
69	-10.5796
70	-5.71165
71	-5.4544
72	-4.81071
73	-10.7271
74	-4.12585
75	-4.96687
76	-3.9359
77	-4.14908
78	-4.40699
79	-4.15134
80	-10.7064
81	-3.87395
82	-4.40699
83	-4.80208
84	-3.7506
85	-10.3142
86	-4.4035
87	-4.82369
88	-4.40201
89	-4.15134
90	-4.425
91	-4.21421
92	-5.05325
93	-4.80778
94	-4.88995
95	-5.57716
96	-11.7488
97	-4.40201
98	-4.40201
99	-4.80208
100	-4.15134
101	-4.40699
102	-10.2395
103	-5.18297
104	-4.37125
105	-4.12947
106	-4.40789
107	-4.37572
108	-4.82369
109	-5.4544
110	-50.1539
111	-4.52448
112	-3.7506
113	-4.4035
114	-10.1722
115	-4.99596
116	-4.40596
117	-10.656
118	-10.1994
119	-10.1862
120	-4.12585
121	-43.8824
122	-3.7506
123	-3.7506
124	-3.7506
125	-5.20744
126	-4.40933
127	-11.8818
128	-4.37572
129	-4.80208
130	-5.09338
131	-4.37572
132	-3.7506
133	-3.7506
134	-5.49204
135	-9.70517
136	-23.9622
137	-4.15134
138	-3.7506
139	-9.97242
140	-12.4777
141	-3.9359
142	-3.9359
143	-4.12698
144	-11.6045
145	-4.32609
146	-4.50524
147	-4.80796
148	-3.7506
149	-11.7815
150	-4.50524
151	-3.85712
152	-12.4456
153	-4.80778
154	-17.5707
155	-4.4035
156	-11.3266
157	-4.40789
158	-4.40933
159	-3.85712
160	-4.52448
161	-4.4035
162	-3.85712
163	-4.664
164	-4.82369
165	-4.40596
166	-4.82369
167	-4.15134
168	-5.49204
169	-4.425
170	-3.75044
171	-4.52448
172	-4.12698
173	-3.9359
174	-4.4035
175	-3.7506
176	-3.85712
177	-4.4035
178	-4.40933
179	-4.80796
180	-4.40933
181	-16.6028
182	-3.7506
183	-4.37572
184	-4.99596
185	-10.5073
186	-3.75044
187	-4.40933
188	-4.15134
189	-3.85712
190	-5.05325
191	-4.15134
192	-4.15134
193	-4.40933
194	-4.37572
195	-4.40201
196	-4.25575
197	-4.15134
198	-4.37572
199	-3.7506
200	-4.25575
201	-4.37125
202	-4.7999
203	-3.87395
204	-12.8415
205	-4.15134
206	-4.15134
207	-4.40201
208	-4.664
209	-4.99596
210	-4.40699
211	-12.291
212	-4.80208
213	-18.4967
214	-4.40789
215	-3.7506
216	-4.32609
217	-4.12947
218	-4.50524
219	-4.80778
220	-10.0938
221	-4.35777
222	-4.40699
223	-4.15134
224	-4.12947
225	-3.75044
226	-3.9359
227	-4.664
228	-5.71165
229	-4.80778
230	-3.7506
231	-4.80208
232	-9.89518
233	-4.40933
234	-4.32609
235	-4.14923
236	-17.5614
237	-45.1517
238	-9.90569
239	-4.33453
240	-11.1987
241	-3.85712
242	-19.3608
243	-5.20744
244	-4.40789
245	-3.7506
246	-4.15134
247	-4.52448
248	-3.9359
249	-4.12947
250	-13.06
251	-5.09338
252	-5.4544
253	-4.14908
254	-4.425
255	-25.9406
256	-24.3256
257	-9.9621
258	-4.40699
259	-12.6297
260	-5.57716
261	-4.15134
262	-3.87395
263	-4.80208
264	-48.5446
265	-16.9535
266	-3.75044
267	-4.37572
268	-4.99596
269	-3.7506
270	-4.425
271	-19.4901
272	-11.2439
273	-4.40201
274	-11.9965
275	-4.80778
276	-3.7506
277	-3.93933
278	-15.8881
279	-3.9359
280	-9.98764
281	-3.75044
282	-9.6796
283	-4.80778
284	-10.6613
285	-4.87309
286	-4.65298
