#SITE	SITE_LOG_LIKELIHOOD
1	-1.63319
2	-16.9406
3	-16.1978
4	-24.8206
5	-4.32975
6	-36.1699
7	-12.9724
8	-5.27572
9	-5.05814
10	-4.27086
11	-3.84886
12	-5.21468
13	-4.25344
14	-9.57595
15	-5.20332
16	-11.7714
17	-4.08361
18	-3.82292
19	-36.3882
20	-4.01171
21	-3.9216
22	-4.5097
23	-3.57113
24	-5.07323
25	-4.73861
26	-10.022
27	-3.62241
28	-12.1017
29	-5.14787
30	-4.20889
31	-3.62443
32	-4.52826
33	-26.7297
34	-4.2609
35	-2.10286
36	-10.4133
37	-18.5016
38	-11.8457
39	-5.07373
40	-12.3422
41	-18.5382
42	-22.2049
43	-2.43062
44	-2.78455
45	-4.31594
46	-16.4479
47	-4.08515
48	-3.07355
49	-4.2586
50	-5.12245
51	-4.2938
52	-3.21814
53	-4.99578
54	-4.71671
55	-4.15708
56	-4.60138
57	-4.67483
58	-4.3454
59	-3.22238
60	-5.37073
61	-4.91368
62	-10.2723
63	-3.97555
64	-1.43424
65	-2.28742
66	-3.69073
67	-59.0466
68	-2.06929
69	-2.24937
70	-3.12081
71	-1.42427
72	-3.37073
73	-4.33161
74	-3.1223
75	-3.19382
76	-10.4429
77	-4.87097
78	-13.7019
79	-2.42045
80	-4.91404
81	-4.21058
82	-10.1915
83	-2.56191
84	-5.28321
85	-4.56978
86	-4.77706
87	-14.3055
88	-4.70926
89	-3.57918
90	-5.10088
91	-3.72385
92	-4.91416
93	-3.17874
94	-5.24131
95	-2.69766
96	-4.84865
97	-11.4454
98	-11.9765
99	-4.34172
100	-9.69766
101	-4.46233
102	-65.6872
103	-2.92203
104	-2.75254
105	-3.20693
106	-4.52002
107	-3.41993
108	-4.62391
109	-5.0792
110	-3.92931
111	-4.42528
112	-5.3991
113	-4.73852
114	-2.67545
115	-2.98212
116	-3.66599
117	-3.39925
118	-5.01661
119	-3.62531
120	-2.56355
121	-2.2063
122	-5.10561
123	-3.08368
124	-3.80356
125	-9.66854
126	-4.3623
127	-4.45023
128	-28.2286
129	-0.828092
130	-1.77318
131	-3.58138
132	-23.6355
133	-3.66389
134	-10.1492
135	-9.14362
136	-15.6182
137	-3.70146
138	-5.07489
139	-4.82501
140	-3.42075
141	-3.12316
142	-2.55678
143	-8.35771
144	-13.4499
145	-5.07559
146	-9.01668
147	-4.28665
148	-5.32381
149	-3.67267
150	-3.92683
151	-5.07659
152	-5.11916
153	-4.69904
154	-13.3697
155	-1.17595
156	-5.1232
157	-10.5659
158	-34.1743
159	-4.07846
160	-4.08629
161	-11.5877
162	-99.2762
163	-17.1713
164	-14.4973
165	-4.14138
166	-9.88603
167	-3.98803
168	-9.54123
169	-9.79895
170	-4.85565
171	-5.09004
172	-5.14609
173	-10.7791
174	-2.56369
175	-5.17717
176	-16.4419
177	-14.8175
178	-2.98105
179	-2.55989
180	-48.0399
181	-2.59528
182	-24.8532
183	-11.4947
184	-8.74988
185	-8.74959
186	-21.008
187	-3.94931
188	-3.90369
189	-5.14784
190	-9.77438
191	-3.51025
192	-3.66993
193	-5.10696
194	-22.3361
195	-4.49084
196	-5.32407
197	-3.02525
198	-4.50537
199	-5.22283
200	-5.24642
201	-3.70825
202	-4.48419
203	-15.4226
204	-9.14714
205	-2.61917
206	-4.81979
207	-5.18769
208	-1.61993
209	-1.65722
210	-4.64558
211	-5.08944
212	-2.4813
213	-4.57821
214	-8.53463
215	-3.11935
216	-9.98852
217	-4.78433
218	-16.4155
219	-15.5855
220	-2.5824
221	-4.85207
222	-12.0561
223	-3.80171
224	-3.20984
225	-9.75507
226	-4.61212
227	-1.14704
228	-3.32991
229	-2.6926
230	-3.14016
231	-1.97388
232	-1.29295
233	-9.92239
234	-2.73853
235	-17.2345
236	-61.3342
237	-45.3704
238	-5.0186
239	-26.5098
240	-3.35538
241	-38.0697
242	-2.73954
243	-3.23644
244	-3.15152
245	-3.10542
246	-4.4961
247	-3.66134
248	-1.94997
249	-3.96244
250	-5.07341
251	-4.8077
252	-4.9306
253	-4.65975
254	-4.95187
255	-2.91585
256	-3.19217
257	-3.22009
258	-3.27966
259	-8.72877
260	-2.84438
261	-21.6212
262	-4.35259
263	-3.60844
264	-22.0292
265	-10.5771
266	-5.05114
267	-4.87859
268	-4.0618
269	-5.08544
270	-4.70255
271	-59.3185
272	-16.0085
273	-4.93256
274	-4.84935
275	-13.5013
276	-29.3426
277	-4.77955
278	-7.2075
279	-3.46725
280	-9.15018
281	-9.26082
282	-8.39187
283	-7.80488
284	-8.80483
285	-20.2812
286	-1.39233
