#SITE	SITE_LOG_LIKELIHOODS
1	-4.285938536421085e-05
2	-4.285938536421085e-05
3	-13.6173224183727
4	-19.45765530178674
5	-20.68819190800956
6	-24.62601503650279
7	-3.465668993379885
8	-2.716582280351107
9	-5.564080572432097
10	-4.068414350522436
11	-4.096871398777594
12	-5.212307520895103
13	-2.716582280351107
14	-5.901267285210383
15	-2.911771823976237
16	-19.9115078429586
17	-2.716582280351107
18	-3.650993070500753
19	-2.716582280351107
20	-11.45027755175397
21	-4.912980428449259
22	-4.5985892203842
23	-11.4363424794901
24	-3.541095160221401
25	-3.650993070500753
26	-3.707866384277564
27	-3.650993070500753
28	-4.283807842023807
29	-4.204024517453544
30	-4.940832050463972
31	-4.068414350522436
32	-4.453831244947833
33	-72.39686244526452
34	-3.541095160221401
35	-3.803083255892991
36	-3.541095160221401
37	-10.11755693883205
38	-10.81321567889298
39	-4.810139405449745
40	-3.353675582108153
41	-29.16038161369942
42	-4.912980428449259
43	-3.353675582108153
44	-3.586534033285075
45	-11.57553119129087
46	-3.803083255892991
47	-3.586534033285075
48	-3.918406337613389
49	-2.716582280351107
50	-2.911771823976237
51	-3.541095160221401
52	-3.353675582108153
53	-3.465668993379885
54	-15.16730863745703
55	-2.716582280351107
56	-3.758069557465064
57	-2.911771823976237
58	-11.96476945969792
59	-3.465668993379885
60	-2.911771823976237
61	-3.918406337613389
62	-3.803083255892991
63	-3.465668993379885
64	-4.333861256644121
65	-4.826209007499257
66	-3.586534033285075
67	-11.2068057337359
68	-3.541095160221401
69	-9.434111566461551
70	-4.333861256644121
71	-4.453831244947833
72	-4.912980428449259
73	-10.56982183181119
74	-5.45317969807099
75	-5.416776873093715
76	-3.353675582108153
77	-5.003148153916136
78	-4.02678366367589
79	-2.716582280351107
80	-9.001912866730292
81	-4.759477582289326
82	-4.02678366367589
83	-3.918406337613389
84	-2.911771823976237
85	-12.72542189750128
86	-4.100908857901143
87	-3.803083255892991
88	-3.707866384277564
89	-2.716582280351107
90	-4.204024517453544
91	-5.554788617173211
92	-4.770466574165504
93	-4.096871398777594
94	-4.5985892203842
95	-4.675059018633552
96	-11.16189769312579
97	-3.707866384277564
98	-3.707866384277564
99	-3.918406337613389
100	-2.716582280351107
101	-4.02678366367589
102	-10.44377195513481
103	-5.866995589753975
104	-4.810139405449745
105	-3.650993070500753
106	-4.59885877397608
107	-3.541095160221401
108	-3.803083255892991
109	-4.453831244947833
110	-58.14168502630869
111	-4.283807842023807
112	-2.911771823976237
113	-4.100908857901143
114	-9.723445280905892
115	-3.586534033285075
116	-4.894961979265018
117	-9.667169373650259
118	-9.713164978372006
119	-8.79576837029164
120	-5.45317969807099
121	-41.93082827431483
122	-2.911771823976237
123	-2.911771823976237
124	-2.911771823976237
125	-4.068414350522436
126	-3.758069557465064
127	-11.45520204306818
128	-3.541095160221401
129	-3.918406337613389
130	-5.12301618571529
131	-3.541095160221401
132	-2.911771823976237
133	-2.911771823976237
134	-4.576570303366327
135	-8.116521868482099
136	-27.73106629524201
137	-2.716582280351107
138	-2.911771823976237
139	-10.05900790936356
140	-17.91797023894048
141	-3.353675582108153
142	-3.353675582108153
143	-4.826209007499257
144	-12.90236776604534
145	-4.775458761000013
146	-5.363898263868458
147	-5.39072400426592
148	-2.911771823976237
149	-16.95592594034142
150	-5.363898263868458
151	-3.465668993379885
152	-12.35339168417592
153	-4.096871398777594
154	-18.11968600394815
155	-4.100908857901143
156	-10.58506684226311
157	-4.59885877397608
158	-3.758069557465064
159	-3.465668993379885
160	-4.283807842023807
161	-4.100908857901143
162	-3.465668993379885
163	-4.124203040191007
164	-3.803083255892991
165	-4.894961979265018
166	-3.803083255892991
167	-2.716582280351107
168	-4.576570303366327
169	-4.204024517453544
170	-4.058468441404013
171	-4.283807842023807
172	-4.826209007499257
173	-3.353675582108153
174	-4.100908857901143
175	-2.911771823976237
176	-3.465668993379885
177	-4.100908857901143
178	-3.758069557465064
179	-5.39072400426592
180	-3.758069557465064
181	-21.94578072345861
182	-2.911771823976237
183	-3.541095160221401
184	-3.586534033285075
185	-9.308012744465533
186	-4.058468441404013
187	-3.758069557465064
188	-2.716582280351107
189	-3.465668993379885
190	-4.770466574165504
191	-2.716582280351107
192	-2.716582280351107
193	-3.758069557465064
194	-3.541095160221401
195	-3.707866384277564
196	-5.473214036294169
197	-2.716582280351107
198	-3.541095160221401
199	-2.911771823976237
200	-5.473214036294169
201	-4.810139405449745
202	-4.940832050463972
203	-4.759477582289326
204	-15.76577475914085
205	-2.716582280351107
206	-2.716582280351107
207	-3.707866384277564
208	-4.124203040191007
209	-3.586534033285075
210	-4.02678366367589
211	-12.54233709697983
212	-3.918406337613389
213	-22.10008720914457
214	-4.59885877397608
215	-2.911771823976237
216	-4.775458761000013
217	-3.650993070500753
218	-5.363898263868458
219	-4.096871398777594
220	-8.781126681539817
221	-5.212307520895103
222	-4.02678366367589
223	-2.716582280351107
224	-3.650993070500753
225	-4.058468441404013
226	-3.353675582108153
227	-4.124203040191007
228	-4.333861256644121
229	-4.096871398777594
230	-2.911771823976237
231	-3.918406337613389
232	-14.42170159818012
233	-3.758069557465064
234	-4.775458761000013
235	-6.244766678603368
236	-16.0434696238914
237	-42.37133370404207
238	-9.806164084709234
239	-5.468868798383562
240	-13.8918605363593
241	-3.465668993379885
242	-17.92314952560378
243	-4.068414350522436
244	-4.59885877397608
245	-2.911771823976237
246	-2.716582280351107
247	-4.283807842023807
248	-3.353675582108153
249	-3.650993070500753
250	-15.35335587271879
251	-5.12301618571529
252	-4.453831244947833
253	-5.003148153916136
254	-4.204024517453544
255	-21.27552230537374
256	-20.62774361953752
257	-9.261130389892138
258	-4.02678366367589
259	-12.66535062744084
260	-4.675059018633552
261	-2.716582280351107
262	-4.759477582289326
263	-3.918406337613389
264	-42.34357365712692
265	-20.5455029771613
266	-4.058468441404013
267	-3.541095160221401
268	-3.586534033285075
269	-2.911771823976237
270	-4.204024517453544
271	-19.18303846337011
272	-10.79098763796045
273	-3.707866384277564
274	-15.78954361798417
275	-4.096871398777594
276	-2.911771823976237
277	-5.439445532781386
278	-14.66420746169165
279	-3.353675582108153
280	-10.24161809685991
281	-4.058468441404013
282	-10.08277974555447
283	-4.096871393834136
284	-9.220019696244048
285	-4.588544509690765
286	-4.121710076690341
