#SITE	SITE_LOG_LIKELIHOOD
1	-2.21118
2	-9.28963
3	-51.3385
4	-28.6567
5	-6.93868
6	-4.19209
7	-2.78574
8	-17.6716
9	-30.295
10	-28.0315
11	-4.2326
12	-24.3058
13	-1.65429
14	-23.1342
15	-5.86587
16	-13.6098
17	-59.4761
18	-48.508
19	-4.82862
20	-35.7764
21	-22.3228
22	-18.5332
23	-16.0204
24	-33.1669
25	-16.1558
26	-41.717
27	-14.9138
28	-30.1901
29	-48.188
30	-30.1589
31	-53.2835
32	-2.86514
33	-35.819
34	-63.2021
35	-11.1204
36	-18.2408
37	-41.0896
38	-17.4013
39	-5.44873
40	-5.26409
41	-23.9819
42	-3.87533
43	-3.66295
44	-16.0629
45	-26.3644
46	-22.1619
47	-35.0843
48	-11.0948
49	-18.3266
50	-31.2858
51	-14.9741
52	-31.9565
53	-9.77315
54	-33.8256
55	-72.086
56	-27.7633
57	-18.8488
58	-34.992
59	-10.3627
60	-11.972
61	-35.6237
62	-6.56774
63	-13.8203
64	-21.5746
65	-24.064
66	-3.16052
67	-39.5901
68	-18.7146
69	-5.33731
70	-37.8256
71	-5.09369
72	-27.7401
73	-39.5268
74	-21.0417
75	-25.9506
76	-36.6242
77	-27.8705
78	-18.4389
79	-27.7659
80	-15.6854
81	-11.8983
82	-17.8891
83	-17.7401
84	-46.1416
85	-62.5976
86	-27.6522
87	-25.1152
88	-28.9388
89	-22.6145
90	-14.1939
91	-9.20798
92	-23.5707
93	-14.2936
94	-33.3947
95	-18.1489
96	-10.7679
97	-4.70369
98	-79.6523
99	-11.011
100	-43.4216
101	-146.752
102	-96.4675
103	-66.3505
104	-2.27618
105	-63.8993
106	-14.2927
107	-48.228
108	-11.6224
109	-37.1772
110	-9.84275
111	-11.9519
112	-10.5076
113	-9.20625
114	-17.2977
115	-3.83134
116	-5.64746
117	-31.1623
118	-49.6589
119	-14.4698
120	-1.90321
121	-25.1743
122	-14.1847
123	-14.8579
124	-25.164
125	-10.5488
126	-14.4845
127	-43.3106
128	-16.5909
129	-51.9848
130	-31.4989
131	-60.464
132	-34.5633
133	-31.9286
134	-17.8015
135	-4.03257
136	-51.8168
137	-2.17549
138	-10.1298
139	-2.57311
140	-18.5268
141	-26.5337
142	-8.72846
143	-21.8319
144	-3.87973
145	-20.5422
146	-53.1147
147	-26.7385
148	-35.2818
149	-8.6537
150	-38.0552
151	-13.151
152	-4.93008
153	-5.03511
154	-18.7655
155	-35.2166
156	-24.6812
157	-49.6918
158	-45.2673
159	-3.10796
160	-13.4057
161	-12.5137
162	-25.7236
163	-7.58316
164	-12.0251
165	-27.4862
166	-39.6634
167	-12.0563
168	-20.3564
169	-14.7387
170	-30.4929
171	-30.4051
172	-25.3988
173	-15.3634
174	-24.218
175	-28.7748
176	-16.2243
177	-15.2628
178	-32.6557
179	-18.3512
180	-37.7003
181	-10.8044
182	-17.8345
183	-18.1092
184	-9.32212
185	-17.5867
186	-65.5491
187	-44.9243
188	-19.5893
189	-5.6945
190	-35.8622
191	-17.05
192	-39.6375
193	-39.519
194	-17.1436
195	-20.5394
196	-2.62675
197	-48.9972
198	-4.09295
199	-20.3345
200	-23.615
201	-17.4603
202	-24.7481
203	-18.1732
204	-43.6582
205	-52.7471
206	-34.4016
207	-1.50904
208	-15.0394
209	-5.08011
210	-27.0594
211	-21.955
212	-43.8663
213	-49.8368
214	-37.3779
215	-11.3383
216	-44.8171
217	-68.8902
218	-15.1569
219	-30.2437
220	-20.1224
221	-10.3137
222	-10.4764
223	-10.2263
224	-10.5259
225	-12.1715
226	-29.6111
227	-10.2542
228	-38.1981
229	-9.11649
230	-19.0689
231	-6.36001
232	-26.1011
233	-26.5866
234	-11.155
235	-12.1229
236	-41.785
237	-19.5035
238	-3.79894
239	-26.4866
240	-25.7466
241	-15.4012
242	-28.0349
243	-16.5755
244	-7.7805
245	-28.7885
246	-52.4265
247	-30.9143
248	-11.8024
249	-15.6384
250	-21.2956
251	-10.3064
252	-12.5564
253	-32.5003
254	-9.54778
255	-18.5908
256	-19.6692
257	-52.5136
258	-20.0433
259	-83.1844
260	-17.6042
261	-25.1739
262	-10.7815
263	-24.7806
264	-31.0278
265	-21.0988
266	-38.6189
267	-10.6695
268	-58.706
269	-30.7036
270	-19.3319
271	-20.698
272	-3.37526
273	-13.3288
274	-27.99
275	-35.1353
276	-22.0241
277	-15.9375
278	-23.5936
279	-15.0065
280	-31.3513
281	-16.1353
282	-15.6036
283	-18.9883
284	-29.0885
285	-22.0815
286	-13.3351
287	-28.4231
288	-48.2018
289	-34.9907
290	-109.862
291	-27.2318
292	-16.9689
293	-35.2798
294	-28.9108
295	-29.1813
296	-25.9495
297	-10.35
298	-44.0347
299	-50.3107
300	-24.1716
301	-27.5467
302	-16.0488
303	-16.5437
304	-16.0161
305	-9.90043
306	-44.6505
307	-20.2696
308	-7.7031
309	-41.8094
310	-23.0185
311	-35.9419
312	-34.1853
313	-4.25759
314	-18.8053
315	-18.4291
316	-31.0563
317	-4.73186
318	-56.6488
319	-70.5395
320	-9.60413
321	-17.0369
322	-16.1555
323	-6.94798
324	-8.61961
325	-15.4029
326	-41.7499
327	-17.5509
328	-39.5043
329	-44.1642
330	-1.61097
331	-3.40004
332	-12.7975
333	-4.93276
334	-32.1939
335	-59.2662
336	-11.1804
337	-21.2052
338	-9.3238
339	-4.18941
340	-19.2065
341	-66.6425
342	-29.6206
343	-54.2071
344	-36.1876
345	-16.5169
346	-5.87425
347	-19.2288
348	-11.7778
349	-19.0756
350	-35.8469
351	-26.6588
352	-22.3128
353	-83.5417
354	-32.8237
355	-54.3095
356	-16.387
357	-33.9241
358	-25.3642
359	-17.2155
360	-27.6796
361	-4.87115
362	-26.7144
363	-30.2951
364	-7.72681
365	-19.57
366	-9.4613
367	-10.9687
368	-10.0708
369	-8.41993
370	-10.1371
371	-14.5101
372	-32.9125
373	-59.4939
374	-24.3963
375	-155.205
376	-14.6856
377	-30.7392
378	-25.082
379	-6.0669
380	-34.2504
381	-29.7473
382	-16.1918
383	-11.8031
384	-70.9502
385	-13.3575
386	-1.7097
387	-17.6096
388	-9.82545
389	-44.2461
390	-4.7122
391	-38.7519
392	-4.34281
393	-16.348
394	-31.0939
395	-5.29091
396	-34.5677
397	-25.3557
398	-9.20124
399	-25.0357
400	-38.0056
401	-57.2319
402	-47.7355
403	-27.1287
404	-49.9592
405	-19.4872
406	-28.881
407	-16.2054
408	-42.6985
409	-15.0128
410	-18.3861
411	-74.7542
412	-14.9903
413	-16.9293
414	-45.4126
415	-14.5715
416	-11.8895
417	-54.0853
418	-15.4825
419	-26.4307
420	-14.2563
421	-29.2815
422	-45.6601
423	-55.1474
424	-23.638
425	-51.9095
426	-10.7768
427	-14.917
428	-19.7221
429	-16.3569
430	-23.4836
431	-28.255
432	-23.3965
433	-94.4055
434	-27.5064
435	-24.3989
436	-20.4556
437	-28.9794
438	-25.1235
439	-10.2551
440	-3.68557
441	-27.6222
442	-33.394
443	-7.96619
444	-23.8137
445	-3.53412
446	-34.9744
447	-26.2679
448	-4.68847
449	-10.0683
450	-83.0387
451	-16.9944
452	-26.8872
453	-26.0611
454	-29.3305
455	-24.2095
456	-21.049
457	-61.437
458	-9.50202
459	-42.9429
460	-7.83654
461	-29.5835
462	-18.5414
463	-24.1328
464	-7.81462
465	-18.9494
466	-15.3189
467	-30.351
468	-13.7459
469	-8.84905
470	-28.7202
471	-4.38542
472	-57.701
473	-11.6786
474	-28.2137
475	-19.6496
476	-6.23817
477	-20.9587
478	-11.0267
479	-11.9668
480	-26.6067
481	-2.66976
482	-17.3916
483	-17.1624
484	-7.76077
485	-18.7586
486	-5.06137
487	-3.2986
488	-3.24666
489	-3.75428
490	-10.4959
491	-4.16056
492	-4.37295
493	-15.6991
494	-40.2205
495	-41.8627
496	-36.3093
497	-10.2587
498	-45.8106
