#SITE	SITE_LOG_LIKELIHOOD
1	-9.99201e-16
2	-4.44089e-16
3	-12.0045
4	-23.4503
5	-23.0962
6	-18.285
7	-3.20629
8	-4.38216
9	-5.22593
10	-5.46919
11	-3.79613
12	-4.33055
13	-3.49954
14	-5.42621
15	-3.99424
16	-21.0317
17	-4.52827
18	-7.21063
19	-5.11785
20	-17.13
21	-4.19865
22	-3.36794
23	-10.7668
24	-4.37819
25	-3.07421
26	-4.94598
27	-5.64683
28	-3.93403
29	-4.22038
30	-5.61792
31	-4.28548
32	-5.64147
33	-52.5008
34	-3.05932
35	-1.74723
36	-4.86662
37	-10.285
38	-9.87131
39	-4.11405
40	-2.28625
41	-29.769
42	-3.56044
43	-1.51191
44	-3.85756
45	-10.2649
46	-4.208
47	-3.92824
48	-2.70422
49	-3.14452
50	-4.05686
51	-3.56262
52	-1.656
53	-3.56974
54	-17.2915
55	-3.07535
56	-3.9221
57	-2.96058
58	-9.90702
59	-1.77845
60	-3.19144
61	-4.86055
62	-3.47501
63	-2.27615
64	-1.40161
65	-1.37107
66	-3.51769
67	-10.9859
68	-1.62521
69	-13.8786
70	-3.66978
71	-1.33047
72	-3.54868
73	-9.52289
74	-1.88791
75	-2.73796
76	-2.55057
77	-3.81026
78	-1.83965
79	-1.78721
80	-10.3341
81	-2.5925
82	-2.83065
83	-2.09251
84	-3.7278
85	-9.63274
86	-4.35131
87	-3.19753
88	-4.33261
89	-2.25395
90	-3.74811
91	-2.69395
92	-4.60368
93	-3.21063
94	-4.57163
95	-2.99886
96	-11.1213
97	-4.91136
98	-3.29785
99	-3.99862
100	-2.1371
101	-3.65885
102	-9.8721
103	-2.68656
104	-2.06104
105	-1.57017
106	-3.55761
107	-2.93674
108	-4.77391
109	-6.12797
110	-46.6814
111	-4.29737
112	-4.07124
113	-4.10463
114	-7.36351
115	-2.65956
116	-2.69805
117	-8.30587
118	-9.51647
119	-8.74527
120	-1.74121
121	-53.0345
122	-3.99101
123	-1.72561
124	-2.26914
125	-3.9132
126	-3.62541
127	-10.8213
128	-1.62775
129	-1.22334
130	-0.799721
131	-3.46716
132	-1.46917
133	-2.432
134	-1.39831
135	-7.78938
136	-21.0175
137	-2.24585
138	-3.43215
139	-9.53254
140	-11.6853
141	-1.61134
142	-1.42588
143	-1.6319
144	-11.7165
145	-3.95354
146	-3.14437
147	-4.16606
148	-4.05839
149	-11.2419
150	-3.67078
151	-3.37451
152	-11.5707
153	-4.6303
154	-15.8452
155	-0.55909
156	-11.0739
157	-4.43357
158	-2.21631
159	-2.26404
160	-4.10307
161	-1.47944
162	-2.29848
163	-3.87798
164	-1.23797
165	-3.35874
166	-5.26242
167	-2.87316
168	-3.56009
169	-4.53713
170	-3.28529
171	-5.02143
172	-3.71717
173	-3.62256
174	-1.08974
175	-3.6797
176	-2.48006
177	-0.532117
178	-2.26097
179	-2.52762
180	-4.0295
181	-13.5081
182	-4.012
183	-3.84994
184	-2.53592
185	-14.2068
186	-3.80082
187	-3.07556
188	-2.85682
189	-3.55952
190	-5.35871
191	-2.3503
192	-2.83952
193	-4.99877
194	-3.70212
195	-3.83959
196	-4.29213
197	-1.84643
198	-3.72717
199	-4.35352
200	-4.52689
201	-2.97032
202	-3.65119
203	-3.26172
204	-12.0781
205	-1.81618
206	-3.74975
207	-4.28194
208	-0.316016
209	-0.991336
210	-3.51685
211	-11.0646
212	-1.92373
213	-18.6106
214	-2.40235
215	-1.88903
216	-3.38818
217	-3.37942
218	-2.40649
219	-2.57479
220	-7.5345
221	-4.21775
222	-4.30647
223	-3.23399
224	-1.58324
225	-4.16253
226	-2.99635
227	-0.236364
228	-3.52623
229	-2.34006
230	-2.23485
231	-1.4689
232	-7.3509
233	-2.62022
234	-2.58291
235	-2.75109
236	-17.6487
237	-43.9806
238	-9.1975
239	-2.03255
240	-9.504
241	-1.57431
242	-16.5814
243	-3.56296
244	-2.18308
245	-2.04523
246	-3.1539
247	-3.09925
248	-1.29304
249	-2.36525
250	-12.3533
251	-4.14855
252	-5.87125
253	-3.5935
254	-4.36956
255	-22.7674
256	-21.1592
257	-7.318
258	-2.17014
259	-10.5659
260	-3.2671
261	-3.74935
262	-4.34599
263	-4.31792
264	-45.0967
265	-16.3961
266	-3.67991
267	-4.19079
268	-3.6293
269	-3.46642
270	-4.17402
271	-17.9711
272	-8.30283
273	-4.9356
274	-11.5261
275	-3.02556
276	-3.31318
277	-3.95695
278	-19.629
279	-2.29475
280	-9.82815
281	-3.19848
282	-21.5456
283	-3.62536
284	-9.72259
285	-3.79207
286	-0.200672
