#SITE	SITE_LOG_LIKELIHOOD
1	-1.82121
2	-16.9997
3	-27.969
4	-48.124
5	-26.3237
6	-55.6576
7	-15.5272
8	-10.0099
9	-10.5691
10	-8.44947
11	-7.23674
12	-8.07518
13	-8.74725
14	-13.9943
15	-8.18422
16	-33.5648
17	-9.02403
18	-11.2901
19	-41.6612
20	-18.3874
21	-7.74637
22	-10.1222
23	-13.1086
24	-9.39674
25	-7.48134
26	-14.9443
27	-8.01486
28	-14.7632
29	-8.91027
30	-8.43794
31	-8.06289
32	-7.70585
33	-81.0684
34	-9.08342
35	-3.63084
36	-15.5869
37	-34.009
38	-21.6751
39	-11.1005
40	-16.8327
41	-45.2016
42	-24.5488
43	-4.44463
44	-10.5647
45	-13.9937
46	-18.1652
47	-7.28162
48	-5.10325
49	-7.18439
50	-9.84276
51	-6.07177
52	-5.43462
53	-10.5489
54	-22.2777
55	-7.46511
56	-9.97249
57	-9.76161
58	-16.0355
59	-4.1779
60	-8.44737
61	-9.18896
62	-12.3568
63	-6.26239
64	-2.61749
65	-4.74377
66	-5.90934
67	-67.2139
68	-2.3441
69	-14.0369
70	-5.29062
71	-2.64687
72	-6.74232
73	-13.6806
74	-5.78234
75	-5.08117
76	-12.0232
77	-7.22193
78	-15.3749
79	-5.65961
80	-16.2154
81	-7.01732
82	-13.5777
83	-4.50759
84	-7.18358
85	-13.4408
86	-9.87038
87	-15.7448
88	-7.71734
89	-6.49438
90	-9.21412
91	-6.06908
92	-10.2204
93	-6.56294
94	-7.74778
95	-3.99748
96	-16.9862
97	-17.3329
98	-16.8916
99	-7.09446
100	-12.273
101	-8.0907
102	-74.2777
103	-4.35168
104	-4.87275
105	-5.35603
106	-6.65201
107	-8.5108
108	-7.39534
109	-8.86483
110	-49.7459
111	-6.98101
112	-9.6692
113	-8.24686
114	-9.54549
115	-4.52325
116	-6.3112
117	-12.2173
118	-15.3452
119	-11.3194
120	-6.733
121	-47.549
122	-10.4506
123	-5.20992
124	-5.23753
125	-13.469
126	-6.45906
127	-13.995
128	-27.3385
129	-1.61061
130	-2.73756
131	-7.77117
132	-25.8851
133	-5.02758
134	-11.485
135	-17.8837
136	-35.886
137	-5.17795
138	-9.39904
139	-13.559
140	-13.8972
141	-5.76836
142	-4.97679
143	-10.6912
144	-26.2137
145	-8.70553
146	-12.3908
147	-6.97696
148	-8.31937
149	-13.3673
150	-6.15341
151	-7.82083
152	-17.8625
153	-8.72188
154	-30.1151
155	-2.70557
156	-15.8098
157	-14.5367
158	-38.2089
159	-5.28987
160	-6.21965
161	-13.21
162	-100.777
163	-18.8818
164	-13.7816
165	-7.23765
166	-13.0769
167	-5.64413
168	-11.2198
169	-12.9046
170	-7.84043
171	-10.774
172	-8.71316
173	-14.8134
174	-3.67013
175	-9.85463
176	-17.8277
177	-14.6837
178	-4.31451
179	-4.86848
180	-46.5175
181	-16.8037
182	-33.1223
183	-16.7214
184	-10.1594
185	-20.8031
186	-21.5632
187	-6.924
188	-6.53819
189	-6.99339
190	-13.9525
191	-5.97101
192	-7.40927
193	-8.48417
194	-25.6156
195	-8.94661
196	-10.5625
197	-5.9432
198	-8.98466
199	-11.1746
200	-10.2386
201	-6.25484
202	-7.19935
203	-18.279
204	-19.1024
205	-5.83277
206	-9.46617
207	-9.91892
208	-1.72417
209	-2.23307
210	-8.19077
211	-16.1791
212	-4.06409
213	-23.8806
214	-11.3565
215	-5.8264
216	-11.7274
217	-7.68495
218	-20.5266
219	-20.0924
220	-9.26369
221	-8.25568
222	-16.2145
223	-6.87753
224	-4.33428
225	-13.434
226	-6.39952
227	-1.03716
228	-5.62935
229	-5.23832
230	-5.20006
231	-3.38478
232	-9.28268
233	-13.9092
234	-4.08962
235	-19.2578
236	-73.0336
237	-88.0408
238	-14.1298
239	-33.7343
240	-14.8522
241	-38.1568
242	-20.1876
243	-5.74618
244	-6.66888
245	-5.68321
246	-9.47631
247	-6.2377
248	-3.88865
249	-6.44272
250	-15.2936
251	-9.35611
252	-8.66185
253	-8.94682
254	-11.2752
255	-26.0667
256	-23.6978
257	-10.8324
258	-6.38611
259	-18.0804
260	-4.3852
261	-27.0602
262	-9.87579
263	-7.86044
264	-68.6085
265	-26.6337
266	-7.94868
267	-9.55783
268	-6.41647
269	-9.55225
270	-7.90854
271	-73.698
272	-23.4117
273	-10.4062
274	-14.7027
275	-14.6833
276	-31.4144
277	-7.89241
278	-24.6149
279	-5.7962
280	-18.2843
281	-13.3969
282	-22.3157
283	-11.129
284	-18.0331
285	-22.8802
286	-1.48035
