#SITE	SITE_LOG_LIKELIHOODS
1	-4.499046695740516
2	-16.33448119862191
3	-17.98096799874429
4	-25.91538051235484
5	-4.357475368631759
6	-35.93289998174639
7	-14.48056628475402
8	-4.39489755040613
9	-4.542108270577201
10	-4.326904496184578
11	-4.280938928453132
12	-4.837447913782809
13	-4.679011317099
14	-11.23910047150682
15	-4.397449336313703
16	-12.02503955936672
17	-4.679011317099
18	-5.383774083861657
19	-35.08723261196902
20	-4.477075971756549
21	-4.027401162332763
22	-4.679011317099
23	-4.179087047061436
24	-4.722465193333076
25	-4.610679756896666
26	-11.06317255381862
27	-4.64445597596831
28	-13.02963298191925
29	-4.248423740556713
30	-4.435810306838152
31	-4.16347647349692
32	-4.435810306838152
33	-18.93097461495191
34	-4.179087047061436
35	-4.18537555384576
36	-10.87450568495139
37	-25.62281739480763
38	-13.16160835098073
39	-4.405185233073689
40	-15.4635659672665
41	-18.66747116710056
42	-18.70855248433733
43	-4.405185233073689
44	-5.037447307914704
45	-4.641735776329842
46	-17.26660972631633
47	-4.545551364412031
48	-4.057371930998645
49	-4.691118124956001
50	-4.672859048710586
51	-5.006584667246105
52	-4.405185233073689
53	-4.519879291162192
54	-4.641735776329842
55	-4.326904496184578
56	-4.27109158916711
57	-4.652585276138145
58	-4.679011317099
59	-5.057984310283841
60	-4.837447913782809
61	-4.18537555384576
62	-11.06317255381862
63	-4.701746280221507
64	-4.679011317099
65	-4.610679756896666
66	-4.499046695740516
67	-51.62559645756791
68	-5.006584667246105
69	-4.429313192929182
70	-4.679011317099
71	-4.435810306838152
72	-4.027401162332763
73	-4.545551364412031
74	-4.461344196906458
75	-5.035698334065578
76	-13.19186091624177
77	-4.397449336313703
78	-12.06060599584129
79	-4.789154593346611
80	-5.177353100528532
81	-4.701746280221507
82	-11.76356488346692
83	-4.425912916432907
84	-4.542108270577201
85	-4.620829069616605
86	-4.458383391629773
87	-15.77784190872651
88	-4.458383391629773
89	-4.691118124956001
90	-4.405185233073689
91	-5.057984310283841
92	-5.057984310283841
93	-4.41506625607034
94	-4.722465193333076
95	-4.687169594262325
96	-4.824677873202893
97	-15.38449414459138
98	-13.00610742649133
99	-4.425912916432907
100	-12.23205738130411
101	-4.027401162332763
102	-50.25608092585158
103	-5.037447307914704
104	-4.932963041807097
105	-4.610679756896666
106	-4.39489755040613
107	-4.561833831444773
108	-4.18537555384576
109	-4.519879291162192
110	-4.357475368631759
111	-4.326904496184578
112	-4.64445597596831
113	-4.057371930998645
114	-4.76353054570032
115	-4.499046695740516
116	-4.561833831444773
117	-4.16347647349692
118	-4.776090336885796
119	-4.18537555384576
120	-4.789154593346611
121	-5.383774083861657
122	-4.652585276138145
123	-4.179087047061436
124	-4.542108270577201
125	-11.88180270289538
126	-4.786808679304552
127	-4.499046695740516
128	-20.35144142629274
129	-4.057371930998645
130	-4.672859048710586
131	-4.429313192929182
132	-26.07470430799226
133	-4.542108270577201
134	-12.07568550146566
135	-11.49435617824222
136	-10.65555538243786
137	-4.545551364412031
138	-4.561833831444773
139	-4.64445597596831
140	-4.641735776329842
141	-4.531382976895632
142	-4.531382976895632
143	-10.50870547546907
144	-14.55452083610649
145	-4.27109158916711
146	-12.18533357923563
147	-4.786808679304552
148	-4.179087047061436
149	-4.679011317099
150	-4.880480391822817
151	-4.722465193333076
152	-4.672859048710586
153	-4.499046695740516
154	-15.37984802301163
155	-4.057371930998645
156	-4.357475368631759
157	-11.77748284716016
158	-36.82655389117928
159	-5.057984310283841
160	-4.326904496184578
161	-12.95866024424011
162	-84.31448713452286
163	-18.73789628781179
164	-10.43839368520739
165	-4.693964462980923
166	-10.4924194764522
167	-4.545551364412031
168	-11.52627655390882
169	-10.17695726596801
170	-4.542108270577201
171	-4.41506625607034
172	-4.610679756896666
173	-12.41195666851258
174	-4.425912916432907
175	-4.27109158916711
176	-15.06829706617438
177	-13.70534857038165
178	-4.786808679304552
179	-4.64445597596831
180	-38.84283484487464
181	-4.477075971756549
182	-26.46151101988333
183	-11.67266937093016
184	-10.74373278100387
185	-12.03495746104822
186	-19.43286265829838
187	-4.64445597596831
188	-4.880480391822817
189	-5.057984310283841
190	-11.58295750153514
191	-4.461344196906458
192	-4.789154593346611
193	-4.429313192929182
194	-22.47915164637529
195	-4.18537555384576
196	-4.461344196906458
197	-4.326904496184578
198	-4.429313192929182
199	-4.461344196906458
200	-4.179087047061436
201	-5.177353100528532
202	-4.915979578752239
203	-11.42843540841615
204	-10.58780611916756
205	-4.789154593346611
206	-4.41506625607034
207	-4.425912916432907
208	-5.168367081339284
209	-4.499046695740516
210	-4.247882894350966
211	-4.397449336313703
212	-4.057371930998645
213	-4.435810306838152
214	-11.08742043621999
215	-4.313541914895465
216	-12.00961238066763
217	-4.610679756896666
218	-16.4123397129942
219	-18.05382281030665
220	-5.057984310283841
221	-5.024518676752951
222	-12.89338045546608
223	-4.326904496184578
224	-4.693964462980923
225	-10.42622131632855
226	-4.76353054570032
227	-5.168367081339284
228	-4.679011317099
229	-4.280938928453132
230	-4.179087047061436
231	-4.057371930998645
232	-4.435810306838152
233	-13.21819740892166
234	-4.531382976895632
235	-17.92451532090668
236	-42.68339521309419
237	-40.88043341606556
238	-4.701746280221507
239	-32.6732629492094
240	-4.824677873202893
241	-32.02110356467179
242	-4.405185233073689
243	-4.641735776329842
244	-4.280938928453132
245	-4.30629039427455
246	-4.313541914895465
247	-4.545551364412031
248	-4.620829069616605
249	-4.610679756896666
250	-4.057371930998645
251	-4.405185233073689
252	-4.519879291162192
253	-4.837447913782809
254	-5.177353100528532
255	-4.701746280221507
256	-4.641735776329842
257	-4.16347647349692
258	-4.027401162332763
259	-11.23187266062143
260	-5.037447307914704
261	-22.97949481308235
262	-4.64445597596831
263	-4.620829069616605
264	-22.49212207091277
265	-11.34815508935196
266	-4.313541914895465
267	-4.429313192929182
268	-4.499046695740516
269	-4.057371930998645
270	-4.18537555384576
271	-50.15980780190303
272	-16.83954111369717
273	-4.776090336885796
274	-4.544747520373294
275	-12.70471148282351
276	-26.87046832986762
277	-4.27109158916711
278	-11.11157727833827
279	-4.404099690137255
280	-9.626190695443395
281	-11.78280845255251
282	-10.75191576569924
283	-9.961579528883698
284	-9.810132753937014
285	-19.82586740570423
286	-5.164691919521305
