#SITE	SITE_LOG_LIKELIHOOD
1	-10.7335
2	-9.58413
3	-103.831
4	-15.1035
5	-6.65611
6	-10.1396
7	-7.75533
8	-7.73281
9	-9.57209
10	-13.2552
11	-26.6918
12	-8.39204
13	-9.51596
14	-19.1508
15	-12.8023
16	-8.06361
17	-14.9956
18	-39.8779
19	-16.0121
20	-13.7317
21	-16.437
22	-30.5982
23	-19.2782
24	-10.2299
25	-31.4993
26	-18.3589
27	-24.7794
28	-6.52813
29	-22.9336
30	-8.99121
31	-8.78785
32	-10.6179
33	-6.4951
34	-6.83212
35	-14.6815
36	-6.83522
37	-17.1788
38	-14.6972
39	-5.85056
40	-6.26391
41	-8.52698
42	-8.0485
43	-13.1999
44	-18.3602
45	-41.8223
46	-8.50061
47	-92.1905
48	-14.4812
49	-10.6091
50	-12.7668
51	-8.63292
52	-13.5569
53	-21.9332
54	-9.64337
55	-8.74816
56	-12.1361
57	-10.2622
58	-20.8455
59	-28.8724
60	-26.7298
61	-27.2568
62	-7.49668
63	-8.64702
64	-8.29013
65	-54.7347
66	-9.78834
67	-11.3248
68	-13.5688
69	-17.7364
70	-7.75253
71	-6.21195
72	-67.7673
73	-11.9329
74	-8.03371
75	-14.1195
76	-12.518
77	-10.6494
78	-7.95862
79	-17.1501
80	-8.36391
81	-8.02385
82	-52.3362
83	-8.53324
84	-16.6012
85	-8.1884
86	-7.97136
87	-13.977
88	-20.9938
89	-6.91292
90	-27.7022
91	-11.3884
92	-11.3683
93	-9.6709
94	-6.69488
95	-5.06577
96	-6.67941
97	-7.88676
98	-8.33451
99	-6.5941
100	-10.6023
101	-9.5703
102	-6.92222
103	-25.5921
104	-8.78862
105	-5.89023
106	-12.6698
107	-6.29698
108	-8.54662
109	-4.87204
110	-7.63684
111	-28.3574
112	-12.7732
113	-8.55402
114	-21.628
115	-8.08962
116	-10.3122
117	-10.1319
118	-13.1172
119	-6.249
120	-13.0956
121	-6.09596
122	-24.7218
123	-11.8946
124	-12.5433
125	-51.5289
126	-16.8591
127	-14.3475
128	-13.5945
129	-67.0762
130	-9.71822
131	-7.30978
132	-6.96446
133	-9.17192
134	-12.423
135	-12.4613
136	-19.6749
137	-7.19833
138	-23.494
139	-8.05459
140	-17.5284
141	-6.59866
142	-8.15278
143	-7.23397
144	-26.9103
145	-9.734
146	-8.16944
147	-8.35436
148	-12.3018
149	-46.5566
150	-30.6556
151	-8.40091
152	-14.6346
153	-25.8048
154	-13.3435
155	-7.78387
156	-59.0197
157	-14.74
158	-6.93412
159	-90.006
160	-8.27512
161	-20.9254
162	-15.1087
163	-7.75986
164	-6.73442
165	-14.5056
166	-15.1372
167	-8.29739
168	-6.5959
169	-8.56789
170	-51.8485
171	-23.16
172	-34.5261
173	-6.57688
174	-11.2848
175	-16.6335
176	-19.3819
177	-11.6882
178	-6.35454
179	-9.01489
180	-15.4902
181	-8.80067
182	-6.91826
183	-18.7644
184	-6.25969
185	-33.5071
186	-7.89336
187	-7.58238
188	-10.8301
189	-14.6524
190	-10.0804
191	-6.4329
192	-8.41144
193	-11.2588
194	-14.9922
195	-7.78166
196	-74.5939
197	-18.098
198	-14.3239
199	-29.1701
200	-8.58744
201	-6.4266
202	-7.9457
203	-7.67441
204	-10.1026
205	-15.2236
206	-7.72882
207	-6.47969
208	-11.5713
209	-14.7829
210	-14.9398
211	-8.31851
212	-16.4627
213	-8.6669
214	-9.65642
215	-16.2676
216	-7.79527
217	-18.1664
218	-9.5157
219	-8.49397
220	-6.77218
221	-7.79518
222	-9.59211
223	-16.0727
224	-8.68725
225	-18.4201
226	-14.9318
227	-22.3695
228	-8.30905
229	-29.6287
230	-7.13234
231	-33.1642
232	-28.793
233	-16.129
234	-10.5124
235	-8.804
236	-15.1128
237	-9.74905
238	-16.9948
239	-6.661
240	-13.8773
241	-8.31377
242	-23.4939
243	-9.98383
244	-13.5033
245	-10.5581
246	-6.53478
247	-8.27571
248	-65.7428
249	-19.8322
250	-8.46839
251	-6.73193
252	-14.3491
253	-12.7905
254	-8.01916
255	-9.91965
256	-7.69787
257	-6.33035
258	-7.67613
259	-6.93679
260	-7.73793
261	-8.72613
262	-8.73181
263	-33.9194
264	-8.64294
265	-19.3778
266	-8.36853
267	-12.0312
268	-8.47746
269	-72.9436
270	-8.43139
271	-17.0521
272	-6.9849
273	-10.3237
274	-7.04779
275	-7.11769
276	-6.54257
277	-7.67851
278	-12.9359
279	-8.36489
280	-17.7826
281	-8.40494
282	-11.286
283	-17.7247
284	-7.39547
285	-6.64464
286	-9.27928
