#SITE	SITE_LOG_LIKELIHOOD
1	-1.44329e-15
2	-1.44329e-15
3	-11.8225
4	-24.9696
5	-22.053
6	-19.3214
7	-3.8415
8	-4.13233
9	-5.35735
10	-5.22282
11	-4.82308
12	-4.35859
13	-4.13233
14	-4.84948
15	-3.73465
16	-18.1236
17	-4.13233
18	-4.151
19	-4.13233
20	-11.2273
21	-4.82684
22	-4.90772
23	-11.731
24	-4.38291
25	-4.151
26	-4.41532
27	-4.151
28	-4.48033
29	-4.44608
30	-4.8078
31	-5.22282
32	-5.46573
33	-66.7419
34	-4.38291
35	-4.84415
36	-4.38291
37	-10.6287
38	-10.7014
39	-4.38302
40	-3.95384
41	-30.0578
42	-4.82684
43	-3.95384
44	-5.00667
45	-11.0336
46	-4.84415
47	-5.00667
48	-4.81368
49	-4.13233
50	-3.73465
51	-4.38291
52	-3.95384
53	-3.8415
54	-18.1722
55	-4.13233
56	-4.43015
57	-3.73465
58	-10.8847
59	-3.8415
60	-3.73465
61	-4.81368
62	-4.84415
63	-3.8415
64	-5.69711
65	-4.14611
66	-5.00667
67	-10.4642
68	-4.38291
69	-10.6432
70	-5.69711
71	-5.46573
72	-4.82684
73	-10.4662
74	-4.08226
75	-4.98815
76	-3.95384
77	-4.13241
78	-4.41731
79	-4.13233
80	-10.7444
81	-3.87211
82	-4.41731
83	-4.81368
84	-3.73465
85	-10.2978
86	-4.41604
87	-4.84415
88	-4.41532
89	-4.13233
90	-4.44608
91	-4.22158
92	-5.06788
93	-4.82308
94	-4.90772
95	-5.62792
96	-11.707
97	-4.41532
98	-4.41532
99	-4.81368
100	-4.13233
101	-4.41731
102	-10.628
103	-5.24711
104	-4.38302
105	-4.151
106	-4.4238
107	-4.38291
108	-4.84415
109	-5.46573
110	-49.7519
111	-4.48033
112	-3.73465
113	-4.41604
114	-10.1088
115	-5.00667
116	-4.41877
117	-10.6042
118	-10.5016
119	-10.1388
120	-4.08226
121	-49.189
122	-3.73465
123	-3.73465
124	-3.73465
125	-5.22282
126	-4.43015
127	-11.9069
128	-4.38291
129	-4.81368
130	-5.11511
131	-4.38291
132	-3.73465
133	-3.73465
134	-5.51318
135	-9.58884
136	-23.7014
137	-4.13233
138	-3.73465
139	-9.90643
140	-12.6605
141	-3.95384
142	-3.95384
143	-4.14611
144	-11.6404
145	-4.3457
146	-4.46718
147	-4.82821
148	-3.73465
149	-11.9097
150	-4.46718
151	-3.8415
152	-12.5297
153	-4.82308
154	-17.606
155	-4.41604
156	-11.2672
157	-4.4238
158	-4.43015
159	-3.8415
160	-4.48033
161	-4.41604
162	-3.8415
163	-4.67041
164	-4.84415
165	-4.41877
166	-4.84415
167	-4.13233
168	-5.51318
169	-4.44608
170	-3.73434
171	-4.48033
172	-4.14611
173	-3.95384
174	-4.41604
175	-3.73465
176	-3.8415
177	-4.41604
178	-4.43015
179	-4.82821
180	-4.43015
181	-16.1747
182	-3.73465
183	-4.38291
184	-5.00667
185	-10.5432
186	-3.73434
187	-4.43015
188	-4.13233
189	-3.8415
190	-5.06788
191	-4.13233
192	-4.13233
193	-4.43015
194	-4.38291
195	-4.41532
196	-4.23956
197	-4.13233
198	-4.38291
199	-3.73465
200	-4.23956
201	-4.38302
202	-4.8078
203	-3.87211
204	-12.9808
205	-4.13233
206	-4.13233
207	-4.41532
208	-4.67041
209	-5.00667
210	-4.41731
211	-12.604
212	-4.81368
213	-23.0087
214	-4.4238
215	-3.73465
216	-4.3457
217	-4.151
218	-4.46718
219	-4.82308
220	-9.99732
221	-4.35859
222	-4.41731
223	-4.13233
224	-4.151
225	-3.73434
226	-3.95384
227	-4.67041
228	-5.69711
229	-4.82308
230	-3.73465
231	-4.81368
232	-10.0154
233	-4.43015
234	-4.3457
235	-4.13272
236	-17.4766
237	-44.3064
238	-9.95138
239	-4.35191
240	-11.3307
241	-3.8415
242	-12.07
243	-5.22282
244	-4.4238
245	-3.73465
246	-4.13233
247	-4.48033
248	-3.95384
249	-4.151
250	-13.1104
251	-5.11511
252	-5.46573
253	-4.13241
254	-4.44608
255	-26.0907
256	-24.3855
257	-9.87565
258	-4.41731
259	-12.3751
260	-5.62792
261	-4.13233
262	-3.87211
263	-4.81368
264	-42.1936
265	-16.8685
266	-3.73434
267	-4.38291
268	-5.00667
269	-3.73465
270	-4.44608
271	-19.4019
272	-11.3174
273	-4.41532
274	-11.943
275	-4.82308
276	-3.73465
277	-3.95776
278	-15.7621
279	-3.95384
280	-9.60285
281	-3.73434
282	-9.78255
283	-4.82308
284	-10.601
285	-4.8921
286	-4.66074
