#SITE	SITE_LOG_LIKELIHOODS
1	-3.799937850797691
2	-12.36580907443745
3	-29.06713739314436
4	-45.79545311189347
5	-23.57119221429227
6	-62.27451023080269
7	-14.26053751895914
8	-9.040280889735483
9	-10.65533470669762
10	-7.916918727674361
11	-6.741302316765778
12	-8.894294651035443
13	-7.659520692532408
14	-14.44489213408814
15	-7.00967961669205
16	-27.19269527417195
17	-7.659520692532408
18	-12.05603885309037
19	-42.02280564619146
20	-19.59590414542886
21	-8.485318262671569
22	-10.19510896736289
23	-14.84069693403182
24	-9.51251692120101
25	-6.63611404887218
26	-14.15628400519878
27	-9.287469263492728
28	-14.76987045229761
29	-9.92733439672118
30	-8.345824692665365
31	-8.471889493636738
32	-5.965466619675349
33	-95.30912734888706
34	-9.421600230365184
35	-5.377842920184722
36	-14.13253595903671
37	-29.59398321231783
38	-24.61908618873515
39	-11.66957436448954
40	-17.98686838611564
41	-45.78655045798311
42	-21.04874391120899
43	-6.418862123666159
44	-11.22652857355071
45	-13.84935973290544
46	-16.73700884170804
47	-6.450609757664989
48	-5.157038255530309
49	-7.670227684697802
50	-8.671290652670042
51	-6.810428745878887
52	-6.418862123666159
53	-8.499696377087297
54	-19.91553597014021
55	-6.516459278254905
56	-9.499594008773682
57	-9.189164309873942
58	-17.60417183163312
59	-5.646877259434384
60	-8.51862248529349
61	-6.944291764875244
62	-11.66502258523093
63	-6.568728367802972
64	-4.614152700548978
65	-7.700681483960647
66	-5.105984395378473
67	-66.60718491324788
68	-6.810428745878887
69	-13.87277521579015
70	-4.614152700548978
71	-5.965466619675349
72	-8.485318262671569
73	-14.04034757505307
74	-9.82541603903414
75	-7.264366771378539
76	-12.48532594382781
77	-7.642710508280111
78	-16.43380584004236
79	-7.312528534080654
80	-14.93442214199444
81	-8.510734239643458
82	-14.85747633930132
83	-6.280125452932005
84	-5.295347857853557
85	-14.85292206706433
86	-10.08889150382696
87	-15.68425975662378
88	-6.717941806771981
89	-7.670227684697802
90	-9.420230650522996
91	-7.864836306156077
92	-8.589193835488707
93	-8.490259740276509
94	-6.740287366870739
95	-6.437174917004604
96	-18.78623456481856
97	-13.05069943890135
98	-18.01102098950802
99	-6.280125452932005
100	-15.00888482590986
101	-8.809054692417622
102	-82.85880581768093
103	-6.089280460896068
104	-9.006644031689817
105	-6.63611404887218
106	-7.98220976236716
107	-10.4942768957182
108	-5.377842920184722
109	-6.827833307928032
110	-49.04062893937512
111	-5.728353335685331
112	-7.889099271336829
113	-6.185418160369276
114	-11.37058429649576
115	-5.105984395378473
116	-8.391461262616172
117	-14.56296138343172
118	-16.99614520434847
119	-10.43203648616151
120	-9.769383134700336
121	-50.03171388654125
122	-9.189164309873942
123	-6.82164862711775
124	-5.295347857853557
125	-14.11677295748457
126	-6.795972236409042
127	-13.613990355872
128	-23.81920571710453
129	-5.157038255530309
130	-6.693041133719924
131	-9.116473232395105
132	-28.8578287837988
133	-5.295347857853557
134	-14.90741963310943
135	-18.86028601928173
136	-33.3905366667259
137	-4.598621660194615
138	-9.254271483080542
139	-14.06321332612378
140	-18.51217717763992
141	-7.54077162395912
142	-7.54077162395912
143	-13.26692169125208
144	-25.46820039926078
145	-9.068943439293928
146	-16.08181496126698
147	-7.652639649660112
148	-6.82164862711775
149	-14.00033795909626
150	-8.260983082186213
151	-7.663392420888093
152	-17.96858254035387
153	-7.610022872138013
154	-32.26367352949305
155	-6.185418160369276
156	-15.94956215762928
157	-16.46603482664524
158	-39.47866649848837
159	-5.646877259434384
160	-5.728353335685331
161	-16.22193566420574
162	-132.5405763971338
163	-22.55205812225798
164	-12.76752471289133
165	-9.142786836456754
166	-12.36201711100232
167	-4.598621660194615
168	-14.29560249295747
169	-10.39050334146924
170	-6.902057981920946
171	-9.28062928715657
172	-7.700681483960647
173	-15.65138039944074
174	-6.53965937148392
175	-8.559254468501191
176	-15.55650455869587
177	-15.714979329337
178	-6.795972236409042
179	-8.240707549133882
180	-59.99061107959665
181	-20.09343552198577
182	-27.31149247068794
183	-17.20895516083362
184	-11.82043269656788
185	-19.59088767584627
186	-27.68290305360354
187	-7.576239435588065
188	-6.956342161969712
189	-5.646877259434384
190	-14.4898851837256
191	-7.322627633070663
192	-7.312528534080654
193	-7.626672680490372
194	-30.54099682015924
195	-7.869104340152572
196	-12.06710256155332
197	-6.516459278254905
198	-9.116473232395105
199	-10.68323034094195
200	-11.30634855216033
201	-8.480189639263346
202	-9.228797240740011
203	-16.6589288445199
204	-22.08073782211574
205	-7.312528534080654
206	-8.736882951652239
207	-9.51016372813824
208	-4.632958779659026
209	-5.105984395378473
210	-9.82739154617634
211	-18.35095476974465
212	-5.157038255530309
213	-30.92534713827697
214	-14.6136667825547
215	-7.003488761230288
216	-11.95801835520247
217	-6.63611404887218
218	-20.1526625491699
219	-20.46712500376941
220	-10.7025549074272
221	-8.477651612566433
222	-16.15034644699717
223	-6.516459278254905
224	-5.621150228843056
225	-12.06599116064483
226	-5.793137005611676
227	-4.632958779659026
228	-4.614152700548978
229	-6.741302316765778
230	-6.82164862711775
231	-5.157038255530309
232	-17.36752482973965
233	-16.75808250096674
234	-6.428867509398607
235	-19.65088422205218
236	-73.52454529692494
237	-93.89614906192766
238	-14.09877453950863
239	-30.70322219165385
240	-19.56433783107601
241	-38.82621503182585
242	-14.71387510514347
243	-6.725728769831518
244	-8.372650937667519
245	-6.983596513580594
246	-8.757536225755301
247	-6.484645479434375
248	-7.525355966025376
249	-6.63611404887218
250	-15.59622078677914
251	-8.90010557552541
252	-6.827833307928032
253	-10.31873344925584
254	-10.8628734096571
255	-25.55583954298477
256	-23.98682382484135
257	-13.21793845241381
258	-8.809054692417622
259	-19.16105771715347
260	-7.332299927849923
261	-28.70135466866902
262	-10.72692657612168
263	-9.282762039336975
264	-61.48279874681719
265	-28.77277985273258
266	-7.569694661249646
267	-9.116473232395105
268	-5.105984395378473
269	-8.506027015072876
270	-6.011019364847479
271	-72.93685707729978
272	-25.64851999982584
273	-10.37052920985203
274	-15.11757397499256
275	-13.67965716623744
276	-28.18130661295677
277	-8.860586461169163
278	-24.06024700573573
279	-6.415570167988219
280	-16.75572051360249
281	-16.13471182811519
282	-18.28554915997652
283	-10.47771182257633
284	-17.02367424619455
285	-25.45134290822054
286	-4.628514728370196
