#SITE	SITE_LOG_LIKELIHOOD
1	-4.94855
2	-16.3802
3	-17.1068
4	-26.0879
5	-5.00187
6	-38.5076
7	-13.6318
8	-4.98625
9	-4.959
10	-4.37281
11	-4.40949
12	-5.28015
13	-4.64246
14	-10.1812
15	-4.9613
16	-11.8845
17	-4.64246
18	-5.547
19	-38.1711
20	-5.02348
21	-4.72958
22	-4.64246
23	-4.70232
24	-5.25913
25	-5.02591
26	-10.1488
27	-4.84393
28	-12.815
29	-4.98764
30	-4.53353
31	-4.74595
32	-4.53353
33	-19.2949
34	-4.70232
35	-4.53626
36	-10.3178
37	-19.3035
38	-11.8781
39	-4.82252
40	-13.9831
41	-19.5864
42	-19.0057
43	-4.82252
44	-5.11068
45	-4.66886
46	-17.6388
47	-4.65327
48	-4.66759
49	-4.62949
50	-4.98919
51	-4.92402
52	-4.82252
53	-4.78615
54	-4.66886
55	-4.37281
56	-4.79239
57	-4.667
58	-4.64246
59	-5.09369
60	-5.28015
61	-4.53626
62	-10.1488
63	-4.83701
64	-4.64246
65	-5.02591
66	-4.94855
67	-58.8435
68	-4.92402
69	-4.59638
70	-4.64246
71	-4.53353
72	-4.72958
73	-4.65327
74	-4.40311
75	-5.33625
76	-12.1725
77	-4.9613
78	-12.106
79	-4.05614
80	-4.90664
81	-4.83701
82	-11.1461
83	-4.92481
84	-4.959
85	-5.08969
86	-4.77949
87	-16.0635
88	-4.77949
89	-4.62949
90	-4.82252
91	-5.09369
92	-5.09369
93	-4.41243
94	-5.25913
95	-4.87052
96	-4.64997
97	-11.5582
98	-11.9495
99	-4.92481
100	-10.9575
101	-4.72958
102	-61.8434
103	-5.11068
104	-4.60063
105	-5.02591
106	-4.98625
107	-4.60175
108	-4.53626
109	-4.78615
110	-5.00187
111	-4.37281
112	-4.84393
113	-4.66759
114	-5.0792
115	-4.94855
116	-4.60175
117	-4.74595
118	-4.60092
119	-4.53626
120	-4.05614
121	-5.547
122	-4.667
123	-4.70232
124	-4.959
125	-11.0878
126	-4.85305
127	-4.94855
128	-20.4147
129	-4.66759
130	-4.98919
131	-4.59638
132	-27.2134
133	-4.959
134	-11.0051
135	-10.3826
136	-9.63526
137	-4.65327
138	-4.60175
139	-4.84393
140	-4.66886
141	-4.77808
142	-4.77808
143	-9.36776
144	-14.0164
145	-4.79239
146	-10.5367
147	-4.85305
148	-4.70232
149	-4.64246
150	-4.34785
151	-5.25913
152	-4.98919
153	-4.94855
154	-14.2329
155	-4.66759
156	-5.00187
157	-10.8814
158	-37.8138
159	-5.09369
160	-4.37281
161	-12.833
162	-99.6835
163	-17.6567
164	-9.78767
165	-5.28258
166	-9.93256
167	-4.65327
168	-10.571
169	-9.799
170	-4.959
171	-4.41243
172	-5.02591
173	-11.1404
174	-4.92481
175	-4.79239
176	-16.1164
177	-12.7668
178	-4.85305
179	-4.84393
180	-49.7263
181	-5.02348
182	-25.5118
183	-10.9629
184	-10.2625
185	-10.842
186	-21.994
187	-4.84393
188	-4.34785
189	-5.09369
190	-9.95193
191	-4.40311
192	-4.05614
193	-4.59638
194	-22.7053
195	-4.53626
196	-4.40311
197	-4.37281
198	-4.59638
199	-4.40311
200	-4.70232
201	-4.90664
202	-5.10507
203	-10.2153
204	-9.42747
205	-4.05614
206	-4.41243
207	-4.92481
208	-5.22367
209	-4.94855
210	-4.72506
211	-4.9613
212	-4.66759
213	-4.53353
214	-10.2409
215	-4.70463
216	-11.0293
217	-5.02591
218	-15.6918
219	-17.1047
220	-5.09369
221	-4.88194
222	-11.98
223	-4.37281
224	-5.28258
225	-9.47814
226	-5.0792
227	-5.22367
228	-4.64246
229	-4.40949
230	-4.70232
231	-4.66759
232	-4.53353
233	-12.052
234	-4.77808
235	-16.8642
236	-50.5748
237	-46.9907
238	-4.83701
239	-30.8265
240	-4.64997
241	-32.178
242	-4.82252
243	-4.66886
244	-4.40949
245	-4.68013
246	-4.70463
247	-4.65327
248	-5.08969
249	-5.02591
250	-4.66759
251	-4.82252
252	-4.78615
253	-5.28015
254	-4.90664
255	-4.83701
256	-4.66886
257	-4.74595
258	-4.72958
259	-10.4154
260	-5.11068
261	-23.6017
262	-4.84393
263	-5.08969
264	-23.7863
265	-10.7834
266	-4.70463
267	-4.59638
268	-4.94855
269	-4.66759
270	-4.53626
271	-59.5393
272	-16.6894
273	-4.60092
274	-5.0356
275	-11.2952
276	-30.3128
277	-4.79239
278	-9.47781
279	-4.81884
280	-9.07145
281	-9.66537
282	-9.49837
283	-8.73801
284	-8.89914
285	-20.6977
286	-5.2128
