#SITE	SITE_LOG_LIKELIHOODS
1	-4.285938536421085e-05
2	-4.285938536421085e-05
3	-13.91171970216157
4	-19.40649333338921
5	-19.57912549594011
6	-23.62272754997932
7	-3.462291890202142
8	-2.717061711302982
9	-5.568799171819487
10	-4.072764135290622
11	-4.039452027974439
12	-5.19523517586119
13	-2.717061711302982
14	-5.904854178774761
15	-2.8765057634918
16	-18.37231860036364
17	-2.717061711302982
18	-3.648438573074038
19	-2.717061711302982
20	-11.76609796664797
21	-4.911649118782143
22	-4.570751684729784
23	-11.80690427871663
24	-3.449805420519457
25	-3.648438573074038
26	-3.68798164667632
27	-3.648438573074038
28	-4.285189761211281
29	-4.198670628021399
30	-4.944489804188263
31	-4.072764135290622
32	-4.452258645885195
33	-66.34515342845589
34	-3.449805420519457
35	-3.804993646931273
36	-3.449805420519457
37	-10.40358387956139
38	-10.88691536833287
39	-4.78722452543717
40	-3.33090543753922
41	-27.14356387754743
42	-4.911649118782143
43	-3.33090543753922
44	-3.565120438440511
45	-11.96828559355225
46	-3.804993646931273
47	-3.565120438440511
48	-3.921964834634105
49	-2.717061711302982
50	-2.8765057634918
51	-3.449805420519457
52	-3.33090543753922
53	-3.462291890202142
54	-15.13784688894306
55	-2.717061711302982
56	-3.670250947591247
57	-2.8765057634918
58	-11.97738106706707
59	-3.462291890202142
60	-2.8765057634918
61	-3.921964834634105
62	-3.804993646931273
63	-3.462291890202142
64	-4.336745803376752
65	-4.822797909985129
66	-3.565120438440511
67	-11.4877643214568
68	-3.449805420519457
69	-9.977488194729276
70	-4.336745803376752
71	-4.452258645885195
72	-4.911649118782143
73	-10.97132101278523
74	-5.448244959684373
75	-5.420227488451639
76	-3.33090543753922
77	-5.004434637513206
78	-3.981000372609742
79	-2.717061711302982
80	-8.985108671065424
81	-4.711172062963985
82	-3.981000372609742
83	-3.921964834634105
84	-2.8765057634918
85	-12.72780604637193
86	-4.067145878623144
87	-3.804993646931273
88	-3.68798164667632
89	-2.717061711302982
90	-4.198670628021399
91	-5.55566592319961
92	-4.764222485104461
93	-4.039452027974439
94	-4.570751684729784
95	-4.67852491742261
96	-11.30428395802798
97	-3.68798164667632
98	-3.68798164667632
99	-3.921964834634105
100	-2.717061711302982
101	-3.981000372609742
102	-10.80825745359604
103	-5.869149233596909
104	-4.78722452543717
105	-3.648438573074038
106	-4.381024129615486
107	-3.449805420519457
108	-3.804993646931273
109	-4.452258645885195
110	-58.39753855965684
111	-4.285189761211281
112	-2.8765057634918
113	-4.067145878623144
114	-9.690783548948149
115	-3.565120438440511
116	-4.830846705803491
117	-10.4468733065166
118	-9.680501750369549
119	-8.791454896787503
120	-5.448244959684373
121	-41.91437553540569
122	-2.8765057634918
123	-2.8765057634918
124	-2.8765057634918
125	-4.072764135290622
126	-3.670250947591247
127	-11.74601928225052
128	-3.449805420519457
129	-3.921964834634105
130	-5.031350032796785
131	-3.449805420519457
132	-2.8765057634918
133	-2.8765057634918
134	-4.565765451051007
135	-8.102183086247846
136	-27.71442973390882
137	-2.717061711302982
138	-2.8765057634918
139	-10.57627438306353
140	-18.71976793285429
141	-3.33090543753922
142	-3.33090543753922
143	-4.822797909985129
144	-12.99592850200617
145	-4.778530034740302
146	-5.371763926816764
147	-5.395659592931683
148	-2.8765057634918
149	-16.98831979305278
150	-5.371763926816764
151	-3.462291890202142
152	-12.66880328279026
153	-4.039452027974439
154	-18.43096577546489
155	-4.067145878623144
156	-10.47847719770787
157	-4.381024129615486
158	-3.670250947591247
159	-3.462291890202142
160	-4.285189761211281
161	-4.067145878623144
162	-3.462291890202142
163	-4.127279681844395
164	-3.804993646931273
165	-4.830846705803491
166	-3.804993646931273
167	-2.717061711302982
168	-4.565765451051007
169	-4.198670628021399
170	-4.023613262073691
171	-4.285189761211281
172	-4.822797909985129
173	-3.33090543753922
174	-4.067145878623144
175	-2.8765057634918
176	-3.462291890202142
177	-4.067145878623144
178	-3.670250947591247
179	-5.395659592931683
180	-3.670250947591247
181	-21.93499487112844
182	-2.8765057634918
183	-3.449805420519457
184	-3.565120438440511
185	-9.657036431249105
186	-4.023613262073691
187	-3.670250947591247
188	-2.717061711302982
189	-3.462291890202142
190	-4.764222485104461
191	-2.717061711302982
192	-2.717061711302982
193	-3.670250947591247
194	-3.449805420519457
195	-3.68798164667632
196	-5.481675389171706
197	-2.717061711302982
198	-3.449805420519457
199	-2.8765057634918
200	-5.481675389171706
201	-4.78722452543717
202	-4.944489804188263
203	-4.711172062963985
204	-16.07371581346923
205	-2.717061711302982
206	-2.717061711302982
207	-3.68798164667632
208	-4.127279681844395
209	-3.565120438440511
210	-3.981000372609742
211	-12.93979965590658
212	-3.921964834634105
213	-22.48272202972843
214	-4.381024129615486
215	-2.8765057634918
216	-4.778530034740302
217	-3.648438573074038
218	-5.371763926816764
219	-4.039452027974439
220	-8.77262183893192
221	-5.19523517586119
222	-3.981000372609742
223	-2.717061711302982
224	-3.648438573074038
225	-4.023613262073691
226	-3.33090543753922
227	-4.127279681844395
228	-4.336745803376752
229	-4.039452027974439
230	-2.8765057634918
231	-3.921964834634105
232	-14.57571683759361
233	-3.670250947591247
234	-4.778530034740302
235	-6.250987017420599
236	-15.47071200529123
237	-41.42813528007626
238	-10.19233602044266
239	-5.475557205969862
240	-14.24754227740267
241	-3.462291890202142
242	-17.97135662235898
243	-4.072764135290622
244	-4.381024129615486
245	-2.8765057634918
246	-2.717061711302982
247	-4.285189761211281
248	-3.33090543753922
249	-3.648438573074038
250	-15.62021995838973
251	-5.031350032796785
252	-4.452258645885195
253	-5.004434637513206
254	-4.198670628021399
255	-21.33682963512231
256	-20.59887988716837
257	-9.20183573607652
258	-3.981000372609742
259	-12.68764708638121
260	-4.67852491742261
261	-2.717061711302982
262	-4.711172062963985
263	-3.921964834634105
264	-42.41120694165639
265	-20.65222391291795
266	-4.023613262073691
267	-3.449805420519457
268	-3.565120438440511
269	-2.8765057634918
270	-4.198670628021399
271	-19.33612407348087
272	-11.03407256904655
273	-3.68798164667632
274	-15.90193281396534
275	-4.039452027974439
276	-2.8765057634918
277	-5.438352863442875
278	-15.12058561572934
279	-3.33090543753922
280	-10.19819097025787
281	-4.023613262073691
282	-10.15379786126495
283	-4.039452020428828
284	-9.204172621244242
285	-4.563469479028374
286	-4.124830386749736
