#SITE	SITE_LOG_LIKELIHOODS
1	-4.439730558857915
2	-16.25798389362752
3	-17.81220054577594
4	-25.34392011251679
5	-4.383714536557347
6	-40.71745759786111
7	-13.55892838425765
8	-4.59509996827521
9	-4.704217114835353
10	-4.416516372953818
11	-4.34743473010544
12	-4.9321985617547
13	-4.686891598143238
14	-11.44068195006451
15	-4.544374098562494
16	-10.8910675182115
17	-4.686891598143238
18	-5.40394875059567
19	-33.82988607198858
20	-4.547089331855554
21	-4.176420668927951
22	-4.686891598143238
23	-4.297184196281562
24	-4.787236256021309
25	-4.691983925735951
26	-11.24495550212472
27	-4.744754135049633
28	-12.74134361504714
29	-4.430611096613599
30	-4.482804750518216
31	-4.33381993582776
32	-4.482804750518216
33	-19.4238423695431
34	-4.297184196281562
35	-4.259804112175045
36	-11.12910650566296
37	-19.63594254536193
38	-12.93814607172827
39	-4.486098640979538
40	-15.95418662534269
41	-19.76532090753736
42	-18.3340531066021
43	-4.486098640979538
44	-5.073743916327803
45	-4.753139713245592
46	-16.68651005212369
47	-4.701648826217822
48	-4.107792990796416
49	-4.809992232114888
50	-4.746731686804514
51	-5.047834200767084
52	-4.486098640979538
53	-4.577225060551924
54	-4.753139713245592
55	-4.416516372953818
56	-4.358968281061799
57	-4.660210319096183
58	-4.686891598143238
59	-5.122718743500028
60	-4.9321985617547
61	-4.259804112175045
62	-11.24495550212472
63	-4.748531392359477
64	-4.686891598143238
65	-4.691983925735951
66	-4.439730558857915
67	-52.56127848837429
68	-5.047834200767084
69	-4.507425784714163
70	-4.686891598143238
71	-4.482804750518216
72	-4.176420668927951
73	-4.701648826217822
74	-4.619585437923344
75	-5.03784662921502
76	-12.03886815190219
77	-4.544374098562494
78	-12.17687909065811
79	-4.887855058616156
80	-5.232133261822631
81	-4.748531392359477
82	-11.93259501538713
83	-4.536379760893384
84	-4.704217114835353
85	-4.724090869102932
86	-4.501215102560828
87	-15.21384241717786
88	-4.501215102560828
89	-4.809992232114888
90	-4.486098640979538
91	-5.122718743500028
92	-5.122718743500028
93	-4.427609487873916
94	-4.787236256021309
95	-4.699586391757956
96	-4.862076468004584
97	-12.40717413102706
98	-13.25374336372885
99	-4.536379760893384
100	-12.01388828072142
101	-4.176420668927951
102	-49.93080623152198
103	-5.073743916327803
104	-4.979007139543789
105	-4.691983925735951
106	-4.59509996827521
107	-4.654453096446304
108	-4.259804112175045
109	-4.577225060551924
110	-4.383714536557347
111	-4.416516372953818
112	-4.744754135049633
113	-4.107792990796416
114	-4.877821738893132
115	-4.439730558857915
116	-4.654453096446304
117	-4.33381993582776
118	-4.818840485671515
119	-4.259804112175045
120	-4.887855058616156
121	-5.40394875059567
122	-4.660210319096183
123	-4.297184196281562
124	-4.704217114835353
125	-12.14341491962655
126	-4.898032012338906
127	-4.439730558857915
128	-20.36703610096703
129	-4.107792990796416
130	-4.746731686804514
131	-4.507425784714163
132	-26.60227056088862
133	-4.704217114835353
134	-12.42613196726963
135	-11.1284318483534
136	-10.95093927995223
137	-4.701648826217822
138	-4.654453096446304
139	-4.744754135049633
140	-4.753139713245592
141	-4.627094451670515
142	-4.627094451670515
143	-10.43674210829109
144	-15.31692636915587
145	-4.358968281061799
146	-11.28071629695872
147	-4.898032012338906
148	-4.297184196281562
149	-4.686891598143238
150	-4.976946976167272
151	-4.787236256021309
152	-4.746731686804514
153	-4.439730558857915
154	-15.62950701570391
155	-4.107792990796416
156	-4.383714536557347
157	-10.64934131090808
158	-38.54396806185124
159	-5.122718743500028
160	-4.416516372953818
161	-13.27060137512717
162	-84.04186227552466
163	-18.6152087780458
164	-10.83884758823122
165	-4.780980429970693
166	-10.85199308057213
167	-4.701648826217822
168	-12.05507107483423
169	-9.174035372622976
170	-4.704217114835353
171	-4.427609487873916
172	-4.691983925735951
173	-12.53907299124315
174	-4.536379760893384
175	-4.358968281061799
176	-14.75348951307732
177	-13.8333544441267
178	-4.898032012338906
179	-4.744754135049633
180	-42.62433951085439
181	-4.547089331855554
182	-24.08273997288703
183	-11.63529518166699
184	-11.05841248234592
185	-10.92950129716164
186	-24.92250653946263
187	-4.744754135049633
188	-4.976946976167272
189	-5.122718743500028
190	-11.64335892088823
191	-4.619585437923344
192	-4.887855058616156
193	-4.507425784714163
194	-21.22865990820442
195	-4.259804112175045
196	-4.619585437923344
197	-4.416516372953818
198	-4.507425784714163
199	-4.619585437923344
200	-4.297184196281562
201	-5.232133261822631
202	-4.990422721941673
203	-11.33144357697524
204	-10.44008456578411
205	-4.887855058616156
206	-4.427609487873916
207	-4.536379760893384
208	-5.160130713165765
209	-4.439730558857915
210	-4.322305162873064
211	-4.544374098562494
212	-4.107792990796416
213	-4.482804750518216
214	-9.701464422508927
215	-4.450273565000898
216	-10.92541742207207
217	-4.691983925735951
218	-16.07944892776529
219	-18.64071768298329
220	-5.122718743500028
221	-5.073934698514903
222	-12.64639408789
223	-4.416516372953818
224	-4.780980429970693
225	-9.000899186150567
226	-4.877821738893132
227	-5.160130713165765
228	-4.686891598143238
229	-4.34743473010544
230	-4.297184196281562
231	-4.107792990796416
232	-4.482804750518216
233	-12.30403986942979
234	-4.627094451670515
235	-17.06380740228425
236	-42.80398925160511
237	-39.3341546515476
238	-4.748531392359477
239	-30.95433070566145
240	-4.862076468004584
241	-31.36908878201877
242	-4.486098640979538
243	-4.753139713245592
244	-4.34743473010544
245	-4.43624091682602
246	-4.450273565000898
247	-4.701648826217822
248	-4.724090869102932
249	-4.691983925735951
250	-4.107792990796416
251	-4.486098640979538
252	-4.577225060551924
253	-4.9321985617547
254	-5.232133261822631
255	-4.748531392359477
256	-4.753139713245592
257	-4.33381993582776
258	-4.176420668927951
259	-10.3804005076357
260	-5.073743916327803
261	-21.71245674484286
262	-4.744754135049633
263	-4.724090869102932
264	-22.16976259359856
265	-10.49618399397001
266	-4.450273565000898
267	-4.507425784714163
268	-4.439730558857915
269	-4.107792990796416
270	-4.259804112175045
271	-48.37773707783557
272	-16.78108531129575
273	-4.818840485671515
274	-4.59471271661293
275	-12.70206729189932
276	-29.56898791068737
277	-4.358968281061799
278	-9.923196757924973
279	-4.484432004978564
280	-8.540751112340178
281	-11.09149228290859
282	-9.867436962861872
283	-8.696821389914037
284	-8.718341073334194
285	-19.73045827193049
286	-5.157026949888345
