#SITE	SITE_LOG_LIKELIHOOD
1	-7.80216
2	-13.0736
3	-54.6197
4	-27.9279
5	-7.24736
6	-7.64395
7	-7.83901
8	-21.3807
9	-32.8173
10	-32.3205
11	-7.18098
12	-24.4968
13	-7.80216
14	-29.1319
15	-7.68084
16	-15.8462
17	-70.2581
18	-51.6125
19	-6.86726
20	-37.6676
21	-22.7525
22	-18.4648
23	-15.7929
24	-37.4225
25	-18.8551
26	-47.9233
27	-13.4824
28	-35.5182
29	-55.3752
30	-35.7306
31	-57.8533
32	-7.80216
33	-35.8314
34	-64.8891
35	-13.7111
36	-20.5273
37	-47.7031
38	-19.0084
39	-8.02907
40	-7.34083
41	-24.4225
42	-7.01039
43	-7.80216
44	-20.4878
45	-31.2254
46	-27.2992
47	-39.8897
48	-14.4107
49	-19.7646
50	-29.0575
51	-14.1207
52	-31.0637
53	-12.882
54	-37.1005
55	-81.634
56	-30.21
57	-20.1992
58	-42.0709
59	-13.8881
60	-13.7085
61	-37.5901
62	-7.67407
63	-15.3821
64	-26.4278
65	-25.271
66	-7.80216
67	-45.4678
68	-21.1828
69	-7.24753
70	-42.9548
71	-8.07002
72	-35.5888
73	-40.4892
74	-24.913
75	-30.6362
76	-40.8265
77	-26.4698
78	-23.4121
79	-31.5657
80	-19.8774
81	-13.78
82	-20.286
83	-20.8053
84	-50.9923
85	-68.7386
86	-31.4834
87	-32.6312
88	-34.8009
89	-25.776
90	-14.0852
91	-13.4266
92	-28.4664
93	-18.1443
94	-39.6071
95	-22.5743
96	-12.8117
97	-7.34083
98	-84.6844
99	-12.6861
100	-44.3412
101	-133.679
102	-105.24
103	-75.2677
104	-7.12437
105	-60.1092
106	-18.0959
107	-46.5689
108	-13.9604
109	-40.7163
110	-12.6924
111	-13.4042
112	-12.964
113	-14.1259
114	-18.3209
115	-7.18098
116	-7.67641
117	-35.7401
118	-55.4314
119	-18.3006
120	-7.12437
121	-27.4876
122	-15.0221
123	-17.9931
124	-31.0035
125	-13.36
126	-15.6223
127	-43.8171
128	-15.5079
129	-57.1321
130	-35.5324
131	-58.127
132	-40.0135
133	-36.0791
134	-21.7666
135	-8.89378
136	-58.168
137	-7.80216
138	-13.9256
139	-7.12437
140	-25.5029
141	-31.4493
142	-13.0986
143	-25.0502
144	-7.63692
145	-26.7537
146	-59.3379
147	-31.6696
148	-44.7759
149	-12.7045
150	-44.9567
151	-16.7078
152	-7.21568
153	-7.36493
154	-21.8182
155	-42.6825
156	-28.7442
157	-54.5021
158	-52.9895
159	-7.80216
160	-19.036
161	-14.4997
162	-31.2068
163	-7.80216
164	-16.1488
165	-31.8356
166	-44.8582
167	-16.7871
168	-26.3044
169	-18.6297
170	-35.7578
171	-37.0766
172	-30.4524
173	-19.3954
174	-29.9237
175	-34.6224
176	-19.4814
177	-19.2348
178	-38.2539
179	-22.4712
180	-45.4264
181	-13.0832
182	-21.7231
183	-21.8451
184	-14.4091
185	-21.2447
186	-72.5524
187	-53.2322
188	-23.3717
189	-7.80216
190	-39.7045
191	-21.8458
192	-49.3022
193	-43.2808
194	-20.1858
195	-25.2793
196	-7.80216
197	-53.9464
198	-7.83901
199	-24.3491
200	-29.2923
201	-19.5186
202	-30.6659
203	-25.0549
204	-50.3365
205	-62.6845
206	-43.2498
207	-7.12437
208	-18.8743
209	-7.28426
210	-33.1594
211	-21.7147
212	-51.8354
213	-57.6065
214	-42.0655
215	-13.5626
216	-52.7782
217	-66.2957
218	-17.4596
219	-33.7874
220	-24.2887
221	-13.2756
222	-12.6006
223	-14.1925
224	-13.4816
225	-13.7298
226	-34.3669
227	-14.8203
228	-44.2855
229	-13.9023
230	-21.6246
231	-7.01039
232	-27.3718
233	-28.4778
234	-13.4464
235	-16.1817
236	-48.1913
237	-20.7187
238	-7.80216
239	-31.1579
240	-31.9642
241	-20.5666
242	-32.5961
243	-19.3702
244	-11.4592
245	-32.5843
246	-59.7171
247	-35.1307
248	-14.3166
249	-19.4498
250	-26.9606
251	-12.6355
252	-17.9351
253	-36.6464
254	-12.7705
255	-25.1112
256	-23.2209
257	-55.4586
258	-26.7068
259	-90.2898
260	-20.02
261	-29.7934
262	-12.9691
263	-26.7575
264	-36.011
265	-22.0283
266	-43.6078
267	-12.0401
268	-66.2157
269	-35.0959
270	-21.1837
271	-25.1372
272	-8.89378
273	-19.4745
274	-33.4549
275	-44.1221
276	-24.5635
277	-20.2205
278	-27.1651
279	-21.1719
280	-32.2807
281	-21.2886
282	-19.0186
283	-15.0677
284	-32.1566
285	-24.6413
286	-13.214
287	-30.2694
288	-55.1158
289	-34.3409
290	-107.258
291	-33.6288
292	-18.274
293	-36.6103
294	-26.475
295	-34.4984
296	-32.2061
297	-13.1708
298	-51.7376
299	-59.598
300	-29.7604
301	-28.4129
302	-18.1414
303	-20.8295
304	-20.6617
305	-11.967
306	-49.3479
307	-21.4212
308	-7.01039
309	-40.9387
310	-23.8672
311	-37.9335
312	-38.4131
313	-7.34083
314	-23.2837
315	-20.1948
316	-34.3937
317	-7.21568
318	-63.7603
319	-81.0332
320	-13.712
321	-20.5833
322	-20.4216
323	-7.38669
324	-14.2571
325	-21.356
326	-49.1538
327	-22.9158
328	-44.7548
329	-51.4777
330	-7.12437
331	-7.80216
332	-15.4945
333	-8.47363
334	-39.1242
335	-54.782
336	-12.6147
337	-24.3481
338	-13.3416
339	-7.18098
340	-24.5662
341	-71.1751
342	-32.1371
343	-59.9085
344	-38.5085
345	-20.367
346	-8.02907
347	-23.8834
348	-12.7017
349	-23.5827
350	-40.2894
351	-26.8219
352	-27.8503
353	-88.0116
354	-39.4535
355	-62.5389
356	-20.1709
357	-36.2147
358	-30.54
359	-19.0684
360	-33.1946
361	-7.21568
362	-33.1625
363	-32.2282
364	-10.8186
365	-21.2595
366	-12.6366
367	-12.9242
368	-12.9085
369	-12.1606
370	-12.8517
371	-14.7561
372	-37.6404
373	-64.1262
374	-25.7282
375	-140.364
376	-16.95
377	-32.1975
378	-29.4076
379	-7.42314
380	-42.2105
381	-32.7508
382	-20.0583
383	-14.3989
384	-75.4925
385	-17.6411
386	-7.12437
387	-21.2423
388	-15.4481
389	-52.0275
390	-7.64395
391	-42.3567
392	-7.45944
393	-19.8469
394	-37.4809
395	-7.60108
396	-36.9487
397	-27.5588
398	-7.01039
399	-25.1071
400	-41.7371
401	-64.3379
402	-53.7858
403	-30.2279
404	-57.764
405	-25.0778
406	-30.6108
407	-19.6104
408	-45.3254
409	-17.5557
410	-22.1816
411	-80.0064
412	-19.3221
413	-20.75
414	-52.4706
415	-12.5902
416	-14.884
417	-58.8114
418	-18.5297
419	-32.2645
420	-15.0388
421	-27.4699
422	-46.808
423	-57.9497
424	-26.0891
425	-58.9283
426	-7.80216
427	-13.798
428	-20.9942
429	-20.8852
430	-22.3869
431	-31.9154
432	-25.3961
433	-100.464
434	-32.4575
435	-29.0932
436	-25.3965
437	-32.9328
438	-28.4697
439	-13.6682
440	-7.80216
441	-32.9501
442	-33.0421
443	-12.0051
444	-27.3465
445	-7.67641
446	-36.4481
447	-27.0826
448	-7.80216
449	-12.8987
450	-83.6965
451	-13.4994
452	-28.0808
453	-25.883
454	-27.9916
455	-22.9873
456	-18.697
457	-70.8833
458	-13.9036
459	-46.1686
460	-7.32621
461	-34.2108
462	-21.0201
463	-27.4861
464	-13.0852
465	-19.6693
466	-13.0889
467	-33.8556
468	-19.5602
469	-12.4464
470	-31.7093
471	-7.38669
472	-61.3415
473	-11.8139
474	-34.271
475	-19.6472
476	-7.82256
477	-27.868
478	-12.824
479	-13.9465
480	-27.4058
481	-7.80216
482	-22.1112
483	-23.3331
484	-7.18098
485	-19.8333
486	-7.24753
487	-7.34083
488	-8.02907
489	-8.02907
490	-13.7464
491	-7.79362
492	-7.63692
493	-16.0128
494	-45.7805
495	-46.437
496	-39.6184
497	-7.79362
498	-50.0736
