#SITE	SITE_LOG_LIKELIHOOD
1	-4.69991
2	-4.65757
3	-98.8222
4	-10.844
5	-4.9176
6	-4.91969
7	-4.91797
8	-4.84701
9	-4.72486
10	-10.2174
11	-21.9982
12	-4.91766
13	-4.53095
14	-17.6925
15	-4.6196
16	-4.84424
17	-11.195
18	-37.9853
19	-12.9617
20	-10.7031
21	-13.7219
22	-27.3897
23	-14.108
24	-4.91753
25	-14.3002
26	-4.7258
27	-9.57833
28	-5.10956
29	-20.5757
30	-4.53302
31	-4.92598
32	-4.91651
33	-4.44181
34	-4.5315
35	-4.72429
36	-4.72577
37	-11.0684
38	-4.72469
39	-4.61002
40	-5.10645
41	-4.91812
42	-4.92076
43	-9.9349
44	-16.1876
45	-37.7217
46	-4.91774
47	-19.3349
48	-10.0748
49	-4.7248
50	-11.4003
51	-5.11753
52	-12.2429
53	-12.0724
54	-4.72513
55	-4.72423
56	-4.91551
57	-4.91728
58	-10.5055
59	-4.91162
60	-4.72591
61	-13.8894
62	-4.65234
63	-4.53331
64	-4.72019
65	-49.8433
66	-4.731
67	-4.84716
68	-4.53624
69	-11.857
70	-4.91674
71	-4.71979
72	-50.5754
73	-8.8375
74	-4.70163
75	-5.10297
76	-4.66147
77	-4.72534
78	-4.92364
79	-4.91836
80	-4.91717
81	-4.72632
82	-4.72402
83	-4.7729
84	-12.0127
85	-5.10897
86	-4.9227
87	-11.1493
88	-4.92215
89	-4.72768
90	-19.207
91	-5.10917
92	-4.72525
93	-4.72512
94	-4.91791
95	-4.61063
96	-4.91775
97	-4.91863
98	-4.8462
99	-5.11087
100	-4.53305
101	-5.11111
102	-4.5334
103	-4.72392
104	-5.10963
105	-4.61945
106	-11.0783
107	-4.69158
108	-4.72617
109	-4.72535
110	-5.10961
111	-23.4001
112	-5.11019
113	-4.72612
114	-15.8836
115	-5.10953
116	-4.91823
117	-5.11029
118	-4.50459
119	-5.10613
120	-11.3579
121	-4.71922
122	-16.5968
123	-4.70268
124	-9.66583
125	-26.1464
126	-5.10903
127	-9.67143
128	-4.72951
129	-59.6736
130	-4.92426
131	-4.69243
132	-5.11819
133	-4.66202
134	-10.5089
135	-9.89254
136	-10.6516
137	-4.73443
138	-4.72612
139	-4.92465
140	-9.79562
141	-4.65358
142	-4.73097
143	-4.57366
144	-10.548
145	-4.53375
146	-4.92718
147	-5.11067
148	-10.211
149	-19.6699
150	-4.51493
151	-4.72499
152	-4.91796
153	-22.5776
154	-9.99784
155	-5.11244
156	-38.3892
157	-4.91748
158	-5.11764
159	-46.8639
160	-5.11167
161	-11.0332
162	-12.7632
163	-4.91811
164	-4.72696
165	-10.252
166	-10.2112
167	-4.72112
168	-4.91827
169	-4.91777
170	-4.84547
171	-17.2169
172	-32.0964
173	-5.11017
174	-4.84353
175	-4.91892
176	-9.32869
177	-9.89322
178	-5.10756
179	-4.44628
180	-11.1688
181	-4.92636
182	-4.53316
183	-9.25519
184	-4.71999
185	-9.80714
186	-4.72592
187	-4.91569
188	-4.71947
189	-10.8436
190	-4.72547
191	-4.91786
192	-4.91857
193	-5.10943
194	-12.0142
195	-4.91659
196	-60.0611
197	-16.3049
198	-4.91851
199	-25.5699
200	-4.72657
201	-4.6236
202	-4.53324
203	-4.91729
204	-4.91854
205	-12.8333
206	-4.72439
207	-4.84565
208	-10.0997
209	-4.76794
210	-4.72575
211	-4.89182
212	-16.441
213	-4.91774
214	-4.91844
215	-4.69716
216	-4.69674
217	-8.84165
218	-4.91843
219	-4.43822
220	-4.91952
221	-4.91479
222	-4.72538
223	-10.2889
224	-4.72855
225	-4.72582
226	-10.8416
227	-19
228	-4.93078
229	-12.1023
230	-4.91032
231	-30.3287
232	-17.1562
233	-4.73031
234	-4.57741
235	-5.12203
236	-4.72787
237	-4.53422
238	-12.0132
239	-4.91858
240	-4.72589
241	-4.50101
242	-20.8184
243	-4.84516
244	-4.91221
245	-4.90937
246	-4.72222
247	-4.70559
248	-23.9076
249	-16.9582
250	-4.91815
251	-4.72532
252	-4.72565
253	-5.11036
254	-4.53392
255	-4.73475
256	-4.90909
257	-4.91681
258	-4.72328
259	-4.66063
260	-4.9198
261	-4.44081
262	-4.84468
263	-30.8655
264	-4.72817
265	-17.7089
266	-4.9176
267	-4.91757
268	-4.72428
269	-61.4905
270	-4.91706
271	-4.53803
272	-4.50818
273	-4.72571
274	-4.73084
275	-4.51085
276	-4.9178
277	-4.62336
278	-9.26223
279	-4.73645
280	-4.72419
281	-4.84806
282	-4.5305
283	-4.92597
284	-4.62177
285	-4.72482
286	-4.43989
