#SITE	SITE_LOG_LIKELIHOOD
1	-1.41334
2	-16.699
3	-16.1143
4	-25.027
5	-4.21457
6	-35.9314
7	-12.8768
8	-5.3113
9	-5.02605
10	-4.2233
11	-3.77438
12	-5.11352
13	-4.23508
14	-9.4797
15	-5.30433
16	-11.8256
17	-4.06459
18	-3.69934
19	-36.0545
20	-3.9765
21	-3.84914
22	-4.49557
23	-3.40012
24	-5.10195
25	-4.63029
26	-10.0607
27	-3.48789
28	-12.0393
29	-5.13927
30	-4.22971
31	-3.55028
32	-4.55888
33	-26.3814
34	-4.15595
35	-1.81045
36	-10.5513
37	-24.6008
38	-11.4747
39	-5.01056
40	-12.3024
41	-18.6111
42	-21.6728
43	-2.25832
44	-2.68214
45	-4.28435
46	-16.349
47	-3.95712
48	-2.86879
49	-4.16674
50	-5.15428
51	-4.2388
52	-2.94338
53	-4.99945
54	-4.71221
55	-4.04591
56	-4.47074
57	-4.64088
58	-4.40176
59	-3.04682
60	-5.32171
61	-4.94261
62	-9.85597
63	-3.82367
64	-1.22851
65	-2.05024
66	-3.62537
67	-58.6038
68	-2.04566
69	-2.07207
70	-2.99898
71	-1.14501
72	-3.25639
73	-4.19729
74	-2.93677
75	-3.10016
76	-10.3934
77	-4.77172
78	-13.0607
79	-2.33237
80	-4.85445
81	-4.09826
82	-10.0583
83	-2.30645
84	-5.21004
85	-4.42516
86	-4.77765
87	-14.0816
88	-4.70702
89	-3.36206
90	-5.05646
91	-3.49817
92	-4.83306
93	-3.12582
94	-5.23407
95	-2.5948
96	-4.83334
97	-14.9368
98	-12.0217
99	-4.23203
100	-9.43706
101	-4.38091
102	-61.7198
103	-2.71723
104	-2.59251
105	-2.91629
106	-4.44965
107	-3.31826
108	-4.56265
109	-5.10313
110	-3.79614
111	-4.37415
112	-5.45554
113	-4.66977
114	-2.35891
115	-2.88755
116	-3.52765
117	-3.29805
118	-5.07642
119	-3.52334
120	-2.43087
121	-1.89543
122	-5.1446
123	-2.89025
124	-3.6609
125	-9.66267
126	-4.25402
127	-4.38127
128	-27.5855
129	-0.818359
130	-1.51257
131	-3.51824
132	-23.5624
133	-3.53162
134	-9.2171
135	-9.1267
136	-15.5259
137	-3.49151
138	-5.15723
139	-4.79717
140	-3.26276
141	-2.82863
142	-2.31005
143	-7.81789
144	-13.6607
145	-5.07646
146	-8.96991
147	-4.17818
148	-5.35302
149	-3.57082
150	-3.84406
151	-5.05988
152	-5.23795
153	-4.68004
154	-13.2762
155	-1.05174
156	-5.16043
157	-10.6138
158	-37.0233
159	-3.88394
160	-4.0461
161	-11.1667
162	-94.8259
163	-17.1202
164	-14.2957
165	-3.93516
166	-9.72441
167	-3.85201
168	-8.93429
169	-9.64275
170	-4.76005
171	-5.24042
172	-5.05656
173	-10.8533
174	-2.23826
175	-5.18443
176	-15.805
177	-14.5623
178	-2.86847
179	-2.4393
180	-41.865
181	-2.3866
182	-29.4671
183	-11.3954
184	-8.541
185	-8.71215
186	-17.4166
187	-3.82659
188	-3.82016
189	-5.05844
190	-9.97653
191	-3.37514
192	-3.6118
193	-5.2187
194	-22.2183
195	-4.47249
196	-5.41494
197	-2.82225
198	-4.45001
199	-5.31785
200	-5.23674
201	-3.56827
202	-4.42499
203	-15.5162
204	-9.27769
205	-2.53353
206	-4.87626
207	-5.20495
208	-1.2392
209	-1.39498
210	-4.5924
211	-5.0579
212	-2.19165
213	-4.60442
214	-8.5954
215	-2.93155
216	-9.92219
217	-4.70379
218	-15.6085
219	-15.2572
220	-2.3921
221	-4.80067
222	-12.1136
223	-3.74233
224	-2.90173
225	-10.0088
226	-4.47088
227	-0.924439
228	-3.19183
229	-2.58999
230	-3.02645
231	-1.59642
232	-1.17411
233	-9.88322
234	-2.60559
235	-16.4708
236	-55.3385
237	-45.7426
238	-4.97893
239	-31.6707
240	-3.2844
241	-36.0242
242	-2.63214
243	-3.13135
244	-3.0875
245	-3.00144
246	-4.44724
247	-3.52947
248	-1.83082
249	-3.80182
250	-5.10243
251	-4.72305
252	-4.91836
253	-4.51498
254	-4.96184
255	-2.75525
256	-3.09913
257	-3.08527
258	-3.08032
259	-8.50246
260	-2.78441
261	-21.5014
262	-4.26798
263	-3.34424
264	-21.8803
265	-10.6843
266	-4.98731
267	-4.85126
268	-3.94381
269	-5.09216
270	-4.69687
271	-58.3148
272	-15.3019
273	-4.96875
274	-4.82652
275	-13.0064
276	-28.7624
277	-4.70422
278	-7.23805
279	-3.31538
280	-9.19927
281	-9.38253
282	-8.36987
283	-7.79224
284	-8.92075
285	-19.7108
286	-0.988131
