#SITE	SITE_LOG_LIKELIHOOD
1	-7.43011
2	-3.85337
3	-4.18894
4	-5.16777
5	-4.07614
6	-4.48525
7	-3.76647
8	-4.54548
9	-3.89578
10	-3.84648
11	-3.12241
12	-3.54913
13	-3.63495
14	-4.18536
15	-4.43926
16	-3.15177
17	-3.45626
18	-3.3423
19	-5.05172
20	-4.70334
21	-4.60876
22	-3.6574
23	-2.64339
24	-4.48206
25	-18.0951
26	-12.5594
27	-15.46
28	-3.44582
29	-4.54081
30	-4.03248
31	-9.32857
32	-4.12543
33	-5.23627
34	-5.22147
35	-11.7761
36	-4.94233
37	-4.21003
38	-11.1966
39	-4.8843
40	-2.69048
41	-4.61733
42	-10.0365
43	-11.0928
44	-8.80282
45	-3.39698
46	-4.84867
47	-67.7182
48	-5.45913
49	-3.27772
50	-4.27273
51	-3.80518
52	-2.46231
53	-12.8325
54	-4.81824
55	-4.29095
56	-3.89559
57	-3.51659
58	-13.415
59	-24.2555
60	-25.3038
61	-11.8497
62	-3.53409
63	-4.90543
64	-3.89196
65	-5.76285
66	-3.49459
67	-3.92981
68	-15.2354
69	-7.84486
70	-5.29377
71	-4.3423
72	-18.3005
73	-3.99387
74	-9.53537
75	-12.951
76	-16.1359
77	-3.32936
78	-7.72922
79	-11.8193
80	-4.18732
81	-6.03274
82	-50.8251
83	-5.89732
84	-4.18167
85	-3.46929
86	-5.7971
87	-3.26592
88	-18.4966
89	-5.99501
90	-10.6862
91	-6.54704
92	-3.84893
93	-6.31391
94	-4.14658
95	-2.46827
96	-4.14842
97	-4.97548
98	-4.21226
99	-3.94778
100	-3.42165
101	-4.38982
102	-5.48568
103	-22.7617
104	-8.64434
105	-5.43085
106	-5.07616
107	-4.49957
108	-4.50149
109	-5.55112e-16
110	-4.19922
111	-3.84577
112	-10.1115
113	-4.57146
114	-6.22518
115	-4.67732
116	-4.61706
117	-5.36973
118	-10.0791
119	-3.05364
120	-4.23831
121	-4.21419
122	-11.1663
123	-8.54215
124	-2.57556
125	-29.7607
126	-12.872
127	-3.86182
128	-15.3172
129	-14.3399
130	-3.1238
131	-3.95883
132	-9.64844
133	-11.6482
134	-2.70374
135	-4.32791
136	-8.11773
137	-9.96697
138	-18.4967
139	-6.82711
140	-12.8306
141	-4.97267
142	-8.52705
143	-4.12003
144	-17.1591
145	-4.68886
146	-9.59417
147	-4.09681
148	-4.7608
149	-30.867
150	-28.7436
151	-4.11228
152	-10.9138
153	-3.79945
154	-4.7733
155	-5.98448
156	-19.7746
157	-11.7465
158	-9.37061
159	-46.3214
160	-5.87373
161	-10.1347
162	-3.871
163	-3.69309
164	-7.71755
165	-5.22603
166	-4.13188
167	-4.25905
168	-5.14171
169	-5.46648
170	-50.3517
171	-5.05512
172	-3.75303
173	-3.60612
174	-4.72285
175	-12.3438
176	-12.2615
177	-7.24189
178	-4.00912
179	-8.60202
180	-5.46624
181	-9.50749
182	-5.27724
183	-9.82901
184	-3.98589
185	-28.8777
186	-4.33174
187	-3.41307
188	-10.9894
189	-4.6335
190	-5.94292
191	-5.79021
192	-5.42515
193	-4.51754
194	-5.10901
195	-4.51801
196	-20.0483
197	-3.94412
198	-9.91998
199	-3.89947
200	-4.6977
201	-5.98226
202	-5.40237
203	-3.63045
204	-3.95286
205	-9.81151
206	-4.07413
207	-4.11932
208	-2.75579
209	-12.9412
210	-12.9816
211	-3.57723
212	-5.55112e-16
213	-4.50509
214	-5.55924
215	-9.76131
216	-4.42973
217	-10.7775
218	-4.6127
219	-2.64226
220	-6.09782
221	-3.94199
222	-3.70332
223	-4.4379
224	-6.27031
225	-12.0735
226	-3.25342
227	-6.51834
228	-9.93808
229	-18.8406
230	-2.46927
231	-2.88543
232	-14.5917
233	-16.2762
234	-10.9726
235	-4.29892
236	-16.7238
237	-4.35523
238	-4.43104
239	-6.83687
240	-14.8427
241	-5.78605
242	-7.32184
243	-5.0405
244	-9.11559
245	-6.03292
246	-3.95117
247	-11.6839
248	-47.2397
249	-4.21432
250	-4.33189
251	-4.76958
252	-10.5639
253	-10.3122
254	-5.10088
255	-4.81876
256	-2.56417
257	-5.81886
258	-4.06988
259	-10.4244
260	-6.49796
261	-3.71208
262	-5.40122
263	-3.28565
264	-6.07667
265	-4.83484
266	-3.57312
267	-4.12067
268	-4.37501
269	-10.2251
270	-4.50698
271	-12.5366
272	-8.32733
273	-4.5617
274	-7.30536
275	-11.0615
276	-4.65615
277	-5.88428
278	-9.26821
279	-11.0018
280	-11.6708
281	-4.49179
282	-8.03667
283	-10.7042
284	-4.01958
285	-4.82033
286	-3.88077
