#SITE	SITE_LOG_LIKELIHOODS
1	-3.816171643639833
2	-12.35904042369465
3	-17.08812251198937
4	-25.25060632640501
5	-4.795240831300752
6	-43.20908218340993
7	-13.11873352284161
8	-5.499402434100696
9	-4.066933805786753
10	-3.962316177271418
11	-4.637839110419013
12	-4.941323635426838
13	-3.782511322623098
14	-10.18231892089368
15	-4.958412372518824
16	-10.24401534097072
17	-3.782511322623098
18	-5.235605633334546
19	-29.9767102837986
20	-5.450144023503174
21	-4.45151931263455
22	-3.782511322623098
23	-4.131171430316197
24	-5.116485034256467
25	-4.248780297282853
26	-10.50499897244774
27	-4.244646871565808
28	-12.90729809814647
29	-5.460320602031984
30	-4.36341044051603
31	-4.685570471958244
32	-4.36341044051603
33	-16.24507181552809
34	-4.131171430316197
35	-3.844468462229769
36	-10.70906802602113
37	-20.08196533164858
38	-14.76710693827832
39	-3.93184595933603
40	-14.33216943568755
41	-17.58937341818777
42	-18.84018791804663
43	-3.93184595933603
44	-4.873780331099971
45	-4.180037673587058
46	-16.2799167581791
47	-3.969356081144963
48	-3.727111879670222
49	-5.470172059516647
50	-4.513245878522871
51	-5.587027170187789
52	-3.93184595933603
53	-4.402756217684073
54	-4.180037673587058
55	-3.962316177271418
56	-3.990965819439655
57	-4.539018139187296
58	-3.782511322623098
59	-4.26534867364976
60	-4.941323635426838
61	-3.844468462229769
62	-10.50499897244774
63	-4.329722624460594
64	-3.782511322623098
65	-4.248780297282853
66	-3.816171643639833
67	-50.81599912485308
68	-5.587027170187789
69	-4.545036696053636
70	-3.782511322623098
71	-4.36341044051603
72	-4.45151931263455
73	-3.969356081144963
74	-4.812140524823667
75	-6.002638864615538
76	-11.96914877556488
77	-4.958412372518824
78	-14.70018382299553
79	-4.713125881991482
80	-4.993988405978108
81	-4.329722624460594
82	-11.77374094696474
83	-4.626132110813947
84	-4.066933805786753
85	-4.65907565254955
86	-4.520512179331356
87	-14.9424720423393
88	-4.520512179331356
89	-5.470172059516647
90	-3.93184595933603
91	-4.26534867364976
92	-4.26534867364976
93	-4.633945715155713
94	-5.116485034256467
95	-6.102605430858014
96	-5.069449281794262
97	-13.08010731806001
98	-13.49569570865663
99	-4.626132110813947
100	-13.85958815209093
101	-4.45151931263455
102	-50.42898077652217
103	-4.873780331099971
104	-5.472473992370292
105	-4.248780297282853
106	-5.499402434100696
107	-5.012925253004187
108	-3.844468462229769
109	-4.402756217684073
110	-4.795240831300752
111	-3.962316177271418
112	-4.244646871565808
113	-3.727111879670222
114	-5.045203536606274
115	-3.816171643639833
116	-5.012925253004187
117	-4.685570471958244
118	-5.421206035777424
119	-3.844468462229769
120	-4.713125881991482
121	-5.235605633334546
122	-4.539018139187296
123	-4.131171430316197
124	-4.066933805786753
125	-11.61847288424764
126	-4.946738409227919
127	-3.816171643639833
128	-20.83799114595941
129	-3.727111879670222
130	-4.513245878522871
131	-4.545036696053636
132	-29.65736540125358
133	-4.066933805786753
134	-12.75288160891916
135	-10.84252187709597
136	-9.6207150881405
137	-3.969356081144963
138	-5.012925253004187
139	-4.244646871565808
140	-4.180037673587058
141	-4.687606985607847
142	-4.687606985607847
143	-11.31140338956727
144	-12.76252777810123
145	-3.990965819439655
146	-13.10843852706623
147	-4.946738409227919
148	-4.131171430316197
149	-3.782511322623098
150	-4.944187504226228
151	-5.116485034256467
152	-4.513245878522871
153	-3.816171643639833
154	-14.30488751354673
155	-3.727111879670222
156	-4.795240831300752
157	-13.42000837436364
158	-39.96267466142452
159	-4.26534867364976
160	-3.962316177271418
161	-14.13043135889968
162	-95.9139749062724
163	-20.48050212830925
164	-11.54927730230426
165	-4.953453150179848
166	-10.33253173028373
167	-3.969356081144963
168	-13.55037824353895
169	-8.758914311019531
170	-4.066933805786753
171	-4.633945715155713
172	-4.248780297282853
173	-13.01824314067042
174	-4.626132110813947
175	-3.990965819439655
176	-13.08356608641591
177	-14.49234499233294
178	-4.946738409227919
179	-4.244646871565808
180	-41.78111590477246
181	-5.450144023503174
182	-24.4479260268693
183	-12.04959165107279
184	-12.13815071059681
185	-11.29583615055087
186	-26.23408781837701
187	-4.244646871565808
188	-4.944187504226228
189	-4.26534867364976
190	-12.64079903998736
191	-4.812140524823667
192	-4.713125881991482
193	-4.545036696053636
194	-25.43482821099285
195	-3.844468462229769
196	-4.812140524823667
197	-3.962316177271418
198	-4.545036696053636
199	-4.812140524823667
200	-4.131171430316197
201	-4.993988405978108
202	-6.158487868360916
203	-12.31661927228178
204	-10.7003148592772
205	-4.713125881991482
206	-4.633945715155713
207	-4.626132110813947
208	-4.457965303372434
209	-3.816171643639833
210	-3.960108137894907
211	-4.958412372518824
212	-3.727111879670222
213	-4.36341044051603
214	-12.12257611895037
215	-4.056894043506194
216	-10.62963620526205
217	-4.248780297282853
218	-15.5410910977166
219	-17.22011593483097
220	-4.26534867364976
221	-6.060647023923229
222	-12.75610078319709
223	-3.962316177271418
224	-4.953453150179848
225	-9.108735933878071
226	-5.045203536606274
227	-4.457965303372434
228	-3.782511322623098
229	-4.637839110419013
230	-4.131171430316197
231	-3.727111879670222
232	-4.36341044051603
233	-12.50541038320241
234	-4.687606985607847
235	-16.39777911997427
236	-40.27608435574061
237	-42.52476849721437
238	-4.329722624460594
239	-29.66748669773068
240	-5.069449281794262
241	-33.11540090817588
242	-3.93184595933603
243	-4.180037673587058
244	-4.637839110419013
245	-4.04840278634585
246	-4.056894043506194
247	-3.969356081144963
248	-4.65907565254955
249	-4.248780297282853
250	-3.727111879670222
251	-3.93184595933603
252	-4.402756217684073
253	-4.941323635426838
254	-4.993988405978108
255	-4.329722624460594
256	-4.180037673587058
257	-4.685570471958244
258	-4.45151931263455
259	-10.32962434979795
260	-4.873780331099971
261	-21.56913591253716
262	-4.244646871565808
263	-4.65907565254955
264	-22.69173118773967
265	-10.69889136401719
266	-4.056894043506194
267	-4.545036696053636
268	-3.816171643639833
269	-3.727111879670222
270	-3.844468462229769
271	-45.31143962010119
272	-17.68808252906123
273	-5.421206035777424
274	-4.781856323555911
275	-12.920889436678
276	-26.05328453079115
277	-3.990965819439655
278	-11.23013849628229
279	-3.930326358073913
280	-8.6844670296773
281	-11.89537957071412
282	-10.49896741076151
283	-9.070958449086783
284	-9.018473920547633
285	-21.97880709952629
286	-4.455487910654859
