#SITE	SITE_LOG_LIKELIHOODS
1	-3.723949489393587
2	-12.75764674352941
3	-50.63555537680185
4	-32.85501092976013
5	-6.750877152970029
6	-6.30218813991713
7	-5.442214600083749
8	-20.66862226500252
9	-32.03198043763088
10	-28.04406455665504
11	-5.143711449898272
12	-21.76327238688665
13	-3.723949489393587
14	-24.59121269646646
15	-5.58879431507398
16	-14.33293209336558
17	-50.58018060904903
18	-52.92339151750269
19	-6.226442494621639
20	-58.87993665208587
21	-25.37671456649892
22	-18.65750909680518
23	-12.60644650673214
24	-34.4561002620099
25	-16.03316147272176
26	-41.85001936160043
27	-13.57891081423747
28	-29.97671508608342
29	-58.6140298598624
30	-28.95872907819283
31	-54.33920585004949
32	-3.723949489393587
33	-41.44882662046015
34	-74.62938047554758
35	-11.91044867199676
36	-18.67523235486136
37	-38.06024089681501
38	-19.77437360144244
39	-5.358887669632571
40	-5.867232559259845
41	-24.46696146045918
42	-5.288846805866741
43	-3.723949489393587
44	-17.62582196758894
45	-27.46937207069324
46	-23.55766874207564
47	-35.5921518560789
48	-12.67856995409573
49	-20.01116357793862
50	-31.02903810234258
51	-11.68773825469375
52	-37.06109078740453
53	-11.01717286011289
54	-34.06811498542586
55	-71.60508383247046
56	-29.93470583284691
57	-17.61662922736116
58	-34.73721617802833
59	-12.21842900753804
60	-12.51409800626174
61	-37.519267452103
62	-5.862754209834451
63	-13.70474737105842
64	-22.99622666997747
65	-25.56593419328879
66	-3.723949489393587
67	-42.16772340139514
68	-21.42650427739217
69	-5.694234800315213
70	-43.54280959685531
71	-5.925715194875912
72	-28.89317609796234
73	-35.69183881498299
74	-21.44054202500505
75	-26.0637862172935
76	-38.43944968409627
77	-27.20926642865672
78	-20.07855105162179
79	-32.40904563563416
80	-17.17195962548651
81	-15.74174340446094
82	-18.34535681412247
83	-20.22373865537053
84	-42.59668380465239
85	-72.0632705186506
86	-29.38044586204413
87	-29.03081741186093
88	-29.21445787483091
89	-23.39070204489122
90	-12.93211887954697
91	-11.61425542902008
92	-25.13558201405806
93	-15.23293092662684
94	-34.11599524408147
95	-19.93535119505854
96	-11.67912956384959
97	-5.867232559259845
98	-77.01697038883596
99	-11.67659054737768
100	-48.58361930727447
101	-142.8406224479708
102	-109.492593075528
103	-63.03550302000163
104	-4.616860168355678
105	-69.25442571547174
106	-16.52072235656228
107	-47.09161332293463
108	-12.39832178762596
109	-41.1877465467638
110	-11.40528077042767
111	-11.80805397653408
112	-10.85401514152727
113	-12.32856584900578
114	-18.64629855586112
115	-5.143711449898272
116	-5.680786534264525
117	-29.52983359532226
118	-50.25652980882501
119	-16.09211014863756
120	-4.616860168355678
121	-26.4842982537956
122	-16.88171634758393
123	-17.5797258844742
124	-27.33504473507357
125	-11.10312099239829
126	-13.10124727601777
127	-51.32152011436862
128	-13.05551735340038
129	-54.06482832581714
130	-35.77235444080159
131	-52.55402752299163
132	-40.11941045756613
133	-37.34344092435474
134	-22.14719923240287
135	-6.29128423751225
136	-68.70109746862082
137	-3.723949489393587
138	-11.60337436316253
139	-4.616860168355678
140	-22.2515058248091
141	-29.85716130191501
142	-10.78485097178745
143	-26.44826196166255
144	-5.508792915441642
145	-23.29454360742123
146	-61.63308108734107
147	-25.34197869818964
148	-34.87933565566286
149	-11.64474095198995
150	-37.03108373273108
151	-13.72168856548803
152	-7.327225427337999
153	-5.452054757832307
154	-20.47507819120653
155	-42.34277073096784
156	-29.89412222611749
157	-54.37611872414809
158	-50.66065392454774
159	-3.723949489393587
160	-15.93802427251492
161	-12.9284092958956
162	-29.73233595865092
163	-3.723949489393587
164	-13.5513780834213
165	-27.5532930686898
166	-44.15663617858911
167	-14.35049466961962
168	-21.94400440431911
169	-19.57682393117645
170	-32.98035140028702
171	-34.06766135643856
172	-27.36386554100045
173	-17.56718883373095
174	-25.31887183588524
175	-28.27897215331683
176	-17.21702375252002
177	-16.65453727477213
178	-33.42996546289295
179	-17.21086510573152
180	-43.86828007087229
181	-12.08682176596941
182	-19.56559350519015
183	-24.05348000029925
184	-12.60006728135498
185	-19.47197585975385
186	-70.93974202003798
187	-40.6222163745861
188	-21.78075491724077
189	-3.723949489393587
190	-35.7906583756029
191	-19.73323208756211
192	-37.15079072136903
193	-45.73917619180051
194	-19.02915790945075
195	-21.83545583391341
196	-3.723949489393587
197	-48.54892882628811
198	-5.442214600083749
199	-25.98633655722144
200	-24.53087585515156
201	-19.53842001104734
202	-26.22435487616197
203	-21.33070313891069
204	-46.63229958114113
205	-49.2584334979972
206	-35.65219033790822
207	-4.616860168355678
208	-16.81892049241105
209	-6.257090401097967
210	-28.31219209211987
211	-19.03138228090433
212	-40.93503230966524
213	-51.55671598378966
214	-33.02704288085076
215	-13.6118935899564
216	-40.16257071116934
217	-78.11133303211598
218	-16.93987592453834
219	-31.21420155271431
220	-24.6970874925698
221	-12.29049485171849
222	-10.38353045158101
223	-11.54873967000857
224	-11.82539487290673
225	-12.41160043275012
226	-33.19041702311343
227	-13.04066907734445
228	-38.65882093881107
229	-12.10572031203215
230	-18.71896233508582
231	-5.288846805866741
232	-25.86438684571147
233	-23.17860397751754
234	-12.0414397502525
235	-13.89554740024027
236	-45.97461594613034
237	-18.58551241551271
238	-3.723949489393587
239	-31.84418649456399
240	-27.58319605079926
241	-18.32321976770333
242	-29.50871899940987
243	-17.247956608782
244	-9.204971036232143
245	-28.86227159510597
246	-53.8023771126474
247	-28.50631495510521
248	-13.33826151063757
249	-16.80659820282086
250	-23.56882629817241
251	-11.6401203611132
252	-15.48907358024315
253	-37.54488586264368
254	-10.5459132921216
255	-21.67495609454965
256	-25.41900569991833
257	-56.53778543948526
258	-22.91009053072856
259	-95.24144515690679
260	-19.47195298266487
261	-26.60104218646111
262	-11.40379523893258
263	-27.42042353139511
264	-35.93577131074521
265	-21.65675419842482
266	-42.72454657244259
267	-11.02265493173599
268	-54.0774006033356
269	-34.21908804310149
270	-20.89945416398456
271	-26.84521658627835
272	-6.29128423751225
273	-18.34818065200913
274	-28.48781212834839
275	-36.84756889775694
276	-25.81268775620245
277	-18.00771140750925
278	-25.3944706777942
279	-19.23613309057981
280	-35.28275684824218
281	-19.05593504309381
282	-16.47041660015723
283	-12.27069902914133
284	-31.01352763760841
285	-24.06885812602915
286	-15.49474885084892
287	-29.36980287656959
288	-47.43371812038976
289	-29.78842593119937
290	-119.7777619233451
291	-27.46622327375766
292	-15.56979706253389
293	-35.99838738452121
294	-23.01330476106686
295	-30.32097077968378
296	-27.557905187246
297	-11.86017036728853
298	-49.10397559107046
299	-59.92904983468421
300	-24.2994111504021
301	-27.20350367907488
302	-15.40994580671918
303	-18.97920187713407
304	-17.59944469830263
305	-10.53052306972734
306	-48.55712974172171
307	-22.88154630587619
308	-5.288846805866741
309	-43.95047918718797
310	-21.05583860517893
311	-37.15660129909924
312	-36.36571570338881
313	-5.867232559259845
314	-20.62524624276263
315	-21.89619618906373
316	-33.28329893102916
317	-7.327225427337999
318	-58.0714980652988
319	-56.92049186933257
320	-12.06527879014046
321	-17.87640639663268
322	-18.92280187763438
323	-4.768673149756459
324	-11.89808241102961
325	-19.73235221073296
326	-41.49433586639308
327	-19.98334789942208
328	-44.04111551391775
329	-44.32069019497673
330	-4.616860168355678
331	-3.723949489393587
332	-11.74073991384206
333	-5.705146419622514
334	-44.90546060245159
335	-61.05040464986692
336	-11.65758205003868
337	-19.07348292473333
338	-11.00665312742645
339	-5.143711449898272
340	-21.20165282395238
341	-70.5773511040142
342	-30.31691195270053
343	-61.74051414161853
344	-45.94174717533475
345	-18.6055779436371
346	-5.358887669632571
347	-20.95740186785208
348	-13.82744216776249
349	-20.11333842546732
350	-37.82232702496899
351	-26.72235564116517
352	-25.6348041530964
353	-85.9867121465908
354	-39.18370934089675
355	-58.87055044533567
356	-17.98813735267359
357	-34.24303627250818
358	-30.70812504113466
359	-20.97315329521131
360	-29.31455859860251
361	-7.327225427337999
362	-26.5524456108821
363	-33.44144690198117
364	-8.961920281215958
365	-22.20569094340522
366	-11.63447415040782
367	-12.96792192436447
368	-10.64389288780655
369	-10.1299996426081
370	-11.21242126193735
371	-12.54277147945225
372	-39.20077455295432
373	-70.28287686659277
374	-28.95704868408327
375	-162.6108830356443
376	-17.79981411233538
377	-34.51920558435592
378	-27.90597360785101
379	-6.123709290834539
380	-34.65371020084091
381	-33.52428273585498
382	-17.88346209879928
383	-13.20319278673672
384	-76.52227872812254
385	-15.32173387212348
386	-4.616860168355678
387	-21.09651877541489
388	-13.44015729983028
389	-42.04737102897255
390	-6.30218813991713
391	-35.08090997680399
392	-6.603760086129126
393	-18.04239838849866
394	-31.11351935562849
395	-6.473206440504796
396	-33.74127572589155
397	-27.37238087264299
398	-5.288846805866741
399	-22.08842176180702
400	-43.67027873642871
401	-53.71660486886139
402	-46.36680047457671
403	-32.01797104098048
404	-54.94422451796141
405	-21.99537061877786
406	-32.57424400604908
407	-17.95766879670126
408	-41.26037653159948
409	-15.31663730068866
410	-19.31065561354508
411	-77.48711057056744
412	-16.32064618344886
413	-20.8407525189018
414	-51.69912631696983
415	-11.13190215942929
416	-13.89901024830783
417	-52.12316523388668
418	-16.76118538649602
419	-28.92501844097141
420	-12.66743018642389
421	-28.62630778596966
422	-47.36099240387055
423	-72.00507203765862
424	-24.97815256346308
425	-57.83565612117966
426	-3.723949489393587
427	-13.17710322295483
428	-18.05472094470958
429	-17.8150009809296
430	-23.31907988586924
431	-27.61967188065968
432	-21.90622883111807
433	-101.549490938833
434	-27.63401335263415
435	-27.05374198846933
436	-22.02613113172968
437	-32.10201623500964
438	-27.28185566331464
439	-11.55106460171411
440	-3.723949489393587
441	-28.39588704084116
442	-29.45311750808598
443	-9.752703509651257
444	-25.80078229608002
445	-5.680786534264525
446	-36.39421225226249
447	-29.48760154220353
448	-3.723949489393587
449	-10.66632509959619
450	-90.59423835451888
451	-12.80936245195119
452	-31.05523481448385
453	-28.0789575912516
454	-24.22811507019479
455	-25.86793429258293
456	-20.53261386280651
457	-59.74774417659691
458	-11.20067752109248
459	-46.57954052714624
460	-7.119305304374026
461	-37.10862004627664
462	-19.14843535683279
463	-28.48840930201192
464	-10.41590103628613
465	-24.40034933126669
466	-13.26801375195042
467	-34.62153266230101
468	-16.89167699005618
469	-10.33944472793056
470	-35.1875503815675
471	-4.768673149756459
472	-85.84949895216043
473	-12.81754638374021
474	-33.2496575384064
475	-19.55488634674922
476	-5.590129927828249
477	-24.00256215002046
478	-11.56405025418271
479	-11.49179998316515
480	-30.9187876358828
481	-3.723949489393587
482	-20.62470193108989
483	-19.94941135961999
484	-5.143711449898272
485	-18.11237278853929
486	-5.694234800315213
487	-6.107423339592726
488	-5.358887669632571
489	-5.358887669632571
490	-12.0097821308324
491	-5.991484707175495
492	-5.508792915441642
493	-12.48185292928151
494	-43.1170410440443
495	-45.61854433854813
496	-35.27205305145822
497	-5.991484707175495
498	-43.19221154051924
