#SITE	SITE_LOG_LIKELIHOOD
1	-8.12656
2	-12.6684
3	-54.4538
4	-28.5501
5	-6.68966
6	-7.7266
7	-8.38342
8	-20.5406
9	-32.4755
10	-32.6029
11	-6.89486
12	-24.9185
13	-8.12656
14	-28.8885
15	-7.76312
16	-16.1244
17	-69.9708
18	-52.0711
19	-5.83901
20	-38.3436
21	-22.6031
22	-18.063
23	-15.8855
24	-37.3494
25	-18.8964
26	-47.3496
27	-13.0737
28	-34.8831
29	-55.858
30	-35.4174
31	-57.0202
32	-8.12656
33	-36.147
34	-65.2828
35	-13.4248
36	-20.534
37	-47.4256
38	-18.4534
39	-8.86627
40	-7.58408
41	-24.4454
42	-7.39228
43	-8.12656
44	-23.1418
45	-31.3472
46	-27.0436
47	-39.5603
48	-14.9643
49	-19.4038
50	-28.9706
51	-14.5397
52	-32.5971
53	-12.609
54	-36.7378
55	-80.9846
56	-30.0203
57	-20.2209
58	-42.5265
59	-13.8642
60	-13.3797
61	-37.5211
62	-7.74429
63	-15.4623
64	-26.177
65	-25.3549
66	-8.12656
67	-45.9789
68	-20.824
69	-6.55497
70	-42.5636
71	-8.91563
72	-36.048
73	-40.2227
74	-24.3061
75	-30.0156
76	-40.8349
77	-27.1379
78	-23.6838
79	-31.3739
80	-19.6101
81	-13.658
82	-23.1887
83	-21.6199
84	-50.8675
85	-68.7607
86	-31.1097
87	-33.2149
88	-35.2464
89	-26.6022
90	-14.6317
91	-13.9811
92	-28.5786
93	-17.8573
94	-39.3106
95	-23.3962
96	-12.8924
97	-7.58408
98	-83.3971
99	-12.0799
100	-44.6338
101	-132.636
102	-104.733
103	-76.9073
104	-9.60063
105	-60.1121
106	-17.4546
107	-46.4077
108	-13.5897
109	-40.997
110	-12.3214
111	-13.6577
112	-13.3844
113	-14.6802
114	-18.0091
115	-6.89486
116	-7.67584
117	-35.1254
118	-54.9076
119	-18.3189
120	-9.60063
121	-26.5007
122	-15.2695
123	-17.5598
124	-31.0094
125	-13.3347
126	-15.0746
127	-43.6044
128	-15.9256
129	-56.7837
130	-35.6878
131	-57.6356
132	-39.5086
133	-35.9003
134	-21.8704
135	-11.7729
136	-58.0545
137	-8.12656
138	-13.9356
139	-9.60063
140	-28.4382
141	-30.8012
142	-13.07
143	-24.8368
144	-7.60078
145	-27.1906
146	-59.0347
147	-31.7775
148	-45.1015
149	-13.1076
150	-44.355
151	-16.7874
152	-6.5994
153	-6.91033
154	-21.4591
155	-43.1525
156	-27.8774
157	-54.6539
158	-52.7409
159	-8.12656
160	-19.4888
161	-15.3039
162	-30.5922
163	-8.12656
164	-18.7918
165	-31.1844
166	-44.6874
167	-17.0248
168	-26.7359
169	-18.0926
170	-35.3218
171	-37.2591
172	-30.1214
173	-20.2082
174	-29.3192
175	-34.0203
176	-18.8092
177	-18.9538
178	-37.8587
179	-22.0756
180	-44.9371
181	-12.6379
182	-21.3273
183	-22.2738
184	-14.9633
185	-20.9694
186	-72.8532
187	-52.9095
188	-23.4627
189	-8.12656
190	-40.2031
191	-22.0048
192	-49.0889
193	-43.1186
194	-20.2051
195	-24.6643
196	-8.12656
197	-53.8638
198	-8.38342
199	-23.414
200	-28.9165
201	-19.6075
202	-30.6721
203	-25.4958
204	-49.7165
205	-62.7501
206	-44.148
207	-9.60063
208	-18.2558
209	-6.72618
210	-32.9196
211	-21.6606
212	-51.5933
213	-56.9905
214	-42.0114
215	-13.6427
216	-52.2062
217	-66.5371
218	-17.0226
219	-34.0314
220	-24.1929
221	-12.6706
222	-12.8859
223	-16.8356
224	-13.4575
225	-13.7264
226	-34.0272
227	-15.3756
228	-44.0073
229	-14.4571
230	-22.4898
231	-7.39228
232	-27.3684
233	-28.0556
234	-13.0396
235	-16.5822
236	-48.5134
237	-20.4351
238	-8.12656
239	-31.5893
240	-32.4118
241	-20.9698
242	-33.0731
243	-18.7739
244	-11.1838
245	-32.2861
246	-58.9523
247	-35.1479
248	-15.2262
249	-19.1708
250	-26.9573
251	-12.19
252	-17.6716
253	-36.5725
254	-12.4959
255	-25.5514
256	-22.8626
257	-55.5749
258	-27.5822
259	-90.4336
260	-19.6231
261	-29.0447
262	-12.2881
263	-26.3702
264	-35.7535
265	-22.1206
266	-43.4345
267	-11.4354
268	-65.9032
269	-34.673
270	-21.5483
271	-24.703
272	-11.7729
273	-20.0364
274	-32.8074
275	-46.8163
276	-24.3794
277	-21.0375
278	-26.7401
279	-23.8232
280	-32.5302
281	-21.549
282	-18.7431
283	-15.8834
284	-31.7491
285	-25.0916
286	-12.695
287	-30.24
288	-54.7805
289	-34.6237
290	-106.9
291	-34.5091
292	-18.0097
293	-36.4137
294	-26.2244
295	-34.2334
296	-32.4881
297	-12.5142
298	-51.6119
299	-60.1356
300	-29.4732
301	-28.6239
302	-18.5652
303	-21.643
304	-21.5185
305	-12.2385
306	-49.1902
307	-21.1113
308	-7.39228
309	-40.9879
310	-23.5597
311	-38.8705
312	-38.8687
313	-7.58408
314	-22.9627
315	-20.0046
316	-34.5011
317	-6.5994
318	-64.4801
319	-81.1331
320	-13.441
321	-20.5697
322	-21.3194
323	-6.97051
324	-17.1463
325	-21.9138
326	-48.8831
327	-23.3404
328	-44.5807
329	-51.9977
330	-9.60063
331	-8.12656
332	-15.0872
333	-11.1067
334	-41.9538
335	-55.3877
336	-12.1696
337	-23.9516
338	-14.1989
339	-6.89486
340	-25.0065
341	-71.18
342	-31.8276
343	-60.008
344	-38.4074
345	-20.0491
346	-8.86627
347	-23.914
348	-12.3638
349	-23.2006
350	-40.3841
351	-26.5883
352	-28.3749
353	-88.8233
354	-40.406
355	-61.8778
356	-19.7757
357	-36.3492
358	-30.2155
359	-18.4936
360	-33.3179
361	-6.5994
362	-32.9114
363	-32.4678
364	-11.2091
365	-21.3341
366	-12.1939
367	-12.4434
368	-12.8841
369	-11.8969
370	-12.8274
371	-15.0404
372	-37.7701
373	-63.7793
374	-25.9608
375	-140.238
376	-16.502
377	-31.8287
378	-29.5327
379	-7.04231
380	-41.9816
381	-32.563
382	-19.4611
383	-14.0716
384	-76.0525
385	-17.9041
386	-9.60063
387	-20.808
388	-15.4584
389	-51.4459
390	-7.7266
391	-41.8905
392	-7.12249
393	-19.5691
394	-37.2231
395	-7.56732
396	-37.0791
397	-27.5454
398	-7.39228
399	-25.5348
400	-41.9429
401	-63.9799
402	-53.1688
403	-29.8407
404	-57.2877
405	-25.4896
406	-30.7286
407	-19.293
408	-45.7216
409	-17.958
410	-22.9958
411	-80.146
412	-20.1877
413	-20.0982
414	-53.0052
415	-12.9875
416	-14.2783
417	-58.7409
418	-18.1718
419	-33.1935
420	-15.896
421	-27.4863
422	-47.0399
423	-58.0456
424	-26.258
425	-59.094
426	-8.12656
427	-13.3934
428	-20.598
429	-21.7413
430	-22.3686
431	-31.5619
432	-25.3891
433	-100.773
434	-32.218
435	-28.8128
436	-24.8105
437	-33.0527
438	-28.0017
439	-14.0807
440	-8.12656
441	-32.3374
442	-32.8142
443	-11.7309
444	-27.3773
445	-7.67584
446	-36.0506
447	-27.1738
448	-8.12656
449	-12.6211
450	-83.7588
451	-13.2047
452	-28.0937
453	-26.3015
454	-27.7345
455	-23.0791
456	-19.1576
457	-70.3241
458	-14.7513
459	-46.1204
460	-6.91043
461	-33.4052
462	-20.739
463	-27.9271
464	-13.9329
465	-19.3148
466	-12.954
467	-33.4204
468	-19.9724
469	-12.1714
470	-31.1927
471	-6.97051
472	-61.8233
473	-11.663
474	-35.2076
475	-19.8078
476	-8.26949
477	-28.6995
478	-12.142
479	-14.802
480	-27.5512
481	-8.12656
482	-21.7935
483	-23.3252
484	-6.89486
485	-19.5522
486	-6.55497
487	-7.58408
488	-8.86627
489	-8.86627
490	-13.3878
491	-8.19563
492	-7.60078
493	-15.6062
494	-45.7209
495	-46.5267
496	-39.7274
497	-8.19563
498	-49.983
