#SITE	SITE_LOG_LIKELIHOOD
1	-5.47421
2	-16.3848
3	-17.1572
4	-26.1883
5	-5.62322
6	-38.8991
7	-13.5854
8	-5.17706
9	-4.70438
10	-3.81105
11	-4.29364
12	-5.64561
13	-4.98369
14	-10.2149
15	-4.71053
16	-11.5615
17	-4.98369
18	-6.97961
19	-39.3966
20	-5.29528
21	-4.82673
22	-4.98369
23	-4.35405
24	-5.97594
25	-5.30162
26	-10.1489
27	-4.76529
28	-12.6438
29	-5.1844
30	-4.7091
31	-4.87765
32	-4.7091
33	-19.3839
34	-4.35405
35	-4.40345
36	-10.5162
37	-19.6174
38	-11.6483
39	-4.71049
40	-13.8381
41	-19.5413
42	-19.1452
43	-4.71049
44	-6.13906
45	-4.65053
46	-17.5866
47	-4.22481
48	-4.65318
49	-4.16138
50	-5.58531
51	-5.0008
52	-4.71049
53	-5.04669
54	-4.65053
55	-3.81105
56	-4.75168
57	-4.64907
58	-4.98369
59	-5.11952
60	-5.64561
61	-4.40345
62	-10.1489
63	-4.76919
64	-4.98369
65	-5.30162
66	-5.47421
67	-57.5869
68	-5.0008
69	-4.44061
70	-4.98369
71	-4.7091
72	-4.82673
73	-4.22481
74	-3.88977
75	-6.68047
76	-12.0975
77	-4.71053
78	-12.1816
79	-3.45412
80	-4.95484
81	-4.76919
82	-11.162
83	-5.00575
84	-4.70438
85	-5.08866
86	-5.26401
87	-15.9346
88	-5.26401
89	-4.16138
90	-4.71049
91	-5.11952
92	-5.11952
93	-4.30272
94	-5.97594
95	-5.81152
96	-4.60451
97	-11.9389
98	-12.258
99	-5.00575
100	-10.7291
101	-4.82673
102	-62.7878
103	-6.13906
104	-4.65555
105	-5.30162
106	-5.17706
107	-4.45418
108	-4.40345
109	-5.04669
110	-5.62322
111	-3.81105
112	-4.76529
113	-4.65318
114	-5.06082
115	-5.47421
116	-4.45418
117	-4.87765
118	-4.50762
119	-4.40345
120	-3.45412
121	-6.97961
122	-4.64907
123	-4.35405
124	-4.70438
125	-11.051
126	-4.79093
127	-5.47421
128	-20.2122
129	-4.65318
130	-5.58531
131	-4.44061
132	-26.9839
133	-4.70438
134	-11.6744
135	-10.0342
136	-9.47439
137	-4.22481
138	-4.45418
139	-4.76529
140	-4.65053
141	-4.70849
142	-4.70849
143	-9.64333
144	-14.3762
145	-4.75168
146	-10.0603
147	-4.79093
148	-4.35405
149	-4.98369
150	-3.80449
151	-5.97594
152	-5.58531
153	-5.47421
154	-14.1864
155	-4.65318
156	-5.62322
157	-11.0519
158	-37.6362
159	-5.11952
160	-3.81105
161	-13.092
162	-102.141
163	-17.941
164	-9.67158
165	-5.65195
166	-10.028
167	-4.22481
168	-10.832
169	-9.70436
170	-4.70438
171	-4.30272
172	-5.30162
173	-11.8062
174	-5.00575
175	-4.75168
176	-15.8923
177	-12.7494
178	-4.79093
179	-4.76529
180	-49.7351
181	-5.29528
182	-25.5627
183	-10.8599
184	-10.668
185	-10.5406
186	-22.1649
187	-4.76529
188	-3.80449
189	-5.11952
190	-9.99777
191	-3.88977
192	-3.45412
193	-4.44061
194	-22.8398
195	-4.40345
196	-3.88977
197	-3.81105
198	-4.44061
199	-3.88977
200	-4.35405
201	-4.95484
202	-5.14499
203	-10.5937
204	-9.7199
205	-3.45412
206	-4.30272
207	-5.00575
208	-6.48485
209	-5.47421
210	-4.68642
211	-4.71053
212	-4.65318
213	-4.7091
214	-10.379
215	-4.36021
216	-10.9945
217	-5.30162
218	-15.5251
219	-17.0558
220	-5.11952
221	-5.0204
222	-11.971
223	-3.81105
224	-5.65195
225	-9.1656
226	-5.06082
227	-6.48485
228	-4.98369
229	-4.29364
230	-4.35405
231	-4.65318
232	-4.7091
233	-12.0294
234	-4.70849
235	-16.7649
236	-50.7831
237	-47.4446
238	-4.76919
239	-30.8179
240	-4.60451
241	-33.1747
242	-4.71049
243	-4.65053
244	-4.29364
245	-4.33822
246	-4.36021
247	-4.22481
248	-5.08866
249	-5.30162
250	-4.65318
251	-4.71049
252	-5.04669
253	-5.64561
254	-4.95484
255	-4.76919
256	-4.65053
257	-4.87765
258	-4.82673
259	-10.355
260	-6.13906
261	-24.1604
262	-4.76529
263	-5.08866
264	-23.6247
265	-11.319
266	-4.36021
267	-4.44061
268	-5.47421
269	-4.65318
270	-4.40345
271	-59.4255
272	-16.8142
273	-4.50762
274	-5.6121
275	-11.256
276	-30.3977
277	-4.75168
278	-9.40889
279	-4.70706
280	-8.77476
281	-9.75564
282	-9.03072
283	-8.65842
284	-9.11764
285	-20.5285
286	-6.4692
