#SITE	SITE_LOG_LIKELIHOODS
1	-5.199433535396727
2	-12.87410983799978
3	-54.06442280716782
4	-30.82729583620679
5	-8.165893998901376
6	-8.00804241305249
7	-8.231881965932724
8	-19.85821581798908
9	-31.91012536115596
10	-28.09057826084915
11	-7.978091665311299
12	-21.42116927576167
13	-5.199433535396727
14	-24.22706332466035
15	-7.814433992142833
16	-15.67910404991341
17	-56.25316238905071
18	-52.20704747463852
19	-6.970435562377438
20	-48.12699061776715
21	-25.90245258397378
22	-17.6019699357642
23	-14.17465438602151
24	-33.48409178512139
25	-16.84117573124
26	-41.46013509985866
27	-15.77517955001337
28	-33.00417971021655
29	-49.18254971974874
30	-30.2929797240284
31	-58.90705065400092
32	-5.199433535396727
33	-39.14327327691837
34	-71.94466959914276
35	-13.45407122714812
36	-18.44255058723687
37	-40.2678127829593
38	-18.47920607135866
39	-6.556714509984674
40	-6.764000476562812
41	-23.66374008054212
42	-6.28414775038159
43	-5.199433535396727
44	-17.41365823407773
45	-27.53678217101114
46	-23.71042673378025
47	-37.19854269014633
48	-13.34458637891759
49	-19.00672287228675
50	-30.59024296637554
51	-12.57556306534956
52	-33.40182646592981
53	-12.79419424943881
54	-33.78077490463085
55	-76.25149326291405
56	-28.77548415793201
57	-18.04363830267181
58	-35.7835499384731
59	-12.87304782803995
60	-12.56882608577717
61	-35.55588611192861
62	-7.868924066575107
63	-14.21626445545592
64	-23.22587784401209
65	-25.08573961040975
66	-5.199433535396727
67	-39.28864214032033
68	-20.42489063048254
69	-6.880049956654459
70	-38.88231810369991
71	-6.399962584258348
72	-28.79117220367835
73	-34.60335472273845
74	-21.48429089540457
75	-25.94031090492823
76	-37.45529844759213
77	-27.8705624694659
78	-20.11775460927318
79	-29.78668658844873
80	-17.79728252378906
81	-16.15831332611745
82	-16.6981945165191
83	-19.67664122760159
84	-43.82198614851923
85	-67.06205445617944
86	-28.51848375958349
87	-26.38574878585377
88	-28.19793795114538
89	-24.17374520671419
90	-13.98909909768765
91	-12.27530711749354
92	-25.02288659793892
93	-16.50462222064497
94	-33.80432442965191
95	-20.88807713389532
96	-11.63787886816352
97	-6.764000476562812
98	-88.78863961526018
99	-12.03942770489725
100	-45.13712164487283
101	-149.2643090631211
102	-106.7631822024627
103	-70.5908188981882
104	-4.83437844391506
105	-65.80841334647825
106	-16.43861113677393
107	-44.8204179321217
108	-13.17425753878678
109	-39.18365205485841
110	-11.82200064766748
111	-11.81184424596129
112	-11.60030589880283
113	-12.98083096414941
114	-18.42496319353135
115	-7.978091665311299
116	-5.805803751895299
117	-29.48349653941186
118	-51.56734526737902
119	-16.24196525438459
120	-4.83437844391506
121	-25.66726829605215
122	-15.44222392196892
123	-16.70900484472658
124	-25.79451825205158
125	-12.11802665843305
126	-14.53212418737306
127	-46.88926157404752
128	-13.96061336412705
129	-52.55501530422065
130	-32.9724832243774
131	-62.58490773028082
132	-37.12400308966873
133	-34.33508388728311
134	-20.66074663220919
135	-6.662987454391407
136	-65.54780017482426
137	-5.199433535396727
138	-13.03179837586937
139	-4.83437844391506
140	-21.35905212310685
141	-29.8645541789828
142	-11.82974995586977
143	-22.83417072496578
144	-7.744553315940118
145	-22.69723431931581
146	-65.07152381886715
147	-27.6050719488305
148	-38.01036565155728
149	-11.72231165373799
150	-37.22199318693416
151	-15.56361238364691
152	-7.808198272136076
153	-7.618172716140974
154	-19.86744634607833
155	-35.96493940945751
156	-28.25938022376531
157	-50.9605371162444
158	-47.81220558408432
159	-5.199433535396727
160	-16.14580083496473
161	-13.20468797166307
162	-28.58325145518331
163	-5.199433535396727
164	-13.6635433777849
165	-29.11590863443412
166	-41.1242919583316
167	-15.34960962511862
168	-22.05208889347681
169	-17.45218729504631
170	-32.47622531151525
171	-32.60245619541239
172	-28.65189462828345
173	-17.93018852408223
174	-25.28391968791141
175	-28.30769039128081
176	-18.29540056624444
177	-17.84967950047922
178	-33.54034236532596
179	-20.24434528543216
180	-40.46472075802802
181	-12.5270544585122
182	-20.68929613613322
183	-20.78284512262756
184	-13.25023811187771
185	-19.62567535685349
186	-71.4571768657282
187	-43.56456827216776
188	-22.05462932350959
189	-5.199433535396727
190	-33.49124608437761
191	-20.62511577922219
192	-37.31811757053575
193	-40.86936089443142
194	-18.48489931697464
195	-21.88314709223386
196	-5.199433535396727
197	-58.89816987000096
198	-8.231881965932724
199	-24.17811244885712
200	-25.13937409673376
201	-20.16078602298098
202	-25.37455439411647
203	-20.93467220439036
204	-46.54883164838856
205	-50.30166896608453
206	-38.2250504756345
207	-4.83437844391506
208	-16.95152190107669
209	-7.974404642655139
210	-28.1322784553497
211	-19.1509613190028
212	-43.74106317759247
213	-52.98666322690045
214	-39.00408281779819
215	-13.57820980483976
216	-42.05881529722741
217	-74.51049746455017
218	-16.04929608409599
219	-31.72258516802311
220	-24.16613225350949
221	-12.63663349560077
222	-10.64115717159209
223	-11.68727009749018
224	-12.47176134728074
225	-12.69113853499205
226	-32.24602802682251
227	-13.68110053078863
228	-39.11393775437696
229	-12.75881868485458
230	-18.94121809785548
231	-6.28414775038159
232	-26.02321440750962
233	-24.60460164182113
234	-12.71663156039304
235	-13.93791248921483
236	-45.42197705482486
237	-20.43228781505425
238	-5.199433535396727
239	-30.86162686800082
240	-26.65948440879698
241	-18.3612223178565
242	-27.89032535603954
243	-17.50171629145951
244	-10.85188473968437
245	-28.02684297839744
246	-55.42017784762793
247	-28.28760812991159
248	-12.55777729249226
249	-18.02700401669416
250	-23.01655058238358
251	-12.07706317399977
252	-16.41792300419699
253	-38.61904919313984
254	-12.11891603379278
255	-21.04801721502517
256	-22.83651923209407
257	-54.18181981976019
258	-23.5207916969989
259	-89.36522348710361
260	-18.30848117016755
261	-26.60243678371251
262	-12.21752609898413
263	-24.96159886003082
264	-33.18691228653206
265	-20.57975568909271
266	-39.34362927683609
267	-11.3862958110291
268	-56.05511325065185
269	-33.15103694267831
270	-20.4938694369104
271	-23.53108415908828
272	-6.662987454391407
273	-17.24696726508189
274	-29.85993875708312
275	-38.76154093747839
276	-23.29094314205333
277	-18.64717527281039
278	-24.95487156519809
279	-17.85150766430808
280	-34.96874411201294
281	-18.85939975160977
282	-17.66019529940388
283	-12.88032238530891
284	-30.10922274153345
285	-23.08316265492491
286	-15.82917481866478
287	-29.20665886163048
288	-46.80067114175844
289	-30.16655787353954
290	-116.575873712552
291	-29.14298868380314
292	-16.19591434261672
293	-36.09978631080909
294	-23.25545012220674
295	-30.63691951157636
296	-28.05755439359258
297	-12.43352723296063
298	-46.24062354412555
299	-52.6698827401686
300	-25.60696714537269
301	-26.67175926001617
302	-15.42825907967052
303	-19.35088737612646
304	-18.02566881208235
305	-13.04065998476285
306	-45.57609190184861
307	-22.32467276426156
308	-6.28414775038159
309	-40.60450918821829
310	-20.39367814521028
311	-36.11478543517482
312	-34.16930304570641
313	-6.764000476562812
314	-19.8416368013549
315	-20.70906761329245
316	-32.75393408394178
317	-7.808198272136076
318	-60.87117547056256
319	-62.68632882901804
320	-13.95779481274606
321	-17.98180569630478
322	-19.39784904574528
323	-7.654230859749178
324	-11.39326980848693
325	-19.41716890750588
326	-41.4677243776926
327	-19.75720679059247
328	-42.54809920852662
329	-42.07835945617727
330	-4.83437844391506
331	-5.199433535396727
332	-14.50500041349966
333	-6.571801259485889
334	-41.08001789519745
335	-58.98488898273192
336	-12.01938064155408
337	-22.12890475548785
338	-11.15961971821669
339	-7.978091665311299
340	-20.48598196805645
341	-69.19738407826216
342	-29.54244548160518
343	-59.07205494074815
344	-40.62933831591323
345	-18.09730063565113
346	-6.556714509984674
347	-20.71720263206693
348	-13.47671386384583
349	-20.86051624560807
350	-34.64970470833085
351	-27.73744413460683
352	-23.37958773394405
353	-94.21517572539447
354	-37.94712575851263
355	-56.80354028938488
356	-18.91534451105728
357	-33.91216876865069
358	-29.1587286887708
359	-18.31660236755903
360	-28.81212731817802
361	-7.808198272136076
362	-28.3466372094021
363	-33.24976997185303
364	-9.311733329176526
365	-21.33627942424172
366	-12.06978164551445
367	-12.87129517835949
368	-11.65934692963808
369	-11.80497547972715
370	-11.7840330314996
371	-12.80777807103053
372	-36.92815093940379
373	-74.66452633702984
374	-27.02662990025857
375	-151.8708007796047
376	-16.37246705873096
377	-31.29142183892536
378	-26.10752693924425
379	-6.792323779188854
380	-34.34271222631612
381	-30.99690838838862
382	-18.16911696094667
383	-13.25506025765761
384	-74.15593969859998
385	-15.26232513555235
386	-4.83437844391506
387	-20.6064657833701
388	-12.10929875402207
389	-43.00733120207868
390	-8.00804241305249
391	-38.49397370293402
392	-7.188948745899219
393	-18.21414366382447
394	-32.73729614365477
395	-8.020301872412569
396	-32.38256015391305
397	-26.88893075547711
398	-6.28414775038159
399	-21.93382349986723
400	-41.63913101509838
401	-56.63217964596257
402	-50.07813430741302
403	-29.6824894102597
404	-50.60844517041518
405	-22.11540311656768
406	-31.36279050149328
407	-17.24788631712086
408	-42.58828679942807
409	-15.34311200009692
410	-19.85468607259968
411	-75.09076138526849
412	-16.60501134191592
413	-19.37739397091437
414	-45.4619613783519
415	-11.3373318678135
416	-14.2546671711008
417	-52.30546184189101
418	-17.39810883580133
419	-30.43373857541276
420	-12.83829639093452
421	-27.58687440954474
422	-41.95620693720725
423	-69.36949701982881
424	-23.7633871588335
425	-58.6588650980725
426	-5.199433535396727
427	-14.00373524024677
428	-19.01132148479695
429	-18.24251669605984
430	-23.58665470089721
431	-28.30164337642341
432	-21.38175154523139
433	-99.81575917577952
434	-27.46974601150814
435	-26.09135477016996
436	-22.30750636330489
437	-30.15194912545294
438	-27.04670977190842
439	-12.32582617564123
440	-5.199433535396727
441	-28.13336687941653
442	-31.26261358657571
443	-11.34434488691606
444	-24.54706316222449
445	-5.805803751895299
446	-34.60463606657958
447	-30.32763343053701
448	-5.199433535396727
449	-12.21990264629531
450	-94.54333958399945
451	-14.47639074630578
452	-29.45403997930312
453	-26.9883534640908
454	-24.47639086421175
455	-25.56899539925635
456	-21.35872593549966
457	-66.37983571873053
458	-11.83853757510425
459	-47.72498943155914
460	-8.944106608186541
461	-34.19771998672909
462	-19.3653942260074
463	-25.34260054877436
464	-10.9945224734297
465	-23.79507671259434
466	-14.16220149749737
467	-32.01905566983721
468	-16.88237996757249
469	-11.98525351981995
470	-37.42792182264516
471	-7.654230859749178
472	-73.57805912109727
473	-13.29703150145456
474	-32.16315347597097
475	-22.24532196533845
476	-8.833666259096972
477	-25.93566068682996
478	-12.12076052271596
479	-11.76639434910126
480	-28.57403238153177
481	-5.199433535396727
482	-19.75938803684914
483	-19.37571129611153
484	-7.978091665311299
485	-18.19307391426238
486	-6.880049956654459
487	-6.573807346581509
488	-6.556714509984674
489	-6.556714509984674
490	-13.56113135762559
491	-7.79274107621053
492	-7.744553315940118
493	-15.0372075176873
494	-41.20277149124773
495	-43.5293257692934
496	-39.28436622222947
497	-7.79274107621053
498	-43.11807809522359
