#SITE	SITE_LOG_LIKELIHOOD
1	-9.99201e-16
2	-1.33227e-15
3	-12.0014
4	-23.5493
5	-23.8198
6	-18.1919
7	-3.25324
8	-4.40906
9	-5.17191
10	-5.49423
11	-3.84231
12	-4.41499
13	-3.52048
14	-5.38433
15	-3.90996
16	-17.5224
17	-4.47231
18	-6.49137
19	-5.02047
20	-16.8202
21	-4.2008
22	-3.39657
23	-11.1572
24	-4.38707
25	-3.12906
26	-4.84211
27	-5.25422
28	-4.04103
29	-4.2604
30	-5.48058
31	-4.31673
32	-5.62681
33	-62.7162
34	-3.08378
35	-1.82892
36	-4.82339
37	-10.285
38	-10.609
39	-4.12067
40	-2.33309
41	-30.4701
42	-3.61344
43	-1.55485
44	-3.72953
45	-10.4213
46	-4.2119
47	-3.91376
48	-2.79467
49	-3.19032
50	-4.05211
51	-3.54254
52	-1.71247
53	-3.60677
54	-17.2884
55	-3.15155
56	-3.98368
57	-3.00677
58	-10.2713
59	-1.81868
60	-3.23471
61	-4.92511
62	-3.54606
63	-2.33698
64	-1.45888
65	-1.40765
66	-3.52385
67	-11.4962
68	-1.64408
69	-15.2473
70	-3.69175
71	-1.39904
72	-3.58296
73	-9.29438
74	-1.95475
75	-2.77149
76	-2.57225
77	-3.88274
78	-1.89
79	-1.83953
80	-10.3784
81	-2.65401
82	-2.88833
83	-2.17192
84	-3.76777
85	-9.78366
86	-4.38788
87	-3.26474
88	-4.36798
89	-2.34929
90	-3.81079
91	-2.79164
92	-4.62425
93	-3.22187
94	-4.60491
95	-3.07081
96	-11.0078
97	-4.85551
98	-3.34632
99	-4.04594
100	-2.21085
101	-3.68799
102	-10.7871
103	-2.68408
104	-2.12483
105	-1.63487
106	-3.56275
107	-2.96172
108	-4.84826
109	-6.14925
110	-46.1046
111	-4.33908
112	-4.10213
113	-4.14539
114	-7.27518
115	-2.66876
116	-2.76571
117	-8.2754
118	-9.8039
119	-8.64283
120	-1.78948
121	-58.8905
122	-4.00669
123	-1.77897
124	-2.31665
125	-3.96368
126	-3.67965
127	-10.7981
128	-1.64832
129	-1.23741
130	-0.879909
131	-3.43924
132	-1.51929
133	-2.47781
134	-1.46349
135	-7.71687
136	-20.705
137	-2.33731
138	-3.47251
139	-9.52239
140	-12.097
141	-1.67555
142	-1.46677
143	-1.69911
144	-11.8829
145	-4.03349
146	-3.22156
147	-4.22989
148	-4.05891
149	-11.9389
150	-3.72721
151	-3.41284
152	-11.7299
153	-4.66546
154	-16.3311
155	-0.579856
156	-10.9973
157	-4.47972
158	-2.27047
159	-2.33867
160	-4.14514
161	-1.57629
162	-2.35628
163	-3.90854
164	-1.26076
165	-3.35818
166	-5.3317
167	-2.93446
168	-3.57587
169	-4.57868
170	-3.30883
171	-5.07112
172	-3.77611
173	-3.68336
174	-1.1833
175	-3.73699
176	-2.52901
177	-0.551926
178	-2.3156
179	-2.59975
180	-4.09609
181	-13.0206
182	-4.00778
183	-3.83011
184	-2.54421
185	-15.459
186	-3.82985
187	-3.1324
188	-2.93029
189	-3.60854
190	-5.32852
191	-2.42221
192	-2.88001
193	-4.91738
194	-3.72352
195	-3.86281
196	-4.36219
197	-1.92551
198	-3.76958
199	-4.27419
200	-4.5824
201	-3.00994
202	-3.68801
203	-3.30403
204	-12.0296
205	-1.87182
206	-3.82403
207	-4.30027
208	-0.390404
209	-1.08587
210	-3.56306
211	-11.634
212	-2.01623
213	-23.3428
214	-2.47527
215	-1.93938
216	-3.45701
217	-3.40204
218	-2.46075
219	-2.59986
220	-7.43909
221	-4.23974
222	-4.35395
223	-3.28028
224	-1.65351
225	-4.1534
226	-3.0508
227	-0.27428
228	-3.59951
229	-2.3824
230	-2.26261
231	-1.54549
232	-8.24018
233	-2.66989
234	-2.6614
235	-2.81458
236	-18.8548
237	-42.6274
238	-9.18061
239	-2.08447
240	-9.60327
241	-1.6129
242	-9.5875
243	-3.62055
244	-2.24374
245	-2.0911
246	-3.22222
247	-3.16676
248	-1.31792
249	-2.4184
250	-12.2841
251	-4.16874
252	-5.90896
253	-3.65935
254	-4.41763
255	-22.7615
256	-21.3341
257	-7.23091
258	-2.22633
259	-10.2519
260	-3.28544
261	-3.73303
262	-4.28088
263	-4.21714
264	-38.7467
265	-16.4834
266	-3.73215
267	-4.23202
268	-3.66787
269	-3.51938
270	-4.19577
271	-17.7478
272	-8.59907
273	-4.88551
274	-11.2223
275	-3.09542
276	-3.33571
277	-3.93238
278	-20.7969
279	-2.3443
280	-9.43567
281	-3.27224
282	-22.8199
283	-3.68271
284	-9.61088
285	-3.83233
286	-0.259049
