#SITE	SITE_LOG_LIKELIHOOD
1	-5.57377
2	-16.5708
3	-29.4314
4	-51.2214
5	-26.7429
6	-59.9673
7	-15.99
8	-9.97444
9	-12.4303
10	-7.58751
11	-7.60042
12	-8.29488
13	-9.84381
14	-13.9034
15	-7.65269
16	-34.5794
17	-9.84381
18	-13.455
19	-44.3849
20	-17.9785
21	-9.12998
22	-12.8148
23	-14.2204
24	-10.7208
25	-8.85891
26	-15.6117
27	-8.99153
28	-15.0829
29	-9.02108
30	-8.92815
31	-10.0711
32	-7.19145
33	-75.8234
34	-10.2951
35	-6.22944
36	-16.1233
37	-34.9494
38	-21.5492
39	-12.2011
40	-19.4743
41	-46.4822
42	-22.7132
43	-7.63032
44	-14.5002
45	-14.5811
46	-19.1186
47	-8.63152
48	-6.39731
49	-7.25535
50	-9.99443
51	-6.67847
52	-7.63032
53	-11.7483
54	-22.5629
55	-7.19437
56	-11.3912
57	-10.3188
58	-18.09
59	-6.232
60	-8.66218
61	-8.51015
62	-12.1555
63	-7.26312
64	-8.14881
65	-9.518
66	-8.03461
67	-65.4739
68	-6.67847
69	-14.0699
70	-8.14881
71	-7.19145
72	-9.12998
73	-14.537
74	-7.2511
75	-10.8783
76	-13.7869
77	-6.93217
78	-15.5388
79	-7.55521
80	-16.8506
81	-8.01348
82	-15.3519
83	-7.6867
84	-5.87534
85	-14.3484
86	-10.5225
87	-17.6684
88	-8.0536
89	-7.25535
90	-9.43797
91	-7.96159
92	-11.683
93	-8.33439
94	-8.6916
95	-7.95689
96	-17.7717
97	-17.324
98	-18.139
99	-7.6867
100	-13.4918
101	-8.83632
102	-72.9141
103	-8.08734
104	-7.68397
105	-8.85891
106	-7.0987
107	-10.1832
108	-6.22944
109	-8.45433
110	-54.4342
111	-5.12387
112	-9.20321
113	-7.66819
114	-12.7341
115	-8.03461
116	-7.68923
117	-15.0228
118	-15.4913
119	-11.9386
120	-8.35696
121	-48.4631
122	-10.3188
123	-6.90574
124	-5.87534
125	-15.2365
126	-6.66405
127	-15.1058
128	-22.5627
129	-6.39731
130	-7.99851
131	-9.50005
132	-30.2037
133	-5.87534
134	-15.0612
135	-19.7084
136	-32.483
137	-5.62929
138	-9.19626
139	-13.9237
140	-15.3834
141	-8.32016
142	-8.32016
143	-13.6625
144	-27.7056
145	-8.73802
146	-13.8448
147	-7.71218
148	-6.90574
149	-14.3961
150	-5.08952
151	-8.73478
152	-19.1674
153	-9.10773
154	-31.7554
155	-7.66819
156	-17.3321
157	-15.1439
158	-43.0699
159	-6.232
160	-5.12387
161	-15.6575
162	-105.46
163	-20.1119
164	-11.1615
165	-9.08288
166	-12.7496
167	-5.62929
168	-13.2062
169	-12.5134
170	-7.65186
171	-9.91186
172	-9.518
173	-15.9867
174	-6.64107
175	-9.82844
176	-17.2907
177	-14.7131
178	-6.66405
179	-8.35993
180	-48.6864
181	-21.7778
182	-34.1918
183	-17.1712
184	-13.1356
185	-20.6549
186	-22.3504
187	-8.4005
188	-6.50035
189	-6.232
190	-13.9194
191	-6.67939
192	-7.55521
193	-7.69423
194	-26.263
195	-9.68557
196	-9.78784
197	-7.19437
198	-9.50005
199	-10.6196
200	-9.55858
201	-8.30875
202	-8.92843
203	-14.6014
204	-20.3901
205	-7.55521
206	-9.12963
207	-10.5796
208	-8.42326
209	-8.03461
210	-8.88659
211	-16.9069
212	-6.39731
213	-24.3679
214	-13.9177
215	-7.59526
216	-12.5907
217	-8.85891
218	-20.6515
219	-23.2458
220	-12.3667
221	-8.3443
222	-17.0131
223	-7.19437
224	-7.82924
225	-12.5026
226	-6.59962
227	-8.42326
228	-8.14881
229	-7.60042
230	-6.90574
231	-6.39731
232	-13.4541
233	-17.0972
234	-6.36665
235	-19.4517
236	-66.0495
237	-91.4942
238	-14.3592
239	-39.6663
240	-17.424
241	-35.0898
242	-23.9147
243	-7.61796
244	-8.99914
245	-7.57526
246	-9.94791
247	-7.24423
248	-8.42022
249	-8.85891
250	-15.4418
251	-10.5758
252	-8.45433
253	-10.4062
254	-12.3551
255	-29.5583
256	-26.6177
257	-13.7024
258	-8.83632
259	-20.1861
260	-9.2211
261	-29.4078
262	-10.2164
263	-9.55483
264	-72.9144
265	-27.5903
266	-6.91422
267	-9.50005
268	-8.03461
269	-9.16658
270	-7.4974
271	-73.3655
272	-25.0056
273	-10.782
274	-16.0156
275	-13.1298
276	-32.5886
277	-7.71804
278	-24.7831
279	-7.62683
280	-17.9998
281	-14.3544
282	-16.935
283	-11.9028
284	-18.4784
285	-24.2295
286	-8.39175
