#SITE	SITE_LOG_LIKELIHOOD
1	-1.53475
2	-17.1769
3	-27.9381
4	-47.8973
5	-26.571
6	-55.2851
7	-15.3656
8	-9.98985
9	-10.5099
10	-8.39462
11	-7.04447
12	-8.12264
13	-8.6245
14	-13.978
15	-8.25436
16	-33.4294
17	-8.92717
18	-11.4918
19	-41.5992
20	-18.9799
21	-7.53361
22	-9.97831
23	-12.9692
24	-9.38047
25	-7.37974
26	-14.9381
27	-8.12866
28	-14.572
29	-8.95276
30	-8.45307
31	-7.91984
32	-7.76015
33	-82.9126
34	-8.99403
35	-3.21441
36	-15.6303
37	-34.0091
38	-21.8057
39	-11.0239
40	-16.5772
41	-45.2779
42	-25.4661
43	-4.21901
44	-10.4434
45	-13.9831
46	-17.9545
47	-7.20648
48	-4.77337
49	-7.05957
50	-9.915
51	-5.92209
52	-5.04629
53	-10.4939
54	-22.2306
55	-7.32706
56	-9.83061
57	-9.63935
58	-16.0334
59	-3.98069
60	-8.44109
61	-9.24295
62	-12.3328
63	-5.96244
64	-2.33253
65	-4.4205
66	-5.83479
67	-67.8527
68	-2.35205
69	-14.6753
70	-4.97975
71	-2.31933
72	-6.49449
73	-13.5712
74	-5.55418
75	-4.89158
76	-11.9267
77	-7.11198
78	-15.8959
79	-5.46298
80	-16.1535
81	-6.80111
82	-13.3139
83	-4.10465
84	-7.28762
85	-13.291
86	-9.8489
87	-15.4812
88	-7.7566
89	-6.13437
90	-9.14933
91	-5.7909
92	-10.0641
93	-6.43162
94	-7.86794
95	-3.83968
96	-16.9202
97	-17.5164
98	-16.8173
99	-6.87237
100	-12.0325
101	-7.95641
102	-75.4587
103	-3.9724
104	-4.67216
105	-4.92911
106	-6.57825
107	-8.33446
108	-7.42526
109	-9.0103
110	-49.2938
111	-6.8943
112	-9.72638
113	-8.25107
114	-9.19159
115	-4.16585
116	-5.98663
117	-12.0529
118	-15.2979
119	-11.1907
120	-6.45
121	-48.9103
122	-10.4592
123	-4.91236
124	-5.13019
125	-13.342
126	-6.38617
127	-13.8987
128	-29.6834
129	-1.61839
130	-2.33589
131	-7.68054
132	-25.5186
133	-4.99657
134	-11.5155
135	-17.6
136	-37.3902
137	-5.05638
138	-9.38852
139	-13.5099
140	-13.8518
141	-5.34457
142	-4.65212
143	-10.5627
144	-26.1536
145	-8.68637
146	-12.2081
147	-6.79599
148	-8.417
149	-13.3044
150	-6.0484
151	-7.83608
152	-17.8528
153	-8.71021
154	-30.0676
155	-2.46295
156	-15.8078
157	-14.533
158	-37.8976
159	-5.10229
160	-6.20681
161	-13.013
162	-101.742
163	-18.8479
164	-15.4291
165	-6.98274
166	-13.1375
167	-5.58552
168	-11.1084
169	-12.9676
170	-7.72565
171	-10.8013
172	-8.74317
173	-14.8193
174	-3.18473
175	-9.84158
176	-17.8589
177	-15.8664
178	-4.20406
179	-4.73214
180	-46.4026
181	-16.4525
182	-33.0363
183	-16.796
184	-10.0701
185	-21.3543
186	-21.535
187	-6.73126
188	-6.46932
189	-7.06409
190	-14.0461
191	-5.85906
192	-7.26681
193	-8.64456
194	-25.6599
195	-8.87597
196	-10.5921
197	-5.58407
198	-8.84632
199	-11.2285
200	-10.2685
201	-6.02279
202	-7.05753
203	-19.5053
204	-19.0956
205	-5.61403
206	-9.47736
207	-9.93689
208	-1.34248
209	-1.89959
210	-8.08078
211	-16.0669
212	-3.62681
213	-23.9988
214	-10.9576
215	-5.51399
216	-11.508
217	-7.61441
218	-21.0033
219	-19.9286
220	-9.04566
221	-8.17982
222	-16.1355
223	-6.76757
224	-3.9808
225	-13.5094
226	-6.3291
227	-0.817925
228	-5.26638
229	-5.00358
230	-5.04512
231	-2.88569
232	-9.32645
233	-13.7171
234	-4.05249
235	-19.5682
236	-75.7137
237	-87.8488
238	-14.0702
239	-33.3584
240	-14.6681
241	-39.9722
242	-19.967
243	-5.59284
244	-6.44598
245	-5.48355
246	-9.33554
247	-6.14134
248	-3.75363
249	-6.14744
250	-15.3252
251	-9.21199
252	-8.75497
253	-8.7109
254	-11.1764
255	-25.7343
256	-23.4989
257	-10.5648
258	-6.05513
259	-17.9806
260	-4.27633
261	-26.9119
262	-9.86935
263	-7.58824
264	-68.178
265	-26.6584
266	-8.00319
267	-9.52852
268	-6.18271
269	-9.54827
270	-7.91419
271	-73.8524
272	-23.5425
273	-10.4242
274	-14.694
275	-15.5047
276	-31.3507
277	-7.92077
278	-25.2775
279	-5.63654
280	-18.2767
281	-13.3289
282	-24.0022
283	-10.9376
284	-17.9922
285	-22.8561
286	-1.09033
