#SITE	SITE_LOG_LIKELIHOOD
1	-4.71204
2	-4.67245
3	-95.3855
4	-10.8564
5	-4.91574
6	-4.91751
7	-4.91605
8	-4.84519
9	-4.74019
10	-10.3972
11	-17.731
12	-4.91579
13	-4.56365
14	-17.6823
15	-4.63545
16	-4.84284
17	-11.2204
18	-40.9524
19	-12.969
20	-10.4968
21	-13.647
22	-27.3151
23	-14.1183
24	-4.91568
25	-14.6246
26	-4.74099
27	-9.6128
28	-5.09063
29	-20.6005
30	-4.5654
31	-4.92284
32	-4.91481
33	-4.47119
34	-4.56411
35	-4.73972
36	-4.74097
37	-11.2422
38	-4.74004
39	-4.60732
40	-5.08799
41	-4.91618
42	-4.91841
43	-9.71914
44	-15.9828
45	-37.5916
46	-4.91586
47	-18.8805
48	-10.2531
49	-4.74013
50	-15.0199
51	-5.09739
52	-12.2362
53	-12.0873
54	-4.74042
55	-4.73964
56	-4.91396
57	-4.91546
58	-10.3087
59	-4.91067
60	-4.74108
61	-13.9144
62	-4.668
63	-4.56566
64	-4.7362
65	-43.6325
66	-4.74541
67	-4.84533
68	-4.56815
69	-11.885
70	-4.915
71	-4.73587
72	-49.5984
73	-8.86747
74	-4.71352
75	-5.08503
76	-4.67578
77	-4.74059
78	-4.92084
79	-4.91637
80	-4.91536
81	-4.74143
82	-4.73947
83	-4.77225
84	-12.2658
85	-5.09013
86	-4.92006
87	-11.1641
88	-4.9196
89	-4.74258
90	-25.5768
91	-5.0903
92	-4.74052
93	-4.74039
94	-4.916
95	-4.60915
96	-4.91587
97	-4.91667
98	-4.8445
99	-5.09174
100	-4.56543
101	-5.09193
102	-4.56573
103	-4.73938
104	-5.09069
105	-4.61666
106	-11.0711
107	-4.70499
108	-4.7413
109	-4.74061
110	-5.09067
111	-23.7297
112	-5.09115
113	-4.74126
114	-15.8659
115	-5.0906
116	-4.91628
117	-5.09124
118	-4.53433
119	-5.08773
120	-11.3709
121	-4.73538
122	-16.5988
123	-4.71442
124	-9.82371
125	-26.1975
126	-5.09018
127	-9.68864
128	-4.74415
129	-59.7033
130	-4.92139
131	-4.70572
132	-5.09795
133	-4.67624
134	-10.3201
135	-9.68281
136	-10.7772
137	-4.74832
138	-4.74126
139	-4.92172
140	-9.80897
141	-4.66906
142	-4.74539
143	-4.58884
144	-10.5531
145	-4.56602
146	-4.92385
147	-5.09157
148	-10.2357
149	-19.6907
150	-4.54312
151	-4.74029
152	-4.91604
153	-22.7457
154	-10.192
155	-5.09306
156	-37.9658
157	-4.91563
158	-5.09748
159	-46.9576
160	-5.09241
161	-11.029
162	-12.7882
163	-4.91617
164	-4.74197
165	-10.2812
166	-10.2359
167	-4.737
168	-4.91631
169	-4.91588
170	-4.8439
171	-17.0151
172	-31.7231
173	-5.09115
174	-4.84224
175	-4.91686
176	-9.50257
177	-9.68343
178	-5.08894
179	-4.47501
180	-11.1969
181	-4.92318
182	-4.56553
183	-9.24629
184	-4.73602
185	-9.60893
186	-4.74109
187	-4.91411
188	-4.73556
189	-10.8561
190	-4.74071
191	-4.91594
192	-4.91656
193	-5.09052
194	-11.9507
195	-4.91488
196	-60.1293
197	-16.325
198	-4.91652
199	-30.6524
200	-4.74164
201	-4.63887
202	-4.56559
203	-4.91547
204	-4.91653
205	-12.8435
206	-4.73978
207	-4.84403
208	-10.1077
209	-4.76571
210	-4.74094
211	-4.89004
212	-16.4586
213	-4.91586
214	-4.91645
215	-4.70974
216	-4.70937
217	-8.86447
218	-4.91644
219	-4.46815
220	-4.91738
221	-4.91279
222	-4.74063
223	-10.3124
224	-4.74333
225	-4.74101
226	-10.8544
227	-19.0245
228	-4.92691
229	-12.0298
230	-4.90957
231	-29.7672
232	-17.1821
233	-4.74484
234	-4.59205
235	-5.1012
236	-4.74276
237	-4.56643
238	-11.9497
239	-4.91658
240	-4.74106
241	-4.53128
242	-20.6757
243	-4.8436
244	-4.91115
245	-4.90877
246	-4.73793
247	-4.71688
248	-23.8082
249	-16.9546
250	-4.91621
251	-4.74058
252	-4.74086
253	-5.09131
254	-4.56617
255	-4.7486
256	-4.90847
257	-4.91505
258	-4.73884
259	-4.67504
260	-4.91758
261	-4.47035
262	-4.84321
263	-36.2604
264	-4.743
265	-17.5468
266	-4.91575
267	-4.91571
268	-4.73969
269	-60.5506
270	-4.91528
271	-4.56967
272	-4.53739
273	-4.74091
274	-4.74527
275	-4.53963
276	-4.91589
277	-4.63866
278	-9.2523
279	-4.75006
280	-4.73961
281	-4.84608
282	-4.56325
283	-4.92284
284	-4.6373
285	-4.74016
286	-4.46956
