#SITE	SITE_LOG_LIKELIHOODS
1	-4.273196648277161
2	-17.0236802264067
3	-29.57628919993287
4	-47.21786653606276
5	-28.34989978300684
6	-56.40322930803797
7	-15.56077851641413
8	-9.699463490004915
9	-12.00417018066497
10	-9.216784688905378
11	-6.423910566421188
12	-8.723411297620839
13	-9.775935772858261
14	-16.20060647919299
15	-6.756853729954105
16	-33.4509925180478
17	-9.775935772858261
18	-11.66942184539216
19	-42.52563830352549
20	-17.34496180497016
21	-7.208232907101505
22	-11.01562898724377
23	-16.61348107991762
24	-10.11398604935918
25	-6.873477985513425
26	-15.97939466854854
27	-9.086208378139286
28	-16.32114139205722
29	-8.458295078586522
30	-9.382691512737136
31	-9.590631179297286
32	-5.931116359031469
33	-66.5847514613255
34	-10.807542955447
35	-5.797157565718715
36	-16.17334430671354
37	-35.89619902459103
38	-22.93952540342939
39	-12.16573971650173
40	-20.34394162761718
41	-44.70058566540504
42	-23.91842737227041
43	-6.68004419363137
44	-11.83569253294391
45	-15.31907489995065
46	-17.39705171838256
47	-8.705965051718815
48	-5.605098218711759
49	-7.015433589021347
50	-9.830699681476549
51	-5.62017227945094
52	-6.68004419363137
53	-10.86841885730755
54	-22.28866149679662
55	-7.208883186781178
56	-10.6540196331584
57	-10.70540069440739
58	-18.42749307138281
59	-5.89813518040364
60	-8.964952149912904
61	-8.623562102086282
62	-14.13240142634355
63	-6.896527071274926
64	-6.00982674518085
65	-7.395664901711786
66	-4.860655249801948
67	-62.29067860617582
68	-5.62017227945094
69	-15.33179735050517
70	-6.00982674518085
71	-5.931116359031469
72	-7.208232907101505
73	-15.41792076077182
74	-7.41037815876559
75	-7.177630206474486
76	-13.35975179431908
77	-6.673942187998251
78	-15.64673627433176
79	-8.067416046879503
80	-16.73670410647512
81	-7.498980429749566
82	-15.60288094933937
83	-5.95752576908338
84	-5.784761454125924
85	-14.95841158573569
86	-10.35267111486124
87	-16.2182849288887
88	-6.24311250673811
89	-7.015433589021347
90	-9.246802362417764
91	-7.652635897573655
92	-10.86423802785838
93	-6.943827868776626
94	-5.415047845583683
95	-6.007483342722228
96	-18.70959265765336
97	-18.55698549499768
98	-18.23149842512278
99	-5.95752576908338
100	-15.16047570377838
101	-6.812608278905464
102	-58.77980722998032
103	-5.782511205622812
104	-7.4567189592924
105	-6.873477985513425
106	-5.730750077971157
107	-10.81393714419037
108	-5.797157565718715
109	-6.338940505560863
110	-48.13663095814724
111	-6.047573539676186
112	-9.213643538513669
113	-5.971955080438265
114	-12.37052449776703
115	-4.860655249801948
116	-6.953509369452627
117	-15.21209095125809
118	-15.85566290293921
119	-11.27188192578603
120	-8.68069932760346
121	-47.86094138251593
122	-10.70540069440739
123	-6.557596994221242
124	-5.784761454125924
125	-15.79153741333717
126	-5.892725365491022
127	-14.34044288957673
128	-25.08152669479002
129	-5.605098218711759
130	-5.48214745716778
131	-10.05400502824047
132	-26.8597463874934
133	-5.784761454125924
134	-14.48560240761288
135	-21.24169502867618
136	-32.82697648136497
137	-5.928682624280277
138	-9.626611667087083
139	-14.65476350079141
140	-16.75079366659936
141	-7.314797659566096
142	-7.314797659566096
143	-13.89472778258731
144	-26.65159612570461
145	-8.761454022338873
146	-13.97595721100166
147	-6.813788294943025
148	-6.557596994221242
149	-15.70451228448399
150	-6.367137415717077
151	-8.194078462768315
152	-18.41857705237524
153	-8.317093329221331
154	-31.93482103249332
155	-5.971955080438265
156	-15.34727402207491
157	-12.79597982417907
158	-37.69578532454563
159	-5.89813518040364
160	-6.047573539676186
161	-16.04801567783583
162	-89.11823036866579
163	-22.21943238361792
164	-13.33250536443427
165	-9.075410001817904
166	-13.23282228183638
167	-5.928682624280277
168	-14.34414271888574
169	-10.38516783450273
170	-6.765814734223683
171	-10.2865406062604
172	-7.395664901711786
173	-16.0349019549308
174	-5.301427269283336
175	-9.532590199590439
176	-19.86778911453296
177	-16.09621559974721
178	-5.892725365491022
179	-7.263822920064894
180	-44.56619279533504
181	-19.17694159641478
182	-33.21569974255515
183	-17.44473055202095
184	-12.37599820856428
185	-21.6438965747334
186	-23.23495095581971
187	-7.080791193777957
188	-7.059774228438987
189	-5.89813518040364
190	-14.85122992065256
191	-6.983298303066368
192	-8.067416046879503
193	-6.820858513438635
194	-26.89558978317057
195	-9.332674572827173
196	-10.70866600984873
197	-7.208883186781178
198	-10.05400502824047
199	-10.97798324186216
200	-10.99797028553751
201	-7.723899207917589
202	-9.133399283860342
203	-15.94703650355469
204	-21.92925232174211
205	-8.067416046879503
206	-9.829735375428246
207	-10.06646570643882
208	-5.521661296984914
209	-4.860655249801948
210	-8.361254600041136
211	-17.41596873744866
212	-5.605098218711759
213	-25.22076118362367
214	-11.91302315916014
215	-7.173304747671715
216	-12.71563012352602
217	-6.873477985513425
218	-22.00414566754262
219	-22.80829190466341
220	-12.68282427103668
221	-7.717121521908686
222	-16.48923182335464
223	-7.208883186781178
224	-5.770179301008254
225	-11.33415587294459
226	-5.829753911513303
227	-5.521661296984914
228	-6.00982674518085
229	-6.423910566421188
230	-6.557596994221242
231	-5.605098218711759
232	-14.09072117448594
233	-17.89067050369772
234	-6.282859622792926
235	-21.49567623237215
236	-59.41633447074912
237	-78.24528888911998
238	-15.21524081909931
239	-33.69766567110271
240	-18.40881557987905
241	-36.09337434725825
242	-21.81581009574409
243	-6.413806769265533
244	-8.711181136046028
245	-7.159194863003014
246	-10.59506423759861
247	-7.231584892136553
248	-6.910119977646625
249	-6.873477985513425
250	-16.60873235712193
251	-10.07753938513378
252	-6.338940505560863
253	-10.2832040608783
254	-11.6415043612799
255	-28.31592007475889
256	-24.09979015853756
257	-12.10752365066693
258	-6.812608278905464
259	-18.96168627554253
260	-6.865283593606694
261	-27.72324591046531
262	-10.58503353682057
263	-9.287817135052432
264	-67.58315849306982
265	-28.25794050039543
266	-6.691243853329836
267	-10.05400502824047
268	-4.860655249801948
269	-9.27525558375134
270	-6.047008536818775
271	-66.43123162833136
272	-27.24404864664013
273	-10.44699340674035
274	-15.62199083331091
275	-14.71252521644205
276	-31.75009938553513
277	-7.860261860717248
278	-24.37150667303572
279	-6.678436430346394
280	-16.23729754424199
281	-15.76405063364325
282	-19.11147372459086
283	-10.32769800874973
284	-17.49827099642034
285	-24.27028825246698
286	-5.520004056019935
