#SITE	SITE_LOG_LIKELIHOOD
1	-1.92491
2	-16.6299
3	-27.8373
4	-48.5914
5	-25.4482
6	-55.9396
7	-15.6641
8	-10.096
9	-10.596
10	-8.4478
11	-7.33615
12	-7.92748
13	-8.83265
14	-13.9084
15	-8.3936
16	-29.084
17	-9.10216
18	-11.2033
19	-41.1416
20	-17.9775
21	-7.9692
22	-10.0395
23	-13.2157
24	-9.32987
25	-7.50061
26	-15.0051
27	-7.91296
28	-15.0068
29	-8.77081
30	-8.43639
31	-8.0969
32	-7.62162
33	-91.9703
34	-8.88014
35	-3.88221
36	-15.5721
37	-27.2945
38	-21.2112
39	-11.0925
40	-17.0802
41	-45.297
42	-23.0542
43	-4.55043
44	-10.3801
45	-13.9442
46	-18.5637
47	-7.32491
48	-5.31937
49	-7.35267
50	-9.69832
51	-6.25643
52	-5.70838
53	-10.6095
54	-22.9339
55	-7.514
56	-10.05
57	-9.73627
58	-15.8029
59	-4.3127
60	-8.35125
61	-9.05121
62	-12.1364
63	-6.51535
64	-2.69794
65	-4.97949
66	-5.90962
67	-66.3842
68	-2.33518
69	-12.9917
70	-5.57499
71	-2.61613
72	-6.94779
73	-13.4341
74	-5.89497
75	-5.23129
76	-12.0856
77	-7.28554
78	-14.4264
79	-5.74008
80	-16.4199
81	-7.22219
82	-13.8151
83	-4.80221
84	-7.03678
85	-13.5377
86	-9.91239
87	-16.2914
88	-7.65055
89	-6.78988
90	-9.16691
91	-6.29074
92	-10.2699
93	-6.68191
94	-7.59657
95	-4.08389
96	-16.9714
97	-13.4736
98	-16.8387
99	-7.28304
100	-12.387
101	-8.18166
102	-74.1262
103	-4.66871
104	-4.91969
105	-5.68191
106	-6.69699
107	-8.59152
108	-7.23471
109	-8.6906
110	-50.5309
111	-7.00172
112	-9.67102
113	-8.12278
114	-9.80827
115	-4.90168
116	-6.59882
117	-12.3489
118	-15.8722
119	-11.3918
120	-6.79618
121	-51.4928
122	-10.4189
123	-5.42481
124	-5.25265
125	-13.5378
126	-6.43144
127	-14.0302
128	-24.3433
129	-1.55523
130	-2.9675
131	-7.84119
132	-26.3973
133	-4.95318
134	-11.2312
135	-17.8789
136	-34.6176
137	-5.11459
138	-9.40543
139	-13.6445
140	-13.7546
141	-6.11792
142	-5.23572
143	-10.6152
144	-26.3598
145	-8.62558
146	-12.5452
147	-7.11388
148	-8.26771
149	-13.2136
150	-6.16944
151	-7.74129
152	-18.0018
153	-8.68993
154	-29.7377
155	-2.86278
156	-15.8127
157	-14.594
158	-36.9032
159	-5.40517
160	-6.20316
161	-13.2395
162	-101.88
163	-18.8949
164	-12.13
165	-7.35754
166	-13.2213
167	-5.5966
168	-11.4116
169	-13.0698
170	-7.99019
171	-10.7669
172	-8.60035
173	-14.7973
174	-4.0368
175	-9.87637
176	-17.326
177	-13.2445
178	-4.3527
179	-4.96229
180	-52.2049
181	-16.8912
182	-28.4747
183	-16.2426
184	-10.19
185	-20.0354
186	-26.0172
187	-7.09409
188	-6.50527
189	-6.85417
190	-13.7462
191	-5.9389
192	-7.46802
193	-8.47393
194	-25.1955
195	-9.00222
196	-10.4818
197	-6.20488
198	-9.05033
199	-11.1412
200	-10.1983
201	-6.51637
202	-7.23689
203	-16.7221
204	-18.9854
205	-5.95459
206	-9.37189
207	-9.91322
208	-1.86693
209	-2.36763
210	-8.15302
211	-15.813
212	-4.37519
213	-28.9257
214	-11.61
215	-6.08586
216	-11.9384
217	-7.67367
218	-19.5177
219	-20.2804
220	-9.43362
221	-8.34042
222	-16.2303
223	-6.98047
224	-4.57132
225	-13.33
226	-6.3606
227	-1.0981
228	-5.94535
229	-5.37998
230	-5.29434
231	-3.68582
232	-8.91728
233	-13.9098
234	-3.97921
235	-18.5128
236	-71.9663
237	-87.8191
238	-14.1646
239	-29.302
240	-15.0974
241	-35.717
242	-13.3193
243	-5.82837
244	-6.79703
245	-5.8765
246	-9.5173
247	-6.25004
248	-4.00824
249	-6.65485
250	-15.2372
251	-9.28988
252	-8.5031
253	-9.12982
254	-11.3484
255	-26.7297
256	-24.0623
257	-11.0159
258	-6.62856
259	-18.4463
260	-4.49229
261	-26.19
262	-9.74606
263	-7.91847
264	-63.1766
265	-26.65
266	-7.8258
267	-9.50703
268	-6.54851
269	-9.4974
270	-7.87735
271	-72.8903
272	-22.8338
273	-10.3503
274	-14.7187
275	-13.4467
276	-32.0989
277	-7.79713
278	-23.7712
279	-5.83002
280	-18.16
281	-13.5125
282	-20.5563
283	-11.2432
284	-18.057
285	-22.5846
286	-1.5812
