#SITE	SITE_LOG_LIKELIHOOD
1	-5.11817
2	-16.6411
3	-28.9089
4	-50.6261
5	-26.37
6	-58.6764
7	-15.9378
8	-10.0786
9	-11.8536
10	-8.14077
11	-7.77217
12	-7.92488
13	-9.65403
14	-14.3483
15	-7.90689
16	-34.9858
17	-9.65403
18	-12.2026
19	-43.8967
20	-17.7064
21	-8.8844
22	-11.7892
23	-14.4439
24	-10.0918
25	-8.13252
26	-15.3401
27	-8.66693
28	-15.4576
29	-8.80036
30	-8.54381
31	-9.92598
32	-6.89499
33	-77.0911
34	-10.4284
35	-6.44651
36	-15.9861
37	-34.3975
38	-21.6387
39	-12.1642
40	-19.3692
41	-46.0584
42	-22.2976
43	-7.66774
44	-13.6306
45	-14.5467
46	-19.0704
47	-8.60489
48	-6.55878
49	-7.7074
50	-9.8257
51	-6.7031
52	-7.66774
53	-11.4478
54	-22.4863
55	-7.70546
56	-11.3413
57	-10.4476
58	-17.4075
59	-6.32452
60	-8.52597
61	-8.54015
62	-12.2936
63	-7.35132
64	-7.1029
65	-8.75412
66	-7.16014
67	-66.7985
68	-6.7031
69	-14.2455
70	-7.1029
71	-6.89499
72	-8.8844
73	-14.6706
74	-7.75465
75	-8.62571
76	-13.8126
77	-7.27679
78	-15.1474
79	-8.06093
80	-16.8736
81	-8.05125
82	-15.0595
83	-7.65998
84	-6.2348
85	-14.2799
86	-10.2824
87	-17.7216
88	-7.58253
89	-7.7074
90	-9.39656
91	-7.9672
92	-11.4177
93	-8.4363
94	-7.36512
95	-7.0519
96	-17.7588
97	-16.9576
98	-17.7117
99	-7.65998
100	-13.7982
101	-8.55969
102	-72.5911
103	-7.03233
104	-7.51626
105	-8.13252
106	-6.90028
107	-10.1494
108	-6.44651
109	-7.99509
110	-52.8664
111	-5.86929
112	-9.31053
113	-7.65049
114	-12.74
115	-7.16014
116	-7.74325
117	-14.7043
118	-15.5214
119	-12.0203
120	-8.91909
121	-46.6302
122	-10.4476
123	-7.26084
124	-6.2348
125	-15.2457
126	-6.72804
127	-14.3425
128	-22.6084
129	-6.55878
130	-7.2136
131	-9.48553
132	-30.0877
133	-6.2348
134	-14.0927
135	-19.9944
136	-32.6768
137	-6.16084
138	-9.35376
139	-13.8569
140	-15.1874
141	-8.29559
142	-8.29559
143	-12.9292
144	-27.3939
145	-8.69981
146	-14.2001
147	-7.76342
148	-7.26084
149	-13.5942
150	-5.78171
151	-8.2008
152	-18.598
153	-8.73239
154	-31.5032
155	-7.65049
156	-16.221
157	-14.6834
158	-42.5005
159	-6.32452
160	-5.86929
161	-15.4818
162	-103.6
163	-19.5589
164	-11.3238
165	-8.70166
166	-12.6984
167	-6.16084
168	-12.8737
169	-12.4147
170	-7.90612
171	-10.2579
172	-8.75412
173	-15.4495
174	-6.62343
175	-9.91408
176	-17.5343
177	-14.6742
178	-6.72804
179	-8.37128
180	-48.7913
181	-20.9434
182	-34.0304
183	-17.1284
184	-12.3844
185	-20.7301
186	-22.2165
187	-8.36243
188	-7.03076
189	-6.32452
190	-13.6115
191	-7.20461
192	-8.06093
193	-7.75393
194	-26.0645
195	-9.49297
196	-10.0818
197	-7.70546
198	-9.48553
199	-11.0399
200	-9.92302
201	-8.1913
202	-8.7579
203	-14.3486
204	-19.9912
205	-8.06093
206	-9.45827
207	-10.3121
208	-6.51262
209	-7.16014
210	-8.69441
211	-16.9779
212	-6.55878
213	-23.9796
214	-13.5501
215	-7.90711
216	-12.6315
217	-8.13252
218	-20.996
219	-23.2368
220	-12.4234
221	-8.19867
222	-16.9199
223	-7.70546
224	-7.10744
225	-12.6801
226	-6.64136
227	-6.51262
228	-7.1029
229	-7.77217
230	-7.26084
231	-6.55878
232	-13.2179
233	-16.925
234	-6.54362
235	-19.6506
236	-65.749
237	-90.9645
238	-14.3075
239	-39.1628
240	-17.4768
241	-34.5786
242	-23.7782
243	-7.78182
244	-8.92344
245	-7.88439
246	-10.3982
247	-7.74382
248	-8.3507
249	-8.13252
250	-15.1213
251	-10.2783
252	-7.99509
253	-10.2102
254	-12.3256
255	-29.4583
256	-26.5008
257	-13.3889
258	-8.55969
259	-20.2609
260	-8.14703
261	-29.3778
262	-10.1607
263	-9.474
264	-72.3963
265	-26.9953
266	-7.2673
267	-9.48553
268	-7.16014
269	-9.3227
270	-7.53843
271	-74.092
272	-25.1108
273	-10.6064
274	-15.3517
275	-13.2331
276	-32.4904
277	-7.70057
278	-24.6117
279	-7.66399
280	-18.1808
281	-14.2536
282	-17.1816
283	-11.9375
284	-18.2109
285	-24.1642
286	-6.49298
