#SITE	SITE_LOG_LIKELIHOOD
1	-0.622511
2	-9.20327
3	-51.9579
4	-29.8033
5	-6.47365
6	-4.38731
7	-2.74281
8	-17.2353
9	-30.7025
10	-26.8093
11	-3.29178
12	-25.0148
13	-0.437982
14	-21.4476
15	-5.46331
16	-13.6378
17	-57.4418
18	-49.1917
19	-4.83546
20	-37.8571
21	-22.3294
22	-18.1472
23	-15.9152
24	-33.7378
25	-15.4741
26	-40.3177
27	-15.6278
28	-28.9853
29	-46.4239
30	-28.9374
31	-53.0857
32	-1.54413
33	-37.7441
34	-64.9206
35	-10.6772
36	-16.8834
37	-39.4012
38	-16.695
39	-4.46542
40	-4.48563
41	-23.4909
42	-3.08777
43	-1.77254
44	-14.7907
45	-25.2454
46	-20.9216
47	-33.7026
48	-9.9811
49	-17.4239
50	-33.1075
51	-15.225
52	-35.3716
53	-8.80367
54	-33.9426
55	-69.903
56	-27.1212
57	-18.3444
58	-33.0881
59	-9.15646
60	-10.769
61	-35.8691
62	-6.3923
63	-13.187
64	-20.0344
65	-25.1938
66	-1.42322
67	-37.7806
68	-17.761
69	-5.06291
70	-36.5249
71	-4.09813
72	-26.0776
73	-40.2315
74	-20.0082
75	-24.9597
76	-36.7776
77	-29.5169
78	-17.2679
79	-27.278
80	-14.3184
81	-11.745
82	-17.3687
83	-17.2686
84	-45.5164
85	-61.2641
86	-26.6435
87	-23.8678
88	-28.058
89	-21.52
90	-14.1373
91	-8.36193
92	-22.6929
93	-13.7043
94	-32.2546
95	-17.0145
96	-9.99329
97	-3.68148
98	-80.479
99	-10.2905
100	-44.0423
101	-163.432
102	-95.2579
103	-65.1113
104	-1.12094
105	-70.1755
106	-13.7208
107	-52.9341
108	-10.8861
109	-37.4116
110	-9.40237
111	-11.411
112	-9.43468
113	-8.30503
114	-17.4352
115	-3.02653
116	-5.48294
117	-29.8718
118	-48.3058
119	-13.3774
120	-0.660534
121	-23.9626
122	-14.0947
123	-13.9052
124	-23.4856
125	-9.22037
126	-13.8398
127	-43.9725
128	-16.884
129	-51.1496
130	-31.0223
131	-65.1466
132	-33.2366
133	-31.4543
134	-17.0653
135	-3.11128
136	-50.5919
137	-0.57633
138	-9.50317
139	-1.19161
140	-17.0654
141	-25.5291
142	-7.63532
143	-21.1056
144	-3.10729
145	-19.1787
146	-52.8222
147	-25.8719
148	-33.532
149	-7.78563
150	-36.8334
151	-12.7384
152	-4.74762
153	-4.65604
154	-18.6139
155	-33.8331
156	-24.1503
157	-48.7761
158	-43.9032
159	-1.8191
160	-12.2783
161	-12.1704
162	-24.8942
163	-6.98583
164	-11.8342
165	-26.3973
166	-38.8239
167	-11.3475
168	-18.9693
169	-14.1166
170	-29.8153
171	-29.4161
172	-24.4757
173	-14.487
174	-23.58
175	-27.6546
176	-15.7406
177	-14.8025
178	-31.1497
179	-17.7804
180	-35.8856
181	-10.1686
182	-17.1351
183	-17.2391
184	-8.53612
185	-16.9193
186	-65.3771
187	-43.4077
188	-18.7664
189	-4.56516
190	-34.7303
191	-16.0606
192	-37.6405
193	-38.8351
194	-16.0377
195	-19.9626
196	-0.857074
197	-48.4938
198	-3.25928
199	-19.7497
200	-22.7765
201	-17.0806
202	-23.1185
203	-17.1431
204	-42.661
205	-50.2397
206	-32.6189
207	-0.324833
208	-14.5797
209	-4.68615
210	-25.3525
211	-21.9726
212	-42.538
213	-48.6937
214	-37.0587
215	-10.5362
216	-43.015
217	-74.0261
218	-14.1036
219	-30.158
220	-19.0502
221	-9.90054
222	-10.1754
223	-9.12788
224	-9.25074
225	-11.1047
226	-28.4506
227	-9.17155
228	-36.5613
229	-8.16746
230	-18.6907
231	-5.45576
232	-26.1564
233	-26.7924
234	-10.3737
235	-10.9977
236	-40.8891
237	-20.1699
238	-2.36961
239	-25.3806
240	-23.9306
241	-14.5425
242	-27.0248
243	-16.0622
244	-6.65154
245	-28.3358
246	-51.0477
247	-29.8282
248	-10.962
249	-15.1775
250	-19.8187
251	-9.61629
252	-11.7362
253	-32.3295
254	-8.23736
255	-17.384
256	-19.024
257	-54.3301
258	-18.819
259	-84.1251
260	-16.5347
261	-24.3594
262	-10.276
263	-24.49
264	-29.903
265	-20.5308
266	-37.5205
267	-10.8721
268	-57.3741
269	-29.7107
270	-19.3616
271	-19.942
272	-2.86687
273	-12.5767
274	-27.3212
275	-33.3988
276	-21.4593
277	-15.0683
278	-22.3395
279	-13.7712
280	-32.5196
281	-15.1036
282	-14.8871
283	-20.9754
284	-28.3019
285	-22.3775
286	-13.7671
287	-28.2944
288	-46.5794
289	-36.0359
290	-117.856
291	-25.2016
292	-16.2254
293	-36.0122
294	-30.4951
295	-28.263
296	-24.4888
297	-10.0097
298	-42.8705
299	-49.1641
300	-23.3166
301	-28.6861
302	-15.6588
303	-15.8467
304	-14.6712
305	-9.27691
306	-43.61
307	-21.3444
308	-8.55515
309	-43.6743
310	-23.0072
311	-36.8503
312	-33.118
313	-3.28102
314	-17.5418
315	-18.0786
316	-30.7056
317	-4.6814
318	-54.784
319	-68.3275
320	-8.60963
321	-16.2003
322	-15.328
323	-6.18754
324	-7.62421
325	-14.5272
326	-39.8478
327	-16.3605
328	-38.6324
329	-42.4454
330	-0.431888
331	-1.88733
332	-12.0845
333	-4.13604
334	-31.1844
335	-66.972
336	-11.0989
337	-20.196
338	-8.34284
339	-3.39238
340	-17.654
341	-67.6757
342	-29.4399
343	-53.8273
344	-36.7003
345	-15.4281
346	-4.62608
347	-18.0673
348	-12.9245
349	-18.0698
350	-35.0264
351	-28.958
352	-21.0916
353	-84.5131
354	-31.5501
355	-52.4912
356	-15.584
357	-35.4044
358	-24.5325
359	-16.6798
360	-26.5818
361	-4.7364
362	-25.8008
363	-29.8968
364	-6.95627
365	-20.3635
366	-9.00799
367	-10.6072
368	-8.85796
369	-7.33103
370	-8.95283
371	-14.4156
372	-32.5952
373	-59.2701
374	-25.2354
375	-175.763
376	-13.8971
377	-30.968
378	-23.7752
379	-5.55218
380	-32.6777
381	-29.3563
382	-15.7403
383	-10.9233
384	-72.3979
385	-12.3095
386	-0.441163
387	-16.8171
388	-9.10309
389	-43.0146
390	-4.53612
391	-40.2734
392	-3.96542
393	-15.7149
394	-30.1099
395	-4.24826
396	-34.4258
397	-25.5145
398	-10.4997
399	-25.5787
400	-38.946
401	-56.5379
402	-46.3775
403	-26.5841
404	-47.9989
405	-18.4274
406	-29.3287
407	-14.9988
408	-43.134
409	-14.7898
410	-18.0091
411	-76.1559
412	-13.7523
413	-16.52
414	-43.8554
415	-15.9354
416	-11.5131
417	-53.4666
418	-15.0348
419	-25.2692
420	-13.8271
421	-31.3292
422	-46.8175
423	-55.6215
424	-22.7313
425	-50.5864
426	-11.9467
427	-15.3931
428	-19.4586
429	-16.052
430	-24.4196
431	-27.2123
432	-22.4817
433	-95.8749
434	-26.3205
435	-23.6595
436	-19.9804
437	-28.0853
438	-24.6274
439	-10.3993
440	-2.28153
441	-26.4757
442	-34.267
443	-6.92373
444	-22.3783
445	-2.60692
446	-34.7703
447	-26.2683
448	-3.00324
449	-8.95643
450	-87.0015
451	-19.0262
452	-26.8331
453	-26.7792
454	-30.0921
455	-24.7802
456	-22.4696
457	-59.627
458	-8.65776
459	-42.7492
460	-8.15858
461	-28.9223
462	-17.517
463	-23.3952
464	-7.19445
465	-21.614
466	-16.2397
467	-29.3543
468	-12.9469
469	-7.61999
470	-29.8442
471	-4.50833
472	-59.0679
473	-11.8615
474	-27.3217
475	-22.5615
476	-5.76772
477	-20.5068
478	-10.3817
479	-10.9415
480	-26.4978
481	-1.35617
482	-16.818
483	-16.006
484	-8.13061
485	-18.7207
486	-5.0033
487	-2.83274
488	-2.8241
489	-3.12713
490	-10.1777
491	-3.1884
492	-3.32459
493	-15.4004
494	-39.7727
495	-40.7942
496	-37.1377
497	-10.7906
498	-45.72
