#SITE	SITE_LOG_LIKELIHOODS
1	-4.285938536421085e-05
2	-4.285938536421085e-05
3	-13.92695009930838
4	-19.43725060668071
5	-19.30020448752928
6	-23.17497965518616
7	-3.463581411477227
8	-2.718928465287068
9	-5.570950798427089
10	-4.075705332260317
11	-4.045434735487104
12	-5.196208697955195
13	-2.718928465287068
14	-5.906248280239299
15	-2.879366115318508
16	-15.92219002362739
17	-2.718928465287068
18	-3.650559877220289
19	-2.718928465287068
20	-11.76207575089401
21	-4.916549755616948
22	-4.575246079575664
23	-11.84314548538271
24	-3.453816064649089
25	-3.650559877220289
26	-3.692208805967235
27	-3.650559877220289
28	-4.285841150105703
29	-4.202313433526233
30	-4.948903038767893
31	-4.075705332260317
32	-4.456250332460192
33	-79.16575465346997
34	-3.453816064649089
35	-3.80857628400592
36	-3.453816064649089
37	-10.39817309633357
38	-10.86559983006386
39	-4.78991091998816
40	-3.335466676734445
41	-27.10044975608124
42	-4.916549755616948
43	-3.335466676734445
44	-3.569083561864859
45	-11.97591752482402
46	-3.80857628400592
47	-3.569083561864859
48	-3.926177427243331
49	-2.718928465287068
50	-2.879366115318508
51	-3.453816064649089
52	-3.335466676734445
53	-3.463581411477227
54	-15.23671278530546
55	-2.718928465287068
56	-3.674316439901039
57	-2.879366115318508
58	-11.95340550060803
59	-3.463581411477227
60	-2.879366115318508
61	-3.926177427243331
62	-3.80857628400592
63	-3.463581411477227
64	-4.338906183631591
65	-4.822080779590874
66	-3.569083561864859
67	-11.47464905078312
68	-3.453816064649089
69	-9.993073674879314
70	-4.338906183631591
71	-4.456250332460192
72	-4.916549755616948
73	-10.68241868238824
74	-5.447537723908979
75	-5.423033847672835
76	-3.335466676734445
77	-5.007261817154996
78	-3.985017141458795
79	-2.718928465287068
80	-9.010358975118331
81	-4.711808936042705
82	-3.985017141458795
83	-3.926177427243331
84	-2.879366115318508
85	-12.7065191530814
86	-4.073256054878954
87	-3.80857628400592
88	-3.692208805967235
89	-2.718928465287068
90	-4.202313433526233
91	-5.558135061664083
92	-4.767647478379354
93	-4.045434735487104
94	-4.575246079575664
95	-4.680203515954716
96	-11.30566646026425
97	-3.692208805967235
98	-3.692208805967235
99	-3.926177427243331
100	-2.718928465287068
101	-3.985017141458795
102	-11.22379902578401
103	-5.873201016637326
104	-4.78991091998816
105	-3.650559877220289
106	-4.383552057845727
107	-3.453816064649089
108	-3.80857628400592
109	-4.456250332460192
110	-58.60151995644445
111	-4.285841150105703
112	-2.879366115318508
113	-4.073256054878954
114	-9.698797950946856
115	-3.569083561864859
116	-4.832621578691946
117	-10.47946522958876
118	-10.05164482764073
119	-8.799318371808601
120	-5.447537723908979
121	-46.56863177094386
122	-2.879366115318508
123	-2.879366115318508
124	-2.879366115318508
125	-4.075705332260317
126	-3.674316439901039
127	-11.74063440122688
128	-3.453816064649089
129	-3.926177427243331
130	-5.037310061804051
131	-3.453816064649089
132	-2.879366115318508
133	-2.879366115318508
134	-4.571111658751987
135	-8.098411124870733
136	-27.72801886265241
137	-2.718928465287068
138	-2.879366115318508
139	-10.58181759533508
140	-18.77248139351032
141	-3.335466676734445
142	-3.335466676734445
143	-4.822080779590874
144	-12.9798398981784
145	-4.779834685222069
146	-5.376225403071513
147	-5.39944806564777
148	-2.879366115318508
149	-16.96626171301936
150	-5.376225403071513
151	-3.463581411477227
152	-12.6837657819944
153	-4.045434735487104
154	-18.45449117078995
155	-4.073256054878954
156	-10.48845191541419
157	-4.383552057845727
158	-3.674316439901039
159	-3.463581411477227
160	-4.285841150105703
161	-4.073256054878954
162	-3.463581411477227
163	-4.129155314541466
164	-3.80857628400592
165	-4.832621578691946
166	-3.80857628400592
167	-2.718928465287068
168	-4.571111658751987
169	-4.202313433526233
170	-4.024064070370044
171	-4.285841150105703
172	-4.822080779590874
173	-3.335466676734445
174	-4.073256054878954
175	-2.879366115318508
176	-3.463581411477227
177	-4.073256054878954
178	-3.674316439901039
179	-5.39944806564777
180	-3.674316439901039
181	-21.6560871506626
182	-2.879366115318508
183	-3.453816064649089
184	-3.569083561864859
185	-9.656896741781766
186	-4.024064070370044
187	-3.674316439901039
188	-2.718928465287068
189	-3.463581411477227
190	-4.767647478379354
191	-2.718928465287068
192	-2.718928465287068
193	-3.674316439901039
194	-3.453816064649089
195	-3.692208805967235
196	-5.485512307395748
197	-2.718928465287068
198	-3.453816064649089
199	-2.879366115318508
200	-5.485512307395748
201	-4.78991091998816
202	-4.948903038767893
203	-4.711808936042705
204	-16.08893715579648
205	-2.718928465287068
206	-2.718928465287068
207	-3.692208805967235
208	-4.129155314541466
209	-3.569083561864859
210	-3.985017141458795
211	-13.34917673851434
212	-3.926177427243331
213	-26.39859415246323
214	-4.383552057845727
215	-2.879366115318508
216	-4.779834685222069
217	-3.650559877220289
218	-5.376225403071513
219	-4.045434735487104
220	-8.777707758617531
221	-5.196208697955195
222	-3.985017141458795
223	-2.718928465287068
224	-3.650559877220289
225	-4.024064070370044
226	-3.335466676734445
227	-4.129155314541466
228	-4.338906183631591
229	-4.045434735487104
230	-2.879366115318508
231	-3.926177427243331
232	-14.56080777538105
233	-3.674316439901039
234	-4.779834685222069
235	-6.254443970140559
236	-15.43246312301095
237	-40.73927519767122
238	-10.2261316599308
239	-5.479245219313536
240	-14.25685349872228
241	-3.463581411477227
242	-12.06903680689928
243	-4.075705332260317
244	-4.383552057845727
245	-2.879366115318508
246	-2.718928465287068
247	-4.285841150105703
248	-3.335466676734445
249	-3.650559877220289
250	-15.63685751928695
251	-5.037310061804051
252	-4.456250332460192
253	-5.007261817154996
254	-4.202313433526233
255	-21.4150119811221
256	-20.62786507312505
257	-9.20100981984176
258	-3.985017141458795
259	-12.71529087240362
260	-4.680203515954716
261	-2.718928465287068
262	-4.711808936042705
263	-3.926177427243331
264	-36.42398052625111
265	-20.63924430672484
266	-4.024064070370044
267	-3.453816064649089
268	-3.569083561864859
269	-2.879366115318508
270	-4.202313433526233
271	-19.36118114897766
272	-11.03059197316449
273	-3.692208805967235
274	-15.90566901760922
275	-4.045434735487104
276	-2.879366115318508
277	-5.438927459385509
278	-15.13320591830075
279	-3.335466676734445
280	-9.911846127276444
281	-4.024064070370044
282	-10.1325359696396
283	-4.045434730707228
284	-9.211296143495886
285	-4.567992540682941
286	-4.126672186202065
