#SITE	SITE_LOG_LIKELIHOOD
1	-8.71083
2	-6.40862
3	-99.0913
4	-11.2881
5	-4.58478
6	-5.61131
7	-4.73925
8	-5.02671
9	-4.2436
10	-9.90509
11	-23.4056
12	-4.60516
13	-3.97574
14	-21.5657
15	-3.73649
16	-4.0116
17	-10.6582
18	-37.6132
19	-12.9855
20	-10.1438
21	-14.7375
22	-27.7985
23	-13.4646
24	-4.51132
25	-14.9498
26	-4.63544
27	-9.22091
28	-4.62577
29	-20.6672
30	-4.53248
31	-11.1724
32	-4.33001
33	-4.25676
34	-4.30476
35	-4.90621
36	-4.71189
37	-12.6629
38	-4.14298
39	-5.25106
40	-3.61923
41	-4.81117
42	-8.36216
43	-16.0535
44	-20.686
45	-37.582
46	-4.76496
47	-27.5408
48	-12.188
49	-4.71349
50	-11.4134
51	-8.94062
52	-10.7087
53	-12.1098
54	-4.42807
55	-4.16246
56	-4.23049
57	-4.61603
58	-11.1232
59	-3.01795
60	-4.677
61	-14.0605
62	-3.76661
63	-4.56293
64	-4.03944
65	-51.8185
66	-9.0181
67	-6.3922
68	-10.098
69	-14.1188
70	-5.16174
71	-4.17316
72	-54.1232
73	-8.06485
74	-8.99507
75	-3.9786
76	-10.3705
77	-4.65219
78	-9.33581
79	-6.87108
80	-4.67367
81	-5.24766
82	-4.25937
83	-2.90795
84	-11.9488
85	-4.5636
86	-7.16128
87	-10.5574
88	-6.85629
89	-5.81806
90	-19.309
91	-4.79058
92	-4.3955
93	-5.43176
94	-4.64718
95	-3.07022
96	-4.59335
97	-4.84875
98	-4.63631
99	-5.18733
100	-4.78822
101	-5.44186
102	-4.47689
103	-4.11934
104	-6.18352
105	-5.69572
106	-12.0374
107	-4.17076
108	-4.8379
109	-4.42294
110	-4.75649
111	-23.195
112	-4.78711
113	-4.84016
114	-18.8467
115	-5.45542
116	-5.03714
117	-6.34166
118	-4.7225
119	-3.97627
120	-11.6144
121	-3.78511
122	-16.5832
123	-8.95239
124	-8.31809
125	-34.5079
126	-4.56461
127	-9.90805
128	-9.77654
129	-64.9851
130	-10.1844
131	-4.04774
132	-11.2948
133	-11.567
134	-9.25546
135	-10.1349
136	-9.30652
137	-10.4329
138	-4.81363
139	-8.32049
140	-8.84272
141	-4.54194
142	-8.67297
143	-4.1794
144	-10.6366
145	-4.63025
146	-11.6007
147	-5.33052
148	-10.231
149	-20.7396
150	-11.4373
151	-4.41618
152	-4.8401
153	-23.8302
154	-10.4477
155	-8.27366
156	-39.3049
157	-4.66786
158	-11.2482
159	-46.4483
160	-6.90796
161	-10.7265
162	-12.1254
163	-4.75429
164	-7.80989
165	-11.0788
166	-10.3087
167	-3.49978
168	-5.5377
169	-4.63027
170	-4.29285
171	-17.3891
172	-33.1753
173	-4.76965
174	-3.91572
175	-5.14155
176	-8.66944
177	-11.6507
178	-5.32903
179	-9.41746
180	-11.2152
181	-11.3116
182	-4.34894
183	-8.82735
184	-4.04064
185	-12.7366
186	-4.68333
187	-4.55662
188	-3.60257
189	-11.3072
190	-4.59536
191	-6.48291
192	-6.23622
193	-4.72444
194	-12.4009
195	-4.31567
196	-61.7536
197	-17.2913
198	-5.0265
199	-25.8331
200	-5.0166
201	-5.63975
202	-5.0202
203	-4.69887
204	-5.21721
205	-17.9186
206	-4.4088
207	-4.53422
208	-10.6546
209	-6.66483
210	-4.89738
211	-4.56394
212	-15.398
213	-4.74606
214	-5.21285
215	-5.66512
216	-4.77079
217	-8.45468
218	-5.99747
219	-3.08302
220	-6.38106
221	-4.98841
222	-4.46566
223	-14.8474
224	-6.41509
225	-4.62913
226	-10.4411
227	-21.5291
228	-12.0523
229	-12.4177
230	-3.17352
231	-31.3599
232	-21.6078
233	-9.30344
234	-8.7063
235	-12.4196
236	-7.78332
237	-4.86727
238	-11.9931
239	-6.91564
240	-6.55062
241	-3.95573
242	-24.2201
243	-6.3176
244	-4.33926
245	-3.0453
246	-3.78748
247	-11.4321
248	-21.2607
249	-17.04
250	-4.77528
251	-4.45017
252	-4.61253
253	-4.93621
254	-4.72782
255	-10.5224
256	-3.20391
257	-6.43806
258	-4.48157
259	-10.4745
260	-8.19234
261	-3.95152
262	-4.38898
263	-29.9566
264	-6.35275
265	-17.8072
266	-4.61248
267	-4.54903
268	-3.94558
269	-63.57
270	-4.39999
271	-7.0891
272	-7.66133
273	-4.5796
274	-7.33299
275	-10.5387
276	-5.11741
277	-5.0516
278	-15.4152
279	-11.6401
280	-4.34928
281	-5.67332
282	-4.40798
283	-9.52853
284	-4.30621
285	-4.53652
286	-4.12152
