#SITE	SITE_LOG_LIKELIHOODS
1	-4.377621588063318
2	-16.53462496686744
3	-29.01788561517164
4	-47.13279859033186
5	-27.60997123789741
6	-59.48978852694952
7	-15.20393529468811
8	-9.797045076551395
9	-12.23725962826915
10	-9.647159708945839
11	-6.362209726696035
12	-9.049198799230718
13	-9.850860520504019
14	-16.08212451023868
15	-6.695511131377126
16	-32.96053199068019
17	-9.850860520504019
18	-11.97553459803789
19	-41.71941853405247
20	-17.22023047310582
21	-7.220839352635704
22	-11.2082295844844
23	-16.4173051844322
24	-10.43148272204189
25	-6.84312838819386
26	-15.84645243665392
27	-9.460357270097862
28	-16.03239496334295
29	-8.875936955263642
30	-9.645219206802071
31	-9.663089719555819
32	-6.201869711921475
33	-67.73795441611244
34	-10.97191614203074
35	-6.15381527245584
36	-16.14352616543777
37	-34.99443612679734
38	-22.32406229923705
39	-12.41294384454451
40	-20.25274582726289
41	-45.1589539832004
42	-23.2877499489645
43	-6.695556617814804
44	-12.3560726348435
45	-15.09833206865489
46	-17.33072003557452
47	-8.998077905824777
48	-5.929890790513344
49	-6.972636966325815
50	-10.2302071962736
51	-5.785894296721185
52	-6.695556617814804
53	-11.28307240774475
54	-22.52589688411403
55	-7.172506711481858
56	-10.9526693188905
57	-10.87005863817569
58	-18.4375813523656
59	-6.247338976878505
60	-9.405909583489828
61	-8.820232993538742
62	-14.17037900187387
63	-6.814973633485111
64	-6.162057818792749
65	-7.308107614750593
66	-4.906691400249827
67	-62.52144751569714
68	-5.785894296721185
69	-15.05464592973362
70	-6.162057818792749
71	-6.201869711921475
72	-7.220839352635704
73	-15.54351407503572
74	-7.376878142938789
75	-7.149832800924836
76	-13.18905021693374
77	-6.752027546892776
78	-15.51027627498113
79	-7.882155349324453
80	-16.92157899831839
81	-7.402399979814475
82	-15.38719781056523
83	-5.897466656403732
84	-6.311043962523366
85	-14.71056007961734
86	-10.59529404776847
87	-16.19209397211388
88	-6.149416433285015
89	-6.972636966325815
90	-9.384247540686502
91	-7.550595722707135
92	-11.24877653832317
93	-6.857717690584471
94	-5.621427751660451
95	-6.138684012159294
96	-18.58074326093724
97	-18.21616471729729
98	-18.29007044122472
99	-5.897466656403732
100	-14.90335522087308
101	-6.808243796960261
102	-59.61512637097232
103	-5.896099169403579
104	-7.342647310652782
105	-6.84312838819386
106	-6.316100641207425
107	-10.95163647644494
108	-6.15381527245584
109	-6.240900593199147
110	-51.85731381905351
111	-6.617788677926123
112	-9.276465976042516
113	-5.914991845238975
114	-12.13548374220189
115	-4.906691400249827
116	-6.911405464533234
117	-14.98607201335992
118	-16.03781406437254
119	-11.03920692129683
120	-8.638055575125223
121	-50.51566956199805
122	-10.87005863817569
123	-6.648789470813006
124	-6.311043962523366
125	-15.56283955493454
126	-6.295492890857738
127	-14.18599273085604
128	-24.60959693008411
129	-5.929890790513344
130	-5.683201249458563
131	-10.08966626146187
132	-27.43597071258147
133	-6.311043962523366
134	-14.19897313643172
135	-20.94648171105476
136	-33.55465217439907
137	-6.545690015047338
138	-9.67402142989058
139	-14.4136514432369
140	-16.86802300398502
141	-7.23938367411299
142	-7.23938367411299
143	-13.65042700027501
144	-26.53140445704464
145	-8.821401612021859
146	-13.68498528707918
147	-6.771836504083094
148	-6.648789470813006
149	-15.54501855354058
150	-6.879318259235102
151	-8.485220210186624
152	-18.49154580728047
153	-8.491438646826728
154	-32.17137850907859
155	-5.914991845238975
156	-15.45322814519969
157	-12.44724904800844
158	-40.68553875142246
159	-6.247338976878505
160	-6.617788677926123
161	-15.7812675921722
162	-92.71269627954858
163	-21.74339998162412
164	-13.37941325529296
165	-9.447190843551317
166	-12.98931036762572
167	-6.545690015047338
168	-14.27910630343304
169	-10.14106199375643
170	-6.706373874575013
171	-10.3747184651547
172	-7.308107614750593
173	-16.12975034961617
174	-5.551165077832523
175	-9.68953446793787
176	-19.28877793169776
177	-16.05631266060524
178	-6.295492890857738
179	-7.17251525637456
180	-43.78013161148417
181	-19.3906777181152
182	-33.20455216380516
183	-17.42233706146702
184	-12.23753496106395
185	-21.27901144107462
186	-22.9266480244821
187	-6.989133546731114
188	-7.115722231517886
189	-6.247338976878505
190	-14.55492954186211
191	-7.12781057680027
192	-7.882155349324453
193	-6.781280569976364
194	-26.2667812840449
195	-9.381527442383103
196	-10.73563538553192
197	-7.172506711481858
198	-10.08966626146187
199	-11.11040619292542
200	-11.46092395426778
201	-7.686176713333746
202	-9.146970251874595
203	-15.70183575433611
204	-21.40710320402052
205	-7.882155349324453
206	-9.98656617968523
207	-10.3371327872068
208	-5.568932700600187
209	-4.906691400249827
210	-8.728166787765309
211	-17.41276862006832
212	-5.929890790513344
213	-25.20333579764774
214	-11.55318391945647
215	-7.128129546228587
216	-12.50549228086309
217	-6.84312838819386
218	-21.46659219027581
219	-22.81720963459427
220	-12.38224912884892
221	-7.680174875169292
222	-16.38207547143269
223	-7.172506711481858
224	-6.158714907346153
225	-11.05591939438211
226	-6.291457043609842
227	-5.568932700600187
228	-6.162057818792749
229	-6.362209726696035
230	-6.648789470813006
231	-5.929890790513344
232	-13.81194547037
233	-17.91377112022477
234	-6.891883673436361
235	-21.12880031063129
236	-60.13761372904444
237	-81.65508127461361
238	-15.16726252680487
239	-36.21165895453539
240	-18.27489513299736
241	-35.0494780640794
242	-21.86819413406861
243	-6.349691033511172
244	-8.820944040236663
245	-7.10983564880679
246	-10.77376827806069
247	-7.201588902089424
248	-6.827763924172713
249	-6.84312838819386
250	-16.6268336534569
251	-10.19966283832047
252	-6.240900593199147
253	-10.33952178544791
254	-12.01605853406019
255	-28.81489905660476
256	-24.59301929298818
257	-11.76264500831818
258	-6.808243796960261
259	-18.79556913551704
260	-6.804909922431877
261	-26.97265743865682
262	-10.86692081257964
263	-9.444259533271127
264	-71.26768122360669
265	-28.51110409163267
266	-6.780593550039863
267	-10.08966626146187
268	-4.906691400249827
269	-9.3722186270157
270	-5.980148549040821
271	-68.46399903276168
272	-26.61170123345036
273	-10.63649662476379
274	-15.31395998785344
275	-14.72450925973549
276	-31.60765422884114
277	-8.203113441602072
278	-24.84718855872346
279	-6.69327846500545
280	-16.26930843612894
281	-15.76885571859257
282	-18.72118373554239
283	-10.05453193222014
284	-17.90510670432772
285	-23.75945206192002
286	-5.566765818954148
