#SITE	SITE_LOG_LIKELIHOOD
1	-7.37607
2	-3.91822
3	-4.22293
4	-5.28867
5	-4.15513
6	-4.56449
7	-3.84326
8	-4.59059
9	-3.96502
10	-3.95236
11	-3.17255
12	-3.64179
13	-3.69956
14	-4.2065
15	-4.55894
16	-3.21001
17	-3.50776
18	-3.39492
19	-5.18556
20	-4.81401
21	-4.62225
22	-3.69422
23	-2.67134
24	-4.57126
25	-17.7047
26	-12.4336
27	-15.0775
28	-3.51565
29	-4.61546
30	-4.1242
31	-8.8124
32	-4.22019
33	-5.3824
34	-5.36255
35	-11.9617
36	-5.09758
37	-4.32505
38	-11.2917
39	-4.88932
40	-2.73238
41	-4.72259
42	-9.59733
43	-10.4525
44	-8.73152
45	-3.46766
46	-5.01044
47	-66.7036
48	-5.41288
49	-3.32603
50	-4.38835
51	-3.84541
52	-2.48429
53	-13.9336
54	-4.8638
55	-4.38987
56	-4.01474
57	-3.60544
58	-13.0629
59	-23.2992
60	-24.505
61	-11.6716
62	-3.56151
63	-5.04165
64	-3.94291
65	-5.70653
66	-3.52675
67	-4.02146
68	-16.4512
69	-7.6906
70	-5.37122
71	-4.45095
72	-19.472
73	-4.07124
74	-9.29528
75	-14.2351
76	-15.2168
77	-3.39353
78	-7.53434
79	-11.4702
80	-4.31587
81	-6.19054
82	-48.7442
83	-5.83837
84	-4.31746
85	-3.51886
86	-5.65437
87	-3.3373
88	-17.7438
89	-6.05492
90	-10.5042
91	-6.43803
92	-3.90999
93	-6.30144
94	-4.25312
95	-2.45697
96	-4.26432
97	-5.1339
98	-4.30676
99	-4.0098
100	-3.48533
101	-4.47451
102	-5.68176
103	-23.0562
104	-8.49974
105	-5.43589
106	-5.1279
107	-4.57977
108	-4.59793
109	-8.88178e-16
110	-4.27978
111	-3.92999
112	-9.86905
113	-4.6636
114	-6.25049
115	-4.72442
116	-4.72629
117	-5.33115
118	-9.94653
119	-3.09897
120	-4.24526
121	-4.28664
122	-11.0158
123	-8.13582
124	-2.62989
125	-30.2352
126	-12.8435
127	-3.90905
128	-14.7805
129	-14.1952
130	-3.12527
131	-3.98075
132	-9.19976
133	-10.9324
134	-2.71671
135	-4.35658
136	-7.84971
137	-9.40189
138	-17.9516
139	-6.5377
140	-14.3628
141	-5.04644
142	-8.52607
143	-4.13248
144	-16.7552
145	-4.81531
146	-9.10749
147	-4.12752
148	-4.92406
149	-29.6919
150	-28.8132
151	-4.20943
152	-10.819
153	-3.8557
154	-4.87196
155	-6.00646
156	-19.5848
157	-11.4388
158	-8.9243
159	-45.6352
160	-5.7411
161	-9.90868
162	-3.93694
163	-3.78139
164	-7.51366
165	-5.35361
166	-4.22803
167	-4.37632
168	-5.14336
169	-5.37214
170	-48.4596
171	-5.20738
172	-3.85117
173	-3.69472
174	-4.73071
175	-12.1018
176	-12.0766
177	-7.01985
178	-4.00074
179	-8.64442
180	-5.65629
181	-9.31145
182	-5.46951
183	-9.58858
184	-4.06889
185	-27.8466
186	-4.46987
187	-3.48023
188	-10.4054
189	-4.71952
190	-6.07744
191	-5.73378
192	-5.37133
193	-4.62718
194	-5.17764
195	-4.65987
196	-19.4298
197	-4.00367
198	-9.84289
199	-3.98578
200	-4.79957
201	-5.89828
202	-5.44134
203	-3.72133
204	-4.03833
205	-9.61681
206	-4.19733
207	-4.2471
208	-2.73962
209	-13.2272
210	-12.7392
211	-3.63941
212	0
213	-4.56854
214	-5.51157
215	-9.48718
216	-4.50356
217	-10.5594
218	-4.69151
219	-2.69342
220	-6.13254
221	-4.02755
222	-3.79857
223	-4.43441
224	-6.27106
225	-11.897
226	-3.3326
227	-6.59305
228	-9.1654
229	-19.618
230	-2.51317
231	-2.89805
232	-15.8807
233	-15.4895
234	-10.1973
235	-4.32129
236	-16.0544
237	-4.48283
238	-4.54455
239	-6.70257
240	-14.9061
241	-5.72601
242	-7.32647
243	-4.9837
244	-9.29939
245	-6.08621
246	-4.04763
247	-11.1893
248	-45.3943
249	-4.31246
250	-4.44009
251	-4.85379
252	-10.4214
253	-10.0721
254	-5.23513
255	-4.82486
256	-2.63266
257	-5.74431
258	-4.13578
259	-10.2918
260	-6.36024
261	-3.79183
262	-5.42724
263	-3.3596
264	-6.13381
265	-4.99224
266	-3.66395
267	-4.22673
268	-4.48081
269	-10.0686
270	-4.64367
271	-13.0189
272	-8.02605
273	-4.67198
274	-7.09837
275	-10.9518
276	-4.73539
277	-6.04309
278	-8.94547
279	-10.0305
280	-11.3414
281	-4.53258
282	-7.85549
283	-10.7147
284	-4.10597
285	-4.89504
286	-3.92234
