#SITE	SITE_LOG_LIKELIHOODS
1	-4.27512322364704
2	-16.98819832377977
3	-29.56731562702875
4	-47.15552100966939
5	-28.05159070632591
6	-56.50463955132003
7	-15.57392393131173
8	-9.708506914836171
9	-12.00139849114387
10	-9.213515020437523
11	-6.42599934776942
12	-8.716393679692125
13	-9.787416333089173
14	-16.1954493756028
15	-6.762622693010861
16	-29.90892453191196
17	-9.787416333089173
18	-11.67631917225467
19	-42.43126249004406
20	-17.34762082358592
21	-7.212723830106095
22	-11.0196077147838
23	-16.66116626370062
24	-10.10915413295377
25	-6.873756606742381
26	-15.97513474797564
27	-9.08525522681172
28	-16.33304925121259
29	-8.456383431904618
30	-9.385874747267749
31	-9.594825897158387
32	-5.927499150626381
33	-76.92052218149753
34	-10.80429672396289
35	-5.791443193433692
36	-16.16200616925866
37	-29.92881523703891
38	-22.92383530776494
39	-12.16751222001254
40	-20.34790061945595
41	-44.64640138024189
42	-23.89976463099761
43	-6.679759592914249
44	-11.84467323340585
45	-15.32670137572062
46	-17.44628535052111
47	-8.706978608012705
48	-5.599621273344844
49	-7.022212236253128
50	-9.824194219058084
51	-5.618406070679645
52	-6.679759592914249
53	-10.87416115523822
54	-22.37589638210387
55	-7.215476608792153
56	-10.65618963269251
57	-10.70787116823293
58	-18.41618358368108
59	-5.890498092926526
60	-8.963022124534918
61	-8.63156468509654
62	-14.12836464171621
63	-6.897780837837762
64	-6.008422495423096
65	-7.402989037117932
66	-4.861373728104835
67	-62.28348494518391
68	-5.618406070679645
69	-15.3334698349485
70	-6.008422495423096
71	-5.927499150626381
72	-7.212723830106095
73	-15.39981150771293
74	-7.415927773619325
75	-7.1841424660792
76	-13.45204731124693
77	-6.672865869294138
78	-15.65265981349691
79	-8.072614362314535
80	-16.76047978219544
81	-7.506501757951984
82	-15.60604179968571
83	-5.960726757739387
84	-5.773564197687744
85	-14.96299992177047
86	-10.35857495347625
87	-16.43096627260479
88	-6.247076005457366
89	-7.022212236253128
90	-9.251758813026408
91	-7.660660617586911
92	-10.86869512549658
93	-6.952757893029893
94	-5.412064750155753
95	-6.006949313070222
96	-18.70555656500355
97	-14.24244354226914
98	-18.2235158154123
99	-5.960726757739387
100	-15.16552309476871
101	-6.816630259167554
102	-60.31839141981711
103	-5.782373873527404
104	-7.460667932488337
105	-6.873756606742381
106	-5.718082523485471
107	-10.82458228422186
108	-5.791443193433692
109	-6.344200925313479
110	-47.85275849962352
111	-6.035994991405309
112	-9.222497480254436
113	-5.97459058856156
114	-12.3706931101544
115	-4.861373728104835
116	-6.954190527231776
117	-15.21392922359723
118	-16.19346754470129
119	-11.2754445171773
120	-8.689726527489624
121	-52.97936751650596
122	-10.70787116823293
123	-6.55608679193739
124	-5.773564197687744
125	-15.80166563045416
126	-5.884422198547058
127	-14.34823692243515
128	-25.07859760909317
129	-5.599621273344844
130	-5.479432521305718
131	-10.0624886025278
132	-26.87546794075046
133	-5.773564197687744
134	-14.72792430761884
135	-21.06862225852868
136	-33.04677584791969
137	-5.916134939282948
138	-9.635042411305029
139	-14.63753623883519
140	-16.74530589107143
141	-7.321329367836627
142	-7.321329367836627
143	-13.89909567111097
144	-26.63824763147516
145	-8.764420870448129
146	-14.00789811071933
147	-6.815000496173556
148	-6.55608679193739
149	-15.70434391854556
150	-6.3590055327213
151	-8.189761505548793
152	-18.41990946441977
153	-8.330788399039479
154	-31.62047152554651
155	-5.97459058856156
156	-15.36141214997909
157	-12.83070937182882
158	-36.89396750149508
159	-5.890498092926526
160	-6.035994991405309
161	-16.06143060997937
162	-90.46458933971321
163	-22.22455075038969
164	-13.55321604721185
165	-9.074567534643426
166	-13.46291428844312
167	-5.916134939282948
168	-14.57861757198535
169	-10.61347077622852
170	-6.771291982939945
171	-10.30050057169722
172	-7.402989037117932
173	-16.04665459928748
174	-5.29715671792231
175	-9.544687164886275
176	-19.8663082027906
177	-16.10305051692576
178	-5.884422198547058
179	-7.271910319408337
180	-48.9383601637053
181	-19.17585474054226
182	-29.31595829224703
183	-17.28184059104139
184	-12.40298418502136
185	-21.6798077376216
186	-27.44055209728169
187	-7.088633966285065
188	-7.060249984736891
189	-5.890498092926526
190	-14.70873427759495
191	-6.981355788939017
192	-8.072614362314535
193	-6.821797409728476
194	-26.70423812168936
195	-9.341687771169331
196	-10.71527517127661
197	-7.215476608792153
198	-10.0624886025278
199	-10.9804682299399
200	-10.98423243612548
201	-7.734322348191728
202	-9.132535299689119
203	-15.78847834970294
204	-21.76712589947993
205	-8.072614362314535
206	-9.833943898842007
207	-10.06978330037253
208	-5.524243592524531
209	-4.861373728104835
210	-8.362310276023431
211	-17.409201129251
212	-5.599621273344844
213	-29.4939692835475
214	-11.76278204303419
215	-7.178746633206777
216	-12.71628560059208
217	-6.873756606742381
218	-22.06333156495364
219	-23.02597483741165
220	-12.68065840932542
221	-7.727780039787876
222	-16.3449558301177
223	-7.215476608792153
224	-5.761619330951251
225	-11.18163042745264
226	-5.820011773277641
227	-5.524243592524531
228	-6.008422495423096
229	-6.42599934776942
230	-6.55608679193739
231	-5.599621273344844
232	-14.09556459436727
233	-17.91466527304649
234	-6.271214940074557
235	-21.50040749752512
236	-60.75757275274439
237	-77.15070732403527
238	-15.24269288209732
239	-29.90644987038326
240	-19.10367340676755
241	-36.46165702252853
242	-15.07714158509591
243	-6.416285852644843
244	-8.7136949327473
245	-7.164682679274456
246	-10.58894022916393
247	-7.237268496018537
248	-6.916831877442316
249	-6.873756606742381
250	-16.60488308490396
251	-10.07246876920903
252	-6.344200925313479
253	-10.29593846235106
254	-11.64923696509482
255	-27.64782720931039
256	-24.17141166788408
257	-12.08210861843622
258	-6.816630259167554
259	-19.18043191225258
260	-6.871813494172004
261	-27.2714312976541
262	-10.58326565787166
263	-9.292855687386144
264	-62.14390405492771
265	-28.25776669463718
266	-6.689455947249746
267	-10.0624886025278
268	-4.861373728104835
269	-9.283354861563605
270	-6.04980321967432
271	-66.17725384927866
272	-27.21392971967478
273	-10.45287498346884
274	-15.63493752325818
275	-14.71064930940329
276	-32.30064256716428
277	-7.856654111912146
278	-24.38425299845535
279	-6.678150051214419
280	-16.23371039913122
281	-15.78572021197765
282	-19.11470916718853
283	-10.3294991686378
284	-17.50390439312472
285	-24.28034206994563
286	-5.522596453949284
