#SITE	SITE_LOG_LIKELIHOOD
1	-1.22125e-15
2	-1.22125e-15
3	-11.846
4	-25.0131
5	-21.9264
6	-19.2172
7	-3.86357
8	-4.16775
9	-5.31226
10	-5.21601
11	-4.81242
12	-4.36333
13	-4.16775
14	-4.90557
15	-3.76417
16	-18.0301
17	-4.16775
18	-4.11965
19	-4.16775
20	-11.1931
21	-4.81645
22	-4.86491
23	-11.7181
24	-4.37793
25	-4.11965
26	-4.4006
27	-4.11965
28	-4.54514
29	-4.42541
30	-4.80112
31	-5.21601
32	-5.44276
33	-66.4161
34	-4.37793
35	-4.82844
36	-4.37793
37	-10.5988
38	-10.6024
39	-4.37535
40	-3.93766
41	-30.1739
42	-4.81645
43	-3.93766
44	-4.99226
45	-11.0861
46	-4.82844
47	-4.99226
48	-4.80932
49	-4.16775
50	-3.76417
51	-4.37793
52	-3.93766
53	-3.86357
54	-18.3
55	-4.16775
56	-4.41156
57	-3.76417
58	-10.7093
59	-3.86357
60	-3.76417
61	-4.80932
62	-4.82844
63	-3.86357
64	-5.69659
65	-4.11729
66	-4.99226
67	-10.4574
68	-4.37793
69	-10.587
70	-5.69659
71	-5.44276
72	-4.81645
73	-10.4293
74	-4.14227
75	-4.93625
76	-3.93766
77	-4.1669
78	-4.4087
79	-4.16775
80	-10.8428
81	-3.8798
82	-4.4087
83	-4.80932
84	-3.76417
85	-10.3116
86	-4.40661
87	-4.82844
88	-4.4006
89	-4.16775
90	-4.42541
91	-4.22249
92	-5.0371
93	-4.81242
94	-4.86491
95	-5.55677
96	-11.7608
97	-4.4006
98	-4.4006
99	-4.80932
100	-4.16775
101	-4.4087
102	-10.6484
103	-5.16887
104	-4.37535
105	-4.11965
106	-4.40969
107	-4.37793
108	-4.82844
109	-5.44276
110	-50.2239
111	-4.54514
112	-3.76417
113	-4.40661
114	-10.1669
115	-4.99226
116	-4.40814
117	-10.6502
118	-10.5597
119	-10.1887
120	-4.14227
121	-49.3597
122	-3.76417
123	-3.76417
124	-3.76417
125	-5.21601
126	-4.41156
127	-11.8804
128	-4.37793
129	-4.80932
130	-5.08361
131	-4.37793
132	-3.76417
133	-3.76417
134	-5.48657
135	-9.69828
136	-23.9578
137	-4.16775
138	-3.76417
139	-9.95099
140	-12.4743
141	-3.93766
142	-3.93766
143	-4.11729
144	-11.6091
145	-4.33178
146	-4.52015
147	-4.81443
148	-3.76417
149	-11.7769
150	-4.52015
151	-3.86357
152	-12.568
153	-4.81242
154	-17.6858
155	-4.40661
156	-11.3098
157	-4.40969
158	-4.41156
159	-3.86357
160	-4.54514
161	-4.40661
162	-3.86357
163	-4.64143
164	-4.82844
165	-4.40814
166	-4.82844
167	-4.16775
168	-5.48657
169	-4.42541
170	-3.76403
171	-4.54514
172	-4.11729
173	-3.93766
174	-4.40661
175	-3.76417
176	-3.86357
177	-4.40661
178	-4.41156
179	-4.81443
180	-4.41156
181	-16.2913
182	-3.76417
183	-4.37793
184	-4.99226
185	-10.5069
186	-3.76403
187	-4.41156
188	-4.16775
189	-3.86357
190	-5.0371
191	-4.16775
192	-4.16775
193	-4.41156
194	-4.37793
195	-4.4006
196	-4.26644
197	-4.16775
198	-4.37793
199	-3.76417
200	-4.26644
201	-4.37535
202	-4.80112
203	-3.8798
204	-12.8371
205	-4.16775
206	-4.16775
207	-4.4006
208	-4.64143
209	-4.99226
210	-4.4087
211	-12.6706
212	-4.80932
213	-23.2058
214	-4.40969
215	-3.76417
216	-4.33178
217	-4.11965
218	-4.52015
219	-4.81242
220	-10.0933
221	-4.36333
222	-4.4087
223	-4.16775
224	-4.11965
225	-3.76403
226	-3.93766
227	-4.64143
228	-5.69659
229	-4.81242
230	-3.76417
231	-4.80932
232	-9.88797
233	-4.41156
234	-4.33178
235	-4.16705
236	-17.5485
237	-44.4894
238	-9.92447
239	-4.34054
240	-11.3272
241	-3.86357
242	-12.1217
243	-5.21601
244	-4.40969
245	-3.76417
246	-4.16775
247	-4.54514
248	-3.93766
249	-4.11965
250	-13.0636
251	-5.08361
252	-5.44276
253	-4.1669
254	-4.42541
255	-26.3167
256	-24.5826
257	-9.94066
258	-4.4087
259	-12.4659
260	-5.55677
261	-4.16775
262	-3.8798
263	-4.80932
264	-42.5251
265	-16.9328
266	-3.76403
267	-4.37793
268	-4.99226
269	-3.76417
270	-4.42541
271	-19.5198
272	-11.2423
273	-4.4006
274	-11.8146
275	-4.81242
276	-3.76417
277	-3.94094
278	-15.8829
279	-3.93766
280	-9.70642
281	-3.76403
282	-9.68383
283	-4.81242
284	-10.6546
285	-4.84824
286	-4.63057
