#SITE	SITE_LOG_LIKELIHOOD
1	-1.32729
2	-16.863
3	-27.7291
4	-48.1679
5	-26.023
6	-55.1268
7	-15.3961
8	-10.0419
9	-10.4779
10	-8.36353
11	-6.98354
12	-7.98289
13	-8.62892
14	-13.9019
15	-8.63627
16	-33.5812
17	-8.95017
18	-11.7063
19	-41.0884
20	-19.251
21	-7.63906
22	-9.78004
23	-12.7753
24	-9.29551
25	-7.27978
26	-15.0214
27	-8.11024
28	-14.5338
29	-8.88158
30	-8.52249
31	-7.86034
32	-7.84968
33	-82.6417
34	-8.56569
35	-2.98565
36	-15.7482
37	-33.8052
38	-21.164
39	-10.8875
40	-16.516
41	-45.2011
42	-24.8781
43	-4.07719
44	-10.2467
45	-13.92
46	-18.0614
47	-7.18763
48	-4.62183
49	-7.04751
50	-9.83833
51	-5.98697
52	-4.86575
53	-10.4789
54	-22.4275
55	-7.24062
56	-9.73712
57	-9.43046
58	-15.6797
59	-3.83425
60	-8.26675
61	-9.21899
62	-11.9491
63	-5.88749
64	-2.10408
65	-4.2885
66	-5.80017
67	-67.1441
68	-2.32314
69	-14.0614
70	-4.94315
71	-1.98397
72	-6.48501
73	-13.4653
74	-5.41874
75	-4.87206
76	-11.8825
77	-7.06379
78	-15.3371
79	-5.35556
80	-16.2289
81	-6.7614
82	-13.2559
83	-3.92327
84	-7.19627
85	-13.2198
86	-9.84457
87	-15.4763
88	-7.74374
89	-6.00436
90	-9.02546
91	-5.66257
92	-9.90086
93	-6.40271
94	-7.85927
95	-3.70403
96	-16.8036
97	-17.4049
98	-16.6434
99	-6.88009
100	-11.7922
101	-7.93589
102	-72.7069
103	-3.86262
104	-4.51309
105	-4.74113
106	-6.57758
107	-8.24864
108	-7.31196
109	-9.0567
110	-49.6451
111	-6.86047
112	-9.80123
113	-8.15131
114	-9.0247
115	-4.17862
116	-5.92698
117	-12.0022
118	-15.346
119	-11.1861
120	-6.31213
121	-49.1153
122	-10.432
123	-4.78651
124	-4.99814
125	-13.3138
126	-6.26921
127	-13.8815
128	-28.7674
129	-1.58292
130	-2.08301
131	-7.69407
132	-25.6974
133	-4.84521
134	-10.8723
135	-17.5673
136	-37.7234
137	-4.81971
138	-9.40878
139	-13.585
140	-13.5247
141	-5.19033
142	-4.51061
143	-10.1256
144	-26.2773
145	-8.60508
146	-12.1586
147	-6.75168
148	-8.49546
149	-12.9953
150	-5.95233
151	-7.74884
152	-17.9504
153	-8.67885
154	-29.6959
155	-2.38404
156	-15.8746
157	-14.5683
158	-38.2006
159	-4.93954
160	-6.14853
161	-12.6047
162	-100.32
163	-18.8198
164	-15.4454
165	-6.79841
166	-13.2405
167	-5.40194
168	-10.8876
169	-13.079
170	-7.75252
171	-10.9253
172	-8.63168
173	-14.7716
174	-2.95763
175	-9.82178
176	-17.151
177	-15.5547
178	-4.05668
179	-4.66515
180	-45.9927
181	-16.4673
182	-33.0431
183	-16.317
184	-9.93916
185	-20.9338
186	-21.8017
187	-6.68599
188	-6.33371
189	-6.95309
190	-14.1877
191	-5.697
192	-7.19267
193	-8.92681
194	-25.3118
195	-8.86938
196	-10.5807
197	-5.42543
198	-8.76421
199	-11.2542
200	-10.1962
201	-5.98093
202	-6.92007
203	-19.3208
204	-19.1459
205	-5.51256
206	-9.41134
207	-9.90508
208	-1.03948
209	-1.66684
210	-7.93367
211	-15.8645
212	-3.40676
213	-23.8077
214	-10.9743
215	-5.42436
216	-11.4906
217	-7.54943
218	-19.7098
219	-19.6195
220	-8.94767
221	-8.19965
222	-16.137
223	-6.70997
224	-3.75231
225	-13.7108
226	-6.19369
227	-0.650803
228	-5.2284
229	-4.91542
230	-4.95679
231	-2.56914
232	-8.83556
233	-13.6035
234	-3.88629
235	-18.789
236	-73.2131
237	-88.5356
238	-14.1272
239	-33.5731
240	-14.6784
241	-38.1488
242	-20.1269
243	-5.50699
244	-6.35175
245	-5.43687
246	-9.18856
247	-6.04756
248	-3.7131
249	-6.06157
250	-15.3344
251	-8.98279
252	-8.75587
253	-8.63078
254	-11.109
255	-25.9192
256	-23.5987
257	-10.5176
258	-5.94888
259	-18.0356
260	-4.26354
261	-26.0499
262	-9.6663
263	-7.32867
264	-68.7006
265	-26.7388
266	-7.89047
267	-9.43346
268	-6.11831
269	-9.4952
270	-7.9286
271	-72.6701
272	-22.7472
273	-10.4293
274	-14.7763
275	-14.8789
276	-31.3366
277	-7.85432
278	-25.0233
279	-5.50214
280	-18.4684
281	-13.3408
282	-24.0087
283	-10.8995
284	-18.0539
285	-22.461
286	-0.759588
