#SITE	SITE_LOG_LIKELIHOODS
1	-3.85251776781403
2	-12.12190260667938
3	-16.77675918135124
4	-25.72275508612637
5	-4.705981579374991
6	-38.12416970169313
7	-13.82288235091903
8	-5.467515749532072
9	-3.983923471060265
10	-3.892256051531034
11	-4.562633869269604
12	-4.883092816360945
13	-3.776153898098958
14	-9.960425365570247
15	-4.837966236494704
16	-11.37152443377617
17	-3.776153898098958
18	-5.201642564055716
19	-31.49925039228185
20	-5.344034485786919
21	-4.443048104469173
22	-3.776153898098958
23	-4.02772888713355
24	-4.991698673282125
25	-4.195084992634161
26	-10.39682046607502
27	-4.154300513874012
28	-13.20470404437092
29	-5.406815351725664
30	-4.328333008012193
31	-4.679258047818998
32	-4.328333008012193
33	-15.64698458811902
34	-4.02772888713355
35	-3.759479014369949
36	-10.53094172384826
37	-26.35281608891815
38	-15.28719547365853
39	-3.869673668941612
40	-14.02998718157404
41	-17.49762939041931
42	-18.41663928358144
43	-3.869673668941612
44	-4.846404545259805
45	-4.126236487365963
46	-16.17740922076084
47	-3.908813647349605
48	-3.680530880679576
49	-5.339483216604473
50	-4.484889100450872
51	-5.470477305071676
52	-3.869673668941612
53	-4.347180179523437
54	-4.126236487365963
55	-3.892256051531034
56	-3.889195238654424
57	-4.529606496377379
58	-3.776153898098958
59	-4.129012012993686
60	-4.883092816360945
61	-3.759479014369949
62	-10.39682046607502
63	-4.180254896811285
64	-3.776153898098958
65	-4.195084992634161
66	-3.85251776781403
67	-51.76314751702004
68	-5.470477305071676
69	-4.479343244918232
70	-3.776153898098958
71	-4.328333008012193
72	-4.443048104469173
73	-3.908813647349605
74	-4.542959739643173
75	-5.928598920437044
76	-12.67330660476806
77	-4.837966236494704
78	-14.41302644296335
79	-4.51704876373779
80	-4.932575589521306
81	-4.180254896811285
82	-11.53525438531173
83	-4.502220022758871
84	-3.983923471060265
85	-4.543561224102828
86	-4.481016622425236
87	-14.90798339344043
88	-4.481016622425236
89	-5.339483216604473
90	-3.869673668941612
91	-4.129012012993686
92	-4.129012012993686
93	-4.673159085038815
94	-4.991698673282125
95	-6.052786122297998
96	-5.003202361975384
97	-15.63112972955716
98	-13.26063706790579
99	-4.502220022758871
100	-14.3728422680236
101	-4.443048104469173
102	-52.08108328607322
103	-4.846404545259805
104	-5.450351736127986
105	-4.195084992634161
106	-5.467515749532072
107	-4.85707334270593
108	-3.759479014369949
109	-4.347180179523437
110	-4.705981579374991
111	-3.892256051531034
112	-4.154300513874012
113	-3.680530880679576
114	-4.937225406386807
115	-3.85251776781403
116	-4.85707334270593
117	-4.679258047818998
118	-5.432555611793833
119	-3.759479014369949
120	-4.51704876373779
121	-5.201642564055716
122	-4.529606496377379
123	-4.02772888713355
124	-3.983923471060265
125	-11.41726509524693
126	-4.839331256697079
127	-3.85251776781403
128	-20.38676352360292
129	-3.680530880679576
130	-4.484889100450872
131	-4.479343244918232
132	-28.99936803136361
133	-3.983923471060265
134	-12.21877604158164
135	-11.08006510793948
136	-9.339955411197671
137	-3.908813647349605
138	-4.85707334270593
139	-4.154300513874012
140	-4.126236487365963
141	-4.567360425240665
142	-4.567360425240665
143	-11.67995566057692
144	-12.52646577195732
145	-3.889195238654424
146	-13.89019297348647
147	-4.839331256697079
148	-4.02772888713355
149	-3.776153898098958
150	-4.721719519799357
151	-4.991698673282125
152	-4.484889100450872
153	-3.85251776781403
154	-14.61308462577559
155	-3.680530880679576
156	-4.705981579374991
157	-14.90087854118489
158	-39.24576460152588
159	-4.129012012993686
160	-3.892256051531034
161	-13.87532949613705
162	-97.67688482545961
163	-20.92786167997085
164	-11.21940170761992
165	-4.888995703643181
166	-10.13601032893246
167	-3.908813647349605
168	-12.99747670062041
169	-9.524126507844827
170	-3.983923471060265
171	-4.673159085038815
172	-4.195084992634161
173	-12.61507001124366
174	-4.502220022758871
175	-3.889195238654424
176	-13.46970661965211
177	-14.39281769574036
178	-4.839331256697079
179	-4.154300513874012
180	-38.49731559635574
181	-5.344034485786919
182	-25.82738320322579
183	-11.86391926421226
184	-11.72718067766881
185	-12.25039718387817
186	-22.21681772162929
187	-4.154300513874012
188	-4.721719519799357
189	-4.129012012993686
190	-12.41162829656783
191	-4.542959739643173
192	-4.51704876373779
193	-4.479343244918232
194	-26.90632135842891
195	-3.759479014369949
196	-4.542959739643173
197	-3.892256051531034
198	-4.479343244918232
199	-4.542959739643173
200	-4.02772888713355
201	-4.932575589521306
202	-6.046508268218044
203	-12.21727200284099
204	-10.66160148042109
205	-4.51704876373779
206	-4.673159085038815
207	-4.502220022758871
208	-4.439978690236397
209	-3.85251776781403
210	-3.869674286677184
211	-4.837966236494704
212	-3.680530880679576
213	-4.328333008012193
214	-13.62217517351697
215	-3.982223914124972
216	-11.39048078569481
217	-4.195084992634161
218	-15.78645393794051
219	-16.2549756175421
220	-4.129012012993686
221	-6.014910003570027
222	-12.91721952085498
223	-3.892256051531034
224	-4.888995703643181
225	-10.34169190683188
226	-4.937225406386807
227	-4.439978690236397
228	-3.776153898098958
229	-4.562633869269604
230	-4.02772888713355
231	-3.680530880679576
232	-4.328333008012193
233	-13.4113704914823
234	-4.567360425240665
235	-17.01137239555905
236	-38.17162613509159
237	-44.51216928691741
238	-4.180254896811285
239	-30.41622313817992
240	-5.003202361975384
241	-34.98635584617813
242	-3.869673668941612
243	-4.126236487365963
244	-4.562633869269604
245	-3.976088832347375
246	-3.982223914124972
247	-3.908813647349605
248	-4.543561224102828
249	-4.195084992634161
250	-3.680530880679576
251	-3.869673668941612
252	-4.347180179523437
253	-4.883092816360945
254	-4.932575589521306
255	-4.180254896811285
256	-4.126236487365963
257	-4.679258047818998
258	-4.443048104469173
259	-11.00331846089849
260	-4.846404545259805
261	-22.67031714540008
262	-4.154300513874012
263	-4.543561224102828
264	-22.46101677078745
265	-11.53845018936241
266	-3.982223914124972
267	-4.479343244918232
268	-3.85251776781403
269	-3.680530880679576
270	-3.759479014369949
271	-47.25833234861233
272	-17.34705641768818
273	-5.432555611793833
274	-4.722742364590897
275	-12.7931856855615
276	-25.75436535838827
277	-3.889195238654424
278	-12.81807071064769
279	-3.868489593465874
280	-9.488508336052632
281	-12.9683421771331
282	-10.88220680015605
283	-10.38542331685628
284	-9.890113834349172
285	-22.25170607386201
286	-4.437565986929622
