#SITE	SITE_LOG_LIKELIHOOD
1	-4.88826
2	-16.4525
3	-17.1839
4	-26.0877
5	-4.94752
6	-37.7864
7	-13.4969
8	-4.98513
9	-4.97649
10	-4.43433
11	-4.47245
12	-5.23415
13	-4.61737
14	-10.2993
15	-4.98009
16	-11.7983
17	-4.61737
18	-5.35603
19	-38.3845
20	-5.00214
21	-4.75313
22	-4.61737
23	-4.74448
24	-5.17952
25	-5.0059
26	-10.2123
27	-4.86373
28	-12.8972
29	-4.97421
30	-4.55266
31	-4.76152
32	-4.55266
33	-18.915
34	-4.74448
35	-4.58131
36	-10.3757
37	-25.5086
38	-11.9561
39	-4.84711
40	-13.9896
41	-19.5166
42	-18.954
43	-4.84711
44	-5.01096
45	-4.70897
46	-17.3939
47	-4.70332
48	-4.68597
49	-4.66634
50	-4.93854
51	-4.93011
52	-4.84711
53	-4.78147
54	-4.70897
55	-4.43433
56	-4.81263
57	-4.6981
58	-4.61737
59	-5.0653
60	-5.23415
61	-4.58131
62	-10.2123
63	-4.8333
64	-4.61737
65	-5.0059
66	-4.88826
67	-59.3352
68	-4.93011
69	-4.64618
70	-4.61737
71	-4.55266
72	-4.75313
73	-4.70332
74	-4.48085
75	-5.16823
76	-12.1408
77	-4.98009
78	-12.0332
79	-4.14884
80	-4.90899
81	-4.8333
82	-11.1568
83	-4.91798
84	-4.97649
85	-5.09549
86	-4.74748
87	-15.7943
88	-4.74748
89	-4.66634
90	-4.84711
91	-5.0653
92	-5.0653
93	-4.47079
94	-5.17952
95	-4.79229
96	-4.67698
97	-15.3304
98	-11.9953
99	-4.91798
100	-11.0363
101	-4.75313
102	-60.9345
103	-5.01096
104	-4.62333
105	-5.0059
106	-4.98513
107	-4.65436
108	-4.58131
109	-4.78147
110	-4.94752
111	-4.43433
112	-4.86373
113	-4.68597
114	-5.07912
115	-4.88826
116	-4.65436
117	-4.76152
118	-4.64911
119	-4.58131
120	-4.14884
121	-5.35603
122	-4.6981
123	-4.74448
124	-4.97649
125	-11.105
126	-4.87818
127	-4.88826
128	-20.4184
129	-4.68597
130	-4.93854
131	-4.64618
132	-27.0028
133	-4.97649
134	-10.6802
135	-10.5789
136	-9.55709
137	-4.70332
138	-4.65436
139	-4.86373
140	-4.70897
141	-4.8143
142	-4.8143
143	-9.31698
144	-13.9488
145	-4.81263
146	-10.5471
147	-4.87818
148	-4.74448
149	-4.61737
150	-4.40877
151	-5.17952
152	-4.93854
153	-4.88826
154	-14.5112
155	-4.68597
156	-4.94752
157	-10.8329
158	-40.6271
159	-5.0653
160	-4.43433
161	-12.8882
162	-96.7402
163	-17.9829
164	-9.56836
165	-5.2379
166	-9.74801
167	-4.70332
168	-10.4216
169	-9.56782
170	-4.97649
171	-4.47079
172	-5.0059
173	-11.035
174	-4.91798
175	-4.81263
176	-16.14
177	-12.7515
178	-4.87818
179	-4.86373
180	-43.9212
181	-5.00214
182	-30.5614
183	-11.1987
184	-10.2271
185	-10.8202
186	-17.7764
187	-4.86373
188	-4.40877
189	-5.0653
190	-10.1678
191	-4.48085
192	-4.14884
193	-4.64618
194	-22.8458
195	-4.58131
196	-4.48085
197	-4.43433
198	-4.64618
199	-4.48085
200	-4.74448
201	-4.90899
202	-5.08153
203	-10.367
204	-9.6319
205	-4.14884
206	-4.47079
207	-4.91798
208	-5.03964
209	-4.88826
210	-4.74406
211	-4.98009
212	-4.68597
213	-4.55266
214	-10.3673
215	-4.74809
216	-11.0117
217	-5.0059
218	-15.7479
219	-16.9785
220	-5.0653
221	-4.87797
222	-12.2534
223	-4.43433
224	-5.2379
225	-9.62942
226	-5.07912
227	-5.03964
228	-4.61737
229	-4.47245
230	-4.74448
231	-4.68597
232	-4.55266
233	-11.9488
234	-4.8143
235	-16.885
236	-49.4704
237	-47.1434
238	-4.8333
239	-36.0431
240	-4.67698
241	-31.8902
242	-4.84711
243	-4.70897
244	-4.47245
245	-4.72329
246	-4.74809
247	-4.70332
248	-5.09549
249	-5.0059
250	-4.68597
251	-4.84711
252	-4.78147
253	-5.23415
254	-4.90899
255	-4.8333
256	-4.70897
257	-4.76152
258	-4.75313
259	-10.199
260	-5.01096
261	-24.0786
262	-4.86373
263	-5.09549
264	-23.6876
265	-10.6931
266	-4.74809
267	-4.64618
268	-4.88826
269	-4.68597
270	-4.58131
271	-59.8647
272	-16.804
273	-4.64911
274	-4.97876
275	-11.3109
276	-29.7353
277	-4.81263
278	-9.47617
279	-4.84337
280	-9.0559
281	-9.6274
282	-9.50755
283	-8.74737
284	-8.86155
285	-20.8861
286	-5.03047
