#SITE	SITE_LOG_LIKELIHOODS
1	-3.753764782213134
2	-12.90082143627182
3	-29.54168551964614
4	-42.95939220306957
5	-24.20938152910071
6	-59.14180438627971
7	-14.70794351619666
8	-9.432190318170717
9	-10.8449190870531
10	-8.351315839345004
11	-6.084811809151254
12	-9.19369296441185
13	-7.726640092944715
14	-14.81413474440372
15	-6.309006630844658
16	-31.3276309775717
17	-7.726640092944715
18	-11.48065166356905
19	-36.29945912932507
20	-19.26456541471561
21	-7.555197704679245
22	-10.2104065650999
23	-15.99838395653142
24	-9.871899719243912
25	-6.460837858718491
26	-14.64401990477297
27	-9.531405173520913
28	-15.62317315175441
29	-10.13281387696042
30	-8.852149208849243
31	-8.797745337449818
32	-5.41399299221256
33	-68.64897705323983
34	-9.696694046420193
35	-4.927250490021104
36	-14.64712620276009
37	-37.43172835857722
38	-25.1152916705867
39	-11.58658375935919
40	-18.24427426445847
41	-44.0193659268549
42	-22.67066287142432
43	-6.11243046732001
44	-11.11275942726859
45	-14.61873184082573
46	-16.67746229817786
47	-6.975850123254795
48	-4.800862060571562
49	-7.372084560289374
50	-9.028657315574918
51	-5.461814269495029
52	-6.11243046732001
53	-8.951081720233741
54	-20.5429690403926
55	-6.168959532988713
56	-9.721052236128877
57	-9.483010484694267
58	-17.30373011808223
59	-5.125980302315538
60	-8.806633198354239
61	-7.455679516576944
62	-12.79769526257848
63	-6.090753574922934
64	-4.471798066288732
65	-7.487256219844245
66	-4.326306562518087
67	-59.83096146679399
68	-5.461814269495029
69	-14.90682749450036
70	-4.471798066288732
71	-5.41399299221256
72	-7.555197704679245
73	-14.82420774022542
74	-9.325226250072069
75	-7.157623491386146
76	-12.65669261156468
77	-6.831896899518648
78	-17.59798534983179
79	-6.923934405325149
80	-15.80212616659178
81	-7.950372864079662
82	-15.65483065238939
83	-5.749412094622037
84	-4.626230871546682
85	-15.79566419066003
86	-10.26997878747425
87	-15.21813630783515
88	-6.137986835251505
89	-7.372084560289374
90	-9.339765539594948
91	-7.464041646864871
92	-9.003621199471594
93	-7.419858140756088
94	-6.028331392266059
95	-6.321735203371184
96	-18.53209612905459
97	-17.81836191282598
98	-18.1432133797548
99	-5.749412094622037
100	-15.97189750596141
101	-7.75126815660656
102	-63.72891421125142
103	-6.041492345437166
104	-8.291029712622835
105	-6.460837858718491
106	-6.269057630900147
107	-10.79176302168913
108	-4.927250490021104
109	-6.222861025201958
110	-47.78224028377222
111	-5.352572829260449
112	-8.152227123151009
113	-5.699905778981144
114	-11.55031672126435
115	-4.326306562518087
116	-7.406446867651459
117	-15.22245373814017
118	-16.84712100044121
119	-10.54751348646167
120	-9.300587624450372
121	-44.52441201755347
122	-9.483010484694267
123	-6.205274374879264
124	-4.626230871546682
125	-15.06480748534681
126	-5.652837537130189
127	-14.83670581546453
128	-25.58006230712803
129	-4.800862060571562
130	-5.786515387880987
131	-9.491067575961363
132	-28.61830493236678
133	-4.626230871546682
134	-15.93028237748408
135	-19.90898073174858
136	-32.92691070390975
137	-4.386503558813378
138	-9.416311246567366
139	-15.07571231444978
140	-19.94907271276236
141	-7.186211096916868
142	-7.186211096916868
143	-14.27665304498987
144	-24.55718067077759
145	-9.202461377895482
146	-16.30809879543533
147	-6.739890314268474
148	-6.205274374879264
149	-15.30141302325456
150	-7.24980101250036
151	-7.946337817871417
152	-18.49774614519377
153	-8.022089569400768
154	-33.13477773259402
155	-5.699905778981144
156	-16.63664032122583
157	-15.16422198793873
158	-38.01448629886264
159	-5.125980302315538
160	-5.352572829260449
161	-17.56004636822449
162	-103.9602086728244
163	-23.2815765552133
164	-13.66441649699056
165	-9.390381171886398
166	-13.1793022235487
167	-4.386503558813378
168	-15.48812387931888
169	-10.02315546460841
170	-6.247775493359692
171	-9.702646519172697
172	-7.487256219844245
173	-16.38920624502932
174	-5.757661127669494
175	-8.817194550323856
176	-16.76486861895225
177	-17.03656614685507
178	-5.652837537130189
179	-7.372675750615095
180	-46.59658208776094
181	-19.96863002708153
182	-31.4934850854754
183	-17.6721115156589
184	-12.88576524767796
185	-20.64768170099917
186	-25.6836093517669
187	-6.638159606028603
188	-6.539275015678202
189	-5.125980302315538
190	-15.83325619238406
191	-6.859164949524515
192	-6.923934405325149
193	-6.753039055495972
194	-30.29601321730684
195	-8.271952230928893
196	-11.6686253137205
197	-6.168959532988713
198	-9.491067575961363
199	-10.37834687400719
200	-10.99547727290911
201	-7.869410603564572
202	-9.385787181950676
203	-17.55746732280413
204	-23.51249795195908
205	-6.923934405325149
206	-9.00727112282801
207	-9.794211817346689
208	-4.710748003972647
209	-4.326306562518087
210	-10.01691412385651
211	-18.46937101543458
212	-4.800862060571562
213	-27.14192533659966
214	-13.84993516339161
215	-6.393293490220775
216	-12.51023026274065
217	-6.460837858718491
218	-20.59287042406993
219	-20.81306339243087
220	-10.87408822306618
221	-7.854283596180823
222	-16.78808429972331
223	-6.168959532988713
224	-5.40318155377515
225	-11.74562759645575
226	-5.320876184056814
227	-4.710748003972647
228	-4.471798066288732
229	-6.084811809151254
230	-6.205274374879264
231	-4.800862060571562
232	-18.37080344539439
233	-17.52292257151445
234	-6.147966660786342
235	-20.42357763525102
236	-56.0131553222129
237	-81.18698649542024
238	-14.91502651114568
239	-33.43794352491827
240	-19.94234672050371
241	-37.09934859350612
242	-21.42441862551534
243	-6.061137739875157
244	-8.575091580467983
245	-6.382841747704342
246	-8.750391798921983
247	-6.156214682249057
248	-7.170321618607472
249	-6.460837858718491
250	-16.79390203909676
251	-9.121908501949031
252	-6.222861025201958
253	-10.41329532751272
254	-10.87888814334772
255	-26.48835066433162
256	-23.31977374467368
257	-12.46233494166631
258	-7.75126815660656
259	-18.81710485281187
260	-7.023939978923572
261	-27.29385728430439
262	-10.94456849672651
263	-9.312983593026733
264	-65.45308295391708
265	-28.83130656533948
266	-6.805562262493488
267	-9.491067575961363
268	-4.326306562518087
269	-8.573022443644147
270	-5.551706076200918
271	-66.30758657221136
272	-27.16311460154388
273	-10.48734188650038
274	-16.42648194396234
275	-14.87201893030579
276	-28.53998121771926
277	-9.00694360860728
278	-24.87311859026628
279	-6.110748753968653
280	-16.54442851310132
281	-16.82648232045597
282	-19.80961438658501
283	-10.11723450900412
284	-17.48460716066745
285	-27.36393053942089
286	-4.709382202016039
