#SITE	SITE_LOG_LIKELIHOOD
1	0
2	-1.11022e-15
3	-12.1527
4	-23.5129
5	-24.2336
6	-18.7434
7	-3.255
8	-4.39812
9	-5.16998
10	-5.4891
11	-3.84329
12	-4.40588
13	-3.52539
14	-5.37003
15	-3.89986
16	-21.1134
17	-4.46156
18	-6.46807
19	-5.00778
20	-16.8001
21	-4.19681
22	-3.38921
23	-11.143
24	-4.38932
25	-3.12072
26	-4.83334
27	-5.23147
28	-4.02723
29	-4.25579
30	-5.46643
31	-4.31849
32	-5.62673
33	-53.2354
34	-3.0773
35	-1.84425
36	-4.81284
37	-10.2752
38	-10.6011
39	-4.11886
40	-2.33537
41	-30.447
42	-3.6055
43	-1.55708
44	-3.71545
45	-10.4061
46	-4.21926
47	-3.90772
48	-2.79576
49	-3.19341
50	-4.05151
51	-3.54239
52	-1.71348
53	-3.59898
54	-17.0048
55	-3.15247
56	-3.98043
57	-3.00363
58	-10.2591
59	-1.81422
60	-3.237
61	-4.91886
62	-3.54888
63	-2.3339
64	-1.46811
65	-1.40881
66	-3.51943
67	-11.5122
68	-1.63781
69	-15.2094
70	-3.71587
71	-1.41115
72	-3.58145
73	-9.59847
74	-1.95749
75	-2.77118
76	-2.57389
77	-3.86422
78	-1.89263
79	-1.83519
80	-10.2488
81	-2.64749
82	-2.89331
83	-2.17487
84	-3.76044
85	-9.78555
86	-4.3781
87	-3.25978
88	-4.36208
89	-2.35213
90	-3.80787
91	-2.77958
92	-4.62347
93	-3.22216
94	-4.59268
95	-3.06919
96	-10.9998
97	-4.84666
98	-3.34499
99	-4.03688
100	-2.21254
101	-3.68519
102	-10.3778
103	-2.68691
104	-2.1298
105	-1.63585
106	-3.56532
107	-2.95879
108	-4.83409
109	-6.1405
110	-46.0307
111	-4.33158
112	-4.10043
113	-4.14634
114	-7.28653
115	-2.66307
116	-2.76099
117	-8.2865
118	-9.43994
119	-8.64804
120	-1.78914
121	-53.6988
122	-4.00541
123	-1.7784
124	-2.3106
125	-3.96334
126	-3.67483
127	-10.7925
128	-1.64221
129	-1.24329
130	-0.881791
131	-3.44053
132	-1.51875
133	-2.47871
134	-1.4763
135	-7.73506
136	-20.7364
137	-2.33652
138	-3.46633
139	-9.53426
140	-12.0868
141	-1.67737
142	-1.46668
143	-1.70063
144	-11.8795
145	-4.02669
146	-3.21436
147	-4.22005
148	-4.0506
149	-11.9304
150	-3.72362
151	-3.40832
152	-11.6123
153	-4.66177
154	-16.2146
155	-0.573838
156	-10.9913
157	-4.46605
158	-2.26503
159	-2.33133
160	-4.14158
161	-1.57785
162	-2.35298
163	-3.90632
164	-1.26718
165	-3.36367
166	-5.3127
167	-2.9378
168	-3.60401
169	-4.57147
170	-3.30762
171	-5.05548
172	-3.77562
173	-3.68303
174	-1.18525
175	-3.73343
176	-2.52281
177	-0.545819
178	-2.30882
179	-2.58939
180	-4.08829
181	-13.3301
182	-3.99876
183	-3.83178
184	-2.55143
185	-15.4421
186	-3.82343
187	-3.12743
188	-2.933
189	-3.60129
190	-5.32654
191	-2.4201
192	-2.87999
193	-4.90546
194	-3.72294
195	-3.87214
196	-4.3486
197	-1.92303
198	-3.76572
199	-4.27216
200	-4.57324
201	-3.01368
202	-3.69974
203	-3.29967
204	-12.0167
205	-1.86738
206	-3.82182
207	-4.29329
208	-0.391675
209	-1.09316
210	-3.55749
211	-11.2544
212	-2.03071
213	-19.0548
214	-2.48314
215	-1.94162
216	-3.4501
217	-3.40326
218	-2.45244
219	-2.60053
220	-7.4468
221	-4.23268
222	-4.34115
223	-3.28485
224	-1.65541
225	-4.15145
226	-3.04835
227	-0.272478
228	-3.60484
229	-2.38815
230	-2.26597
231	-1.55799
232	-8.23101
233	-2.66901
234	-2.65558
235	-2.81052
236	-18.8585
237	-43.3312
238	-9.1554
239	-2.07586
240	-9.48803
241	-1.61069
242	-16.3594
243	-3.6202
244	-2.24518
245	-2.09159
246	-3.22655
247	-3.16057
248	-1.31765
249	-2.42062
250	-12.2666
251	-4.18038
252	-5.90061
253	-3.6546
254	-4.41192
255	-22.3944
256	-20.8675
257	-7.25382
258	-2.23212
259	-10.4242
260	-3.28182
261	-3.73373
262	-4.26076
263	-4.22812
264	-44.3137
265	-16.5028
266	-3.72529
267	-4.23013
268	-3.66869
269	-3.51658
270	-4.18776
271	-17.7178
272	-8.61705
273	-4.87724
274	-11.3786
275	-3.08667
276	-3.32913
277	-3.9305
278	-20.7736
279	-2.34571
280	-9.72454
281	-3.2599
282	-22.7506
283	-3.68121
284	-9.62237
285	-3.82541
286	-0.260439
