#SITE	SITE_LOG_LIKELIHOOD
1	-1.34135
2	-16.8279
3	-27.6926
4	-48.1653
5	-25.6676
6	-55.0829
7	-15.3498
8	-10.0899
9	-10.4972
10	-8.3459
11	-6.96873
12	-7.99474
13	-8.61795
14	-13.853
15	-8.67781
16	-29.0545
17	-8.94005
18	-11.7454
19	-40.7684
20	-19.2139
21	-7.59941
22	-9.72789
23	-12.8028
24	-9.29653
25	-7.30353
26	-15.0168
27	-8.13252
28	-14.5861
29	-8.85526
30	-8.50262
31	-7.80788
32	-7.80352
33	-94.7358
34	-8.5946
35	-2.98357
36	-15.7033
37	-27.2474
38	-21.1823
39	-10.9186
40	-16.5581
41	-45.2502
42	-24.806
43	-4.08142
44	-10.1902
45	-13.9029
46	-18.167
47	-7.19612
48	-4.62598
49	-7.08446
50	-9.83143
51	-6.00226
52	-4.89298
53	-10.5003
54	-22.8161
55	-7.25458
56	-9.76003
57	-9.44836
58	-15.6843
59	-3.87144
60	-8.30538
61	-9.17243
62	-11.9265
63	-5.91707
64	-2.10146
65	-4.30374
66	-5.79466
67	-67.0755
68	-2.34012
69	-14.0125
70	-4.921
71	-1.97615
72	-6.45626
73	-13.1915
74	-5.43487
75	-4.8669
76	-11.8879
77	-7.09284
78	-15.2439
79	-5.34559
80	-16.3113
81	-6.79837
82	-13.2575
83	-3.93389
84	-7.22508
85	-13.23
86	-9.86959
87	-15.7156
88	-7.72764
89	-6.0574
90	-9.0314
91	-5.69758
92	-9.93543
93	-6.39492
94	-7.86317
95	-3.70421
96	-16.8211
97	-13.7922
98	-16.643
99	-6.88615
100	-11.8208
101	-7.94903
102	-75.4882
103	-3.88757
104	-4.51018
105	-4.77022
106	-6.59051
107	-8.28492
108	-7.30335
109	-9.00867
110	-49.7045
111	-6.85608
112	-9.82096
113	-8.13818
114	-9.0408
115	-4.19259
116	-5.94259
117	-12.002
118	-15.798
119	-11.1622
120	-6.31091
121	-54.1799
122	-10.4398
123	-4.80633
124	-5.03431
125	-13.2658
126	-6.2836
127	-13.8792
128	-28.6514
129	-1.56756
130	-2.11417
131	-7.70969
132	-25.7091
133	-4.86359
134	-11.029
135	-17.3046
136	-37.6925
137	-4.84725
138	-9.41032
139	-13.5795
140	-13.529
141	-5.2247
142	-4.53695
143	-10.1498
144	-26.2384
145	-8.59557
146	-12.1866
147	-6.75577
148	-8.50296
149	-12.9836
150	-5.95078
151	-7.76167
152	-18.0006
153	-8.68537
154	-29.4097
155	-2.38976
156	-15.8412
157	-14.6106
158	-36.3731
159	-4.98639
160	-6.14189
161	-12.6529
162	-102.512
163	-18.8211
164	-15.456
165	-6.83097
166	-13.377
167	-5.41716
168	-11.036
169	-13.2307
170	-7.79946
171	-10.8722
172	-8.64591
173	-14.7964
174	-2.99798
175	-9.85766
176	-17.235
177	-15.4888
178	-4.07176
179	-4.67747
180	-51.6126
181	-16.1696
182	-28.3199
183	-16.2104
184	-9.9626
185	-20.916
186	-25.9645
187	-6.73356
188	-6.33335
189	-6.98458
190	-13.9892
191	-5.70631
192	-7.1829
193	-8.91054
194	-25.1282
195	-8.87679
196	-10.5474
197	-5.45585
198	-8.78364
199	-11.2646
200	-10.2354
201	-6.01449
202	-6.91745
203	-19.102
204	-18.9774
205	-5.50869
206	-9.39325
207	-9.94681
208	-1.0688
209	-1.68097
210	-7.92149
211	-15.5063
212	-3.41733
213	-28.8518
214	-10.8375
215	-5.44348
216	-11.5076
217	-7.55613
218	-20.1182
219	-19.8326
220	-8.9552
221	-8.23042
222	-16.1125
223	-6.71345
224	-3.78807
225	-13.5577
226	-6.22368
227	-0.671603
228	-5.23161
229	-4.9056
230	-4.95667
231	-2.57722
232	-8.8178
233	-13.5056
234	-3.87762
235	-18.7427
236	-77.372
237	-87.4672
238	-14.1081
239	-28.6566
240	-14.717
241	-38.4338
242	-12.9612
243	-5.4925
244	-6.34086
245	-5.45182
246	-9.21383
247	-6.05539
248	-3.74358
249	-6.07963
250	-15.3201
251	-8.96492
252	-8.71311
253	-8.67682
254	-11.1391
255	-26.058
256	-23.6925
257	-10.488
258	-5.96769
259	-18.2055
260	-4.27138
261	-25.5677
262	-9.70812
263	-7.33707
264	-62.3932
265	-26.7058
266	-7.90357
267	-9.43961
268	-6.12419
269	-9.49551
270	-7.92109
271	-72.7988
272	-22.7176
273	-10.4079
274	-14.7111
275	-14.8337
276	-31.9042
277	-7.86305
278	-24.9705
279	-5.50955
280	-18.198
281	-13.3729
282	-23.9064
283	-10.8836
284	-18.0048
285	-22.355
286	-0.78616
