#SITE	SITE_LOG_LIKELIHOODS
1	-4.285938536409982e-05
2	-4.285938536409982e-05
3	-13.62117391700548
4	-19.49472028635526
5	-20.4509206664653
6	-24.21131757134292
7	-3.46614688468846
8	-2.717503247728665
9	-5.565491343922022
10	-4.07029077093705
11	-4.104376675190311
12	-5.212707284817907
13	-2.717503247728665
14	-5.902021077538404
15	-2.915057196391268
16	-16.25223019058634
17	-2.717503247728665
18	-3.652171493846309
19	-2.717503247728665
20	-11.43506091798997
21	-4.916678325900798
22	-4.602910994323786
23	-11.45558854642586
24	-3.547995102435001
25	-3.652171493846309
26	-3.711430367138815
27	-3.652171493846309
28	-4.28380591800474
29	-4.206504584790062
30	-4.943916944461518
31	-4.07029077093705
32	-4.456649329135274
33	-87.93388285917567
34	-3.547995102435001
35	-3.805463546938854
36	-3.547995102435001
37	-10.10458807569751
38	-10.79845665629842
39	-4.812402884243143
40	-3.357993304965706
41	-29.16360146043004
42	-4.916678325900798
43	-3.357993304965706
44	-3.589996596726704
45	-11.5652775642311
46	-3.805463546938854
47	-3.589996596726704
48	-3.921334337214283
49	-2.717503247728665
50	-2.915057196391268
51	-3.547995102435001
52	-3.357993304965706
53	-3.46614688468846
54	-15.26054172889238
55	-2.717503247728665
56	-3.765277477653169
57	-2.915057196391268
58	-11.949855108552
59	-3.46614688468846
60	-2.915057196391268
61	-3.921334337214283
62	-3.805463546938854
63	-3.46614688468846
64	-4.335049473629825
65	-4.825004149760793
66	-3.589996596726704
67	-11.19420141146323
68	-3.547995102435001
69	-9.425455965067966
70	-4.335049473629825
71	-4.456649329135274
72	-4.916678325900798
73	-10.26841326339358
74	-5.45201691663338
75	-5.418492108078746
76	-3.357993304965706
77	-5.004959683015516
78	-4.031624170569946
79	-2.717503247728665
80	-9.023667256987361
81	-4.761539777588957
82	-4.031624170569946
83	-3.921334337214283
84	-2.915057196391268
85	-12.71213444399227
86	-4.107215836724665
87	-3.805463546938854
88	-3.711430367138815
89	-2.717503247728665
90	-4.206504584790062
91	-5.556349913853298
92	-4.77279725759064
93	-4.104376675190311
94	-4.602910994323786
95	-4.675958177956264
96	-11.16294445141694
97	-3.711430367138815
98	-3.711430367138815
99	-3.921334337214283
100	-2.717503247728665
101	-4.031624170569946
102	-10.84260118319184
103	-5.869780200414331
104	-4.812402884243143
105	-3.652171493846309
106	-4.612328411752969
107	-3.547995102435001
108	-3.805463546938854
109	-4.456649329135274
110	-58.34007683109441
111	-4.28380591800474
112	-2.915057196391268
113	-4.107215836724665
114	-9.73203260173595
115	-3.589996596726704
116	-4.898881384138509
117	-9.664737306202575
118	-10.10705692486608
119	-8.802106052422786
120	-5.45201691663338
121	-46.60751260157919
122	-2.915057196391268
123	-2.915057196391268
124	-2.915057196391268
125	-4.07029077093705
126	-3.765277477653169
127	-11.44060307669176
128	-3.547995102435001
129	-3.921334337214283
130	-5.132622123431222
131	-3.547995102435001
132	-2.915057196391268
133	-2.915057196391268
134	-4.581089702998401
135	-8.12025726660678
136	-27.74424492546873
137	-2.717503247728665
138	-2.915057196391268
139	-10.04999708039573
140	-17.9322753778975
141	-3.357993304965706
142	-3.357993304965706
143	-4.825004149760793
144	-12.88797740912855
145	-4.776050930630071
146	-5.367136855297119
147	-5.393300866505341
148	-2.915057196391268
149	-16.94062065659501
150	-5.367136855297119
151	-3.46614688468846
152	-12.35779135125377
153	-4.104376675190311
154	-18.12849329771321
155	-4.107215836724665
156	-10.59818183751156
157	-4.612328411752969
158	-3.765277477653169
159	-3.46614688468846
160	-4.28380591800474
161	-4.107215836724665
162	-3.46614688468846
163	-4.125184502686388
164	-3.805463546938854
165	-4.898881384138509
166	-3.805463546938854
167	-2.717503247728665
168	-4.581089702998401
169	-4.206504584790062
170	-4.059497653481334
171	-4.28380591800474
172	-4.825004149760793
173	-3.357993304965706
174	-4.107215836724665
175	-2.915057196391268
176	-3.46614688468846
177	-4.107215836724665
178	-3.765277477653169
179	-5.393300866505341
180	-3.765277477653169
181	-21.66801865069057
182	-2.915057196391268
183	-3.547995102435001
184	-3.589996596726704
185	-9.294794171909517
186	-4.059497653481334
187	-3.765277477653169
188	-2.717503247728665
189	-3.46614688468846
190	-4.77279725759064
191	-2.717503247728665
192	-2.717503247728665
193	-3.765277477653169
194	-3.547995102435001
195	-3.711430367138815
196	-5.476126996439939
197	-2.717503247728665
198	-3.547995102435001
199	-2.915057196391268
200	-5.476126996439939
201	-4.812402884243143
202	-4.943916944461518
203	-4.761539777588957
204	-15.76973135453956
205	-2.717503247728665
206	-2.717503247728665
207	-3.711430367138815
208	-4.125184502686388
209	-3.589996596726704
210	-4.031624170569946
211	-12.9552821727289
212	-3.921334337214283
213	-25.99808023768014
214	-4.612328411752969
215	-2.915057196391268
216	-4.776050930630071
217	-3.652171493846309
218	-5.367136855297119
219	-4.104376675190311
220	-8.785189986127737
221	-5.212707284817907
222	-4.031624170569946
223	-2.717503247728665
224	-3.652171493846309
225	-4.059497653481334
226	-3.357993304965706
227	-4.125184502686388
228	-4.335049473629825
229	-4.104376675190311
230	-2.915057196391268
231	-3.921334337214283
232	-14.40785309607269
233	-3.765277477653169
234	-4.776050930630071
235	-6.247140115738243
236	-16.01589212239549
237	-41.71236727087733
238	-9.824711751565562
239	-5.471425134590129
240	-13.88858939661247
241	-3.46614688468846
242	-12.04337557123373
243	-4.07029077093705
244	-4.612328411752969
245	-2.915057196391268
246	-2.717503247728665
247	-4.28380591800474
248	-3.357993304965706
249	-3.652171493846309
250	-15.35896487977701
251	-5.132622123431222
252	-4.456649329135274
253	-5.004959683015516
254	-4.206504584790062
255	-21.34102848132973
256	-20.66063655007232
257	-9.269695992421546
258	-4.031624170569946
259	-12.68862172455774
260	-4.675958177956264
261	-2.717503247728665
262	-4.761539777588957
263	-3.921334337214283
264	-36.36152304935998
265	-20.53518466559763
266	-4.059497653481334
267	-3.547995102435001
268	-3.589996596726704
269	-2.915057196391268
270	-4.206504584790062
271	-19.20247256327886
272	-10.77942069092051
273	-3.711430367138815
274	-15.79293520463499
275	-4.104376675190311
276	-2.915057196391268
277	-5.439350331104366
278	-14.65597033639763
279	-3.357993304965706
280	-9.95758261573838
281	-4.059497653481334
282	-10.06751371245958
283	-4.104376670194759
284	-9.226826301946232
285	-4.592794876376329
286	-4.122677154545059
