#SITE	SITE_LOG_LIKELIHOOD
1	-13.6974
2	-21.8327
3	-16.8997
4	-21.3069
5	-16.4388
6	-88.4801
7	-26.4646
8	-13.341
9	-27.5832
10	-26.1532
11	-4.90591
12	-9.64662
13	-14.4598
14	-6.77186
15	-13.8276
16	-33.2477
17	-29.5816
18	-51.3
19	-8.08334
20	-8.11504
21	-24.073
22	-33.0571
23	-5.61543
24	-28.0924
25	-7.65881
26	-11.0697
27	-27.4306
28	-10.0752
29	-51.2345
30	-7.38588
31	-33.6131
32	-137.423
33	-14.6914
34	-59.0542
35	-58.296
36	-35.9513
37	-27.0098
38	-14.681
39	-39.0341
40	-9.53453
41	-12.1592
42	-45.3142
43	-20.4106
44	-36.4347
45	-43.6827
46	-15.4703
47	-42.5419
48	-21.3712
49	-56.6641
50	-35.0206
51	-10.5532
52	-28.9209
53	-23.2818
54	-8.96465
55	-22.6618
56	-19.1455
57	-12.9422
58	-24.635
59	-13.7628
60	-27.9331
61	-9.63566
62	-12.4903
63	-47.6284
64	-13.7027
65	-15.5502
66	-32.2869
67	-47.3515
68	-12.9027
69	-77.1645
70	-16.7016
71	-58.2033
72	-28.0105
73	-41.1718
74	-24.8033
75	-13.7966
76	-29.1307
77	-62.6293
78	-35.2963
79	-7.82815
80	-41.485
81	-9.96315
82	-13.7156
83	-21.6891
84	-20.9027
85	-19.1225
86	-46.284
87	-44.4987
88	-24.604
89	-18.0657
90	-9.34721
91	-36.8474
92	-22.9208
93	-13.7731
94	-23.6336
95	-16.9202
96	-34.7145
97	-11.459
98	-24.9964
99	-50.23
100	-33.2039
101	-14.0133
102	-11.9918
103	-35.246
104	-6.7264
105	-9.17409
106	-9.65352
107	-15.8902
108	-34.3263
109	-36.844
110	-18.7712
111	-20.0831
112	-13.6021
113	-30.3912
114	-49.1511
115	-17.0595
116	-31.9343
117	-5.33947
118	-58.6895
119	-26.7915
120	-17.4016
121	-21.4039
122	-7.96927
123	-23.3837
124	-28.8661
125	-19.7366
126	-48.3859
127	-46.3197
128	-42.9565
129	-12.1438
130	-54.3268
131	-14.9241
132	-37.81
133	-33.4326
134	-20.8821
135	-10.9912
136	-4.98401
137	-20.639
138	-42.2064
139	-36.5206
140	-7.44393
141	-16.6013
142	-22.3511
143	-34.8588
144	-19.1084
145	-26.2452
146	-14.2681
147	-32.7542
148	-47.5632
149	-40.2074
150	-21.7863
151	-7.48701
152	-25.3952
153	-10.0698
154	-32.1477
155	-14.2036
156	-19.5688
157	-24.4446
158	-39.7743
159	-14.8503
160	-8.09171
161	-32.925
162	-8.34229
163	-33.6784
164	-18.7648
165	-10.7758
166	-29.6815
167	-47.5557
168	-29.8331
169	-21.8454
170	-3.81126
171	-24.6897
172	-10.1095
173	-31.1129
174	-15.248
175	-26.2176
176	-7.95366
177	-15.687
178	-17.7449
179	-39.8793
180	-29.0924
181	-16.6635
182	-21.5689
183	-14.9696
184	-13.1678
185	-8.78236
186	-68.4448
187	-21.7551
188	-12.7513
189	-79.1023
190	-26.4424
191	-15.467
192	-8.66579
193	-22.7305
194	-36.5472
195	-56.657
196	-8.90638
197	-115.93
198	-22.7976
199	-38.6916
200	-13.2716
201	-25.9583
202	-20.7771
203	-19.2221
204	-28.1964
205	-26.6662
206	-33.7088
207	-16.5093
208	-65.9528
209	-8.22655
210	-22.1696
211	-6.66112
212	-41.0943
213	-51.7958
214	-21.4555
215	-53.0532
216	-9.21092
217	-28.7051
218	-55.0126
219	-22.0546
220	-26.4892
221	-15.1309
222	-14.4897
223	-47.3248
224	-15.9743
225	-24.3414
226	-58.7537
227	-21.5798
228	-34.2576
229	-6.59791
230	-22.4934
231	-13.2298
232	-30.2501
233	-15.2937
234	-10.3469
235	-13.6788
236	-24.3356
237	-37.9758
238	-13.9771
239	-21.3268
240	-31.8842
241	-31.2525
242	-63.2389
243	-47.657
244	-32.5059
245	-46.3957
246	-7.23031
247	-27.6497
248	-18.5619
249	-46.7139
250	-40.5027
251	-62.9447
252	-25.2383
253	-58.1623
254	-17.7313
255	-22.895
256	-16.1087
257	-37.3729
258	-32.5965
259	-29.1474
260	-9.98138
261	-13.017
262	-8.65846
263	-29.74
264	-38.2928
265	-68.5961
266	-33.0874
267	-33.9924
268	-15.2338
269	-9.70885
270	-14.9299
271	-39.0905
272	-35.8451
273	-15.7015
274	-22.2219
275	-71.445
276	-11.6241
277	-22.7953
278	-42.0006
279	-6.88048
280	-20.7478
281	-28.8944
282	-38.1208
283	-39.9512
284	-17.2897
285	-13.2151
286	-22.7003
287	-22.8714
288	-16.8342
289	-20.476
290	-29.4842
291	-60.4219
292	-51.708
293	-10.1864
294	-28.5298
295	-19.6116
296	-8.34723
297	-82.1681
298	-36.468
299	-61.9394
300	-85.3865
301	-14.4093
302	-47.7381
303	-42.2336
304	-8.69288
305	-34.0066
306	-45.0077
307	-27.3428
308	-24.5398
309	-19.5157
310	-9.19439
311	-44.359
312	-40.7819
313	-15.4446
314	-31.9841
315	-26.8471
316	-13.7155
317	-29.8875
318	-31.3398
319	-31.3084
320	-31.6717
321	-4.30382
322	-34.524
323	-26.4217
324	-7.68864
325	-63.0751
326	-49.3191
327	-67.6914
328	-29.7836
329	-21.1403
330	-20.3901
331	-8.25839
332	-23.3957
333	-23.4768
334	-22.0128
335	-9.49531
336	-29.2564
337	-19.3476
338	-7.88199
339	-35.6029
340	-20.7259
341	-56.8824
342	-14.8363
343	-20.4079
344	-22.3783
345	-68.0397
346	-27.3376
347	-19.4603
348	-23.7785
349	-24.3796
350	-16.572
351	-8.54368
352	-22.9359
353	-44.2002
354	-8.82726
355	-21.9816
356	-59.6398
357	-3.31978
358	-15.7984
359	-57.8816
360	-26.7105
361	-14.5867
362	-14.2012
363	-48.0886
364	-34.1726
365	-28.7821
366	-21.9659
367	-46.0197
368	-57.4631
369	-37.6569
370	-5.62791
371	-7.20094
372	-45.7116
373	-34.93
374	-89.944
375	-15.0486
376	-44.6602
377	-9.32047
378	-51.8905
379	-39.0922
380	-35.2849
381	-8.69618
382	-106.726
383	-18.623
384	-24.6099
385	-30.9439
386	-30.7711
387	-18.873
388	-5.87566
389	-33.2304
390	-39.9285
391	-46.747
392	-35.1044
393	-66.9536
394	-36.8184
395	-33.0757
396	-10.2727
397	-53.8054
398	-27.6264
399	-20.6276
400	-91.1061
401	-32.6958
402	-25.0229
403	-38.9805
404	-13.5996
405	-21.4241
406	-19.9863
407	-77.3592
408	-8.93965
409	-45.0888
410	-26.8879
411	-10.0079
412	-33.1143
413	-15.2891
414	-54.9351
415	-30.2044
416	-18.4591
417	-24.9252
418	-17.7511
419	-18.6388
420	-6.57967
421	-32.3001
422	-9.69549
423	-32.8753
424	-30.1861
425	-31.1452
426	-30.6898
427	-8.86033
428	-18.4374
429	-66.5266
430	-19.5426
431	-20.3186
432	-133.058
433	-28.6357
434	-7.7317
435	-26.8968
436	-24.9401
437	-21.5548
438	-25.3481
439	-22.7611
440	-3.24504
441	-21.2079
442	-7.65721
443	-6.31585
444	-22.7492
445	-90.1885
446	-18.9538
447	-15.1879
448	-9.48925
449	-33.3164
450	-24.0354
451	-104.939
452	-36.9231
453	-18.7469
454	-10.4623
455	-9.21748
456	-37.9841
457	-22.6946
458	-45.7329
459	-35.576
460	-11.526
461	-47.5075
462	-45.1556
463	-49.591
464	-23.0762
465	-85.1328
466	-15.7812
467	-33.5334
468	-19.9241
469	-64.6906
470	-10.0439
471	-45.973
472	-21.4234
473	-48.2796
474	-6.6239
475	-14.1229
476	-42.8193
477	-34.7267
478	-17.7663
479	-54.7441
480	-21.3152
481	-14.818
482	-24.9437
483	-20.7539
484	-33.2682
485	-29.1977
486	-43.6126
487	-14.8127
488	-10.3526
489	-67.7889
490	-8.73942
491	-16.2786
492	-21.1893
493	-28.8251
494	-25.0258
495	-10.4974
496	-13.3884
497	-20.8964
498	-58.9007
