#SITE	SITE_LOG_LIKELIHOODS
1	-4.285938536421085e-05
2	-4.285938536421085e-05
3	-14.23800048388346
4	-20.54501347488976
5	-18.73824876977234
6	-23.5804169543092
7	-3.374771438842281
8	-2.710031477315325
9	-5.562674845201376
10	-4.032800304800707
11	-3.929792554633511
12	-5.172679719692536
13	-2.710031477315325
14	-5.874688999376091
15	-2.819810109406809
16	-18.57121279850805
17	-2.710031477315325
18	-3.650593546729006
19	-2.710031477315325
20	-12.38288839171367
21	-4.837528708090732
22	-4.556718297226187
23	-12.33205189606055
24	-3.410797981133895
25	-3.650593546729006
26	-3.64640664611578
27	-3.650593546729006
28	-4.274750647265961
29	-4.130541248668098
30	-4.817999566602882
31	-4.032800304800707
32	-4.449467493251553
33	-61.01449355077654
34	-3.410797981133895
35	-3.781948735019139
36	-3.410797981133895
37	-10.88438496992537
38	-11.20893424388305
39	-4.76969622869701
40	-3.300793544472559
41	-26.76002697601528
42	-4.837528708090732
43	-3.300793544472559
44	-3.560084587032482
45	-12.41106173790642
46	-3.781948735019139
47	-3.560084587032482
48	-3.873579825077011
49	-2.710031477315325
50	-2.819810109406809
51	-3.410797981133895
52	-3.300793544472559
53	-3.374771438842281
54	-14.96332259592527
55	-2.710031477315325
56	-3.585600734252837
57	-2.819810109406809
58	-11.9568103419717
59	-3.374771438842281
60	-2.819810109406809
61	-3.873579825077011
62	-3.781948735019139
63	-3.374771438842281
64	-4.351397823164437
65	-4.797902539202817
66	-3.560084587032482
67	-11.68448446011708
68	-3.410797981133895
69	-10.41979201370167
70	-4.351397823164437
71	-4.449467493251553
72	-4.837528708090732
73	-11.47016724849238
74	-5.307563227316046
75	-5.407925626654488
76	-3.300793544472559
77	-4.912226433616842
78	-3.902651961991205
79	-2.710031477315325
80	-9.816954737174937
81	-4.465655601979912
82	-3.902651961991205
83	-3.873579825077011
84	-2.819810109406809
85	-13.48270086249551
86	-3.951392338381507
87	-3.781948735019139
88	-3.64640664611578
89	-2.710031477315325
90	-4.130541248668098
91	-5.349712359602985
92	-4.746155889604263
93	-3.929792554633511
94	-4.556718297226187
95	-4.694359069491652
96	-11.95854544566184
97	-3.64640664611578
98	-3.64640664611578
99	-3.873579825077011
100	-2.710031477315325
101	-3.902651961991205
102	-11.40979425923593
103	-5.854289273158962
104	-4.76969622869701
105	-3.650593546729006
106	-4.270410853774237
107	-3.410797981133895
108	-3.781948735019139
109	-4.449467493251553
110	-50.39338646966681
111	-4.274750647265961
112	-2.819810109406809
113	-3.951392338381507
114	-10.08195520321764
115	-3.560084587032482
116	-4.719943868801445
117	-10.77923317222602
118	-9.931588543508086
119	-9.199219955247145
120	-5.307563227316046
121	-35.3028023832161
122	-2.819810109406809
123	-2.819810109406809
124	-2.819810109406809
125	-4.032800304800707
126	-3.585600734252837
127	-12.02777785872606
128	-3.410797981133895
129	-3.873579825077011
130	-4.929992187195449
131	-3.410797981133895
132	-2.819810109406809
133	-2.819810109406809
134	-4.54062419808563
135	-8.350627470454077
136	-25.45500918480518
137	-2.710031477315325
138	-2.819810109406809
139	-10.94084610702918
140	-19.11528538385436
141	-3.300793544472559
142	-3.300793544472559
143	-4.797902539202817
144	-13.64375512834786
145	-4.774005178201375
146	-5.014546195787799
147	-5.291823769598848
148	-2.819810109406809
149	-16.9896837147997
150	-5.014546195787799
151	-3.374771438842281
152	-13.20889798799966
153	-3.929792554633511
154	-18.00234319858735
155	-3.951392338381507
156	-11.1016516637024
157	-4.270410853774237
158	-3.585600734252837
159	-3.374771438842281
160	-4.274750647265961
161	-3.951392338381507
162	-3.374771438842281
163	-4.141453115916932
164	-3.781948735019139
165	-4.719943868801445
166	-3.781948735019139
167	-2.710031477315325
168	-4.54062419808563
169	-4.130541248668098
170	-3.861824932251462
171	-4.274750647265961
172	-4.797902539202817
173	-3.300793544472559
174	-3.951392338381507
175	-2.819810109406809
176	-3.374771438842281
177	-3.951392338381507
178	-3.585600734252837
179	-5.291823769598848
180	-3.585600734252837
181	-20.89435687053884
182	-2.819810109406809
183	-3.410797981133895
184	-3.560084587032482
185	-10.12271424190976
186	-3.861824932251462
187	-3.585600734252837
188	-2.710031477315325
189	-3.374771438842281
190	-4.746155889604263
191	-2.710031477315325
192	-2.710031477315325
193	-3.585600734252837
194	-3.410797981133895
195	-3.64640664611578
196	-5.03909835535789
197	-2.710031477315325
198	-3.410797981133895
199	-2.819810109406809
200	-5.03909835535789
201	-4.76969622869701
202	-4.817999566602882
203	-4.465655601979912
204	-16.59381164152424
205	-2.710031477315325
206	-2.710031477315325
207	-3.64640664611578
208	-4.141453115916932
209	-3.560084587032482
210	-3.902651961991205
211	-13.45404845212155
212	-3.873579825077011
213	-22.93525459059485
214	-4.270410853774237
215	-2.819810109406809
216	-4.774005178201375
217	-3.650593546729006
218	-5.014546195787799
219	-3.929792554633511
220	-9.423600739283067
221	-5.172679719692536
222	-3.902651961991205
223	-2.710031477315325
224	-3.650593546729006
225	-3.861824932251462
226	-3.300793544472559
227	-4.141453115916932
228	-4.351397823164437
229	-3.929792554633511
230	-2.819810109406809
231	-3.873579825077011
232	-14.97833895555173
233	-3.585600734252837
234	-4.774005178201375
235	-6.042015495470436
236	-15.81669996167427
237	-35.70872638923963
238	-10.9200795817292
239	-5.323326788052086
240	-14.95193462811661
241	-3.374771438842281
242	-17.75850346494442
243	-4.032800304800707
244	-4.270410853774237
245	-2.819810109406809
246	-2.710031477315325
247	-4.274750647265961
248	-3.300793544472559
249	-3.650593546729006
250	-16.146462922583
251	-4.929992187195449
252	-4.449467493251553
253	-4.912226433616842
254	-4.130541248668098
255	-19.86789196337216
256	-18.65073368098272
257	-9.686349970079451
258	-3.902651961991205
259	-13.27184634333916
260	-4.694359069491652
261	-2.710031477315325
262	-4.465655601979912
263	-3.873579825077011
264	-36.58324747618273
265	-19.81689623896593
266	-3.861824932251462
267	-3.410797981133895
268	-3.560084587032482
269	-2.819810109406809
270	-4.130541248668098
271	-20.22489795579797
272	-11.4771985075372
273	-3.64640664611578
274	-16.66491778112261
275	-3.929792554633511
276	-2.819810109406809
277	-5.344937291179326
278	-15.53904986022653
279	-3.300793544472559
280	-10.96409708437275
281	-3.861824932251462
282	-10.43617511415419
283	-3.929792541361969
284	-9.801846520217911
285	-4.551594583218411
286	-4.138909680886467
