#SITE	SITE_LOG_LIKELIHOOD
1	-8.71186
2	-6.42167
3	-95.3226
4	-11.3092
5	-4.5807
6	-5.60649
7	-4.73788
8	-5.02381
9	-4.25483
10	-10.0919
11	-18.8815
12	-4.60226
13	-3.99901
14	-21.5624
15	-3.74508
16	-4.00933
17	-10.6739
18	-40.6164
19	-12.9896
20	-9.94201
21	-14.6654
22	-27.7465
23	-13.4847
24	-4.50884
25	-15.2792
26	-4.64605
27	-9.25568
28	-4.60983
29	-20.6852
30	-4.55633
31	-11.1685
32	-4.3276
33	-4.27781
34	-4.32877
35	-4.92378
36	-4.72332
37	-12.8308
38	-4.15125
39	-5.24905
40	-3.60592
41	-4.80847
42	-8.36169
43	-15.8495
44	-20.4785
45	-37.2462
46	-4.76238
47	-27.1012
48	-12.3675
49	-4.71999
50	-15.1807
51	-8.92283
52	-10.7088
53	-12.128
54	-4.43865
55	-4.16933
56	-4.22765
57	-4.61425
58	-10.9228
59	-3.01699
60	-4.68845
61	-14.0898
62	-3.77711
63	-4.5883
64	-4.03996
65	-46.1034
66	-9.03824
67	-6.39418
68	-10.132
69	-14.1476
70	-5.16088
71	-4.17897
72	-53.4107
73	-8.08386
74	-9.01127
75	-3.96363
76	-10.3991
77	-4.6622
78	-9.32683
79	-6.86435
80	-4.67049
81	-5.26025
82	-4.26848
83	-2.90478
84	-12.1172
85	-4.54784
86	-7.15782
87	-10.5756
88	-6.85283
89	-5.83172
90	-25.5878
91	-4.77497
92	-4.40496
93	-5.43841
94	-4.64366
95	-3.05887
96	-4.5906
97	-4.84616
98	-4.63395
99	-5.17048
100	-4.81323
101	-5.42527
102	-4.50183
103	-4.12757
104	-6.16962
105	-5.69494
106	-12.0319
107	-4.18128
108	-4.84871
109	-4.43321
110	-4.73963
111	-23.5885
112	-4.77091
113	-4.85253
114	-18.8504
115	-5.43669
116	-5.03452
117	-6.32216
118	-4.74575
119	-3.96242
120	-11.6145
121	-3.79378
122	-16.5878
123	-8.96735
124	-8.48062
125	-34.5884
126	-4.54909
127	-9.92963
128	-9.79458
129	-65.0168
130	-10.1755
131	-4.0591
132	-11.281
133	-11.5954
134	-9.06122
135	-9.91763
136	-9.42035
137	-10.454
138	-4.82533
139	-8.31714
140	-8.85724
141	-4.55639
142	-8.69297
143	-4.19217
144	-10.6399
145	-4.6549
146	-11.5932
147	-5.31506
148	-10.2495
149	-20.7632
150	-11.4773
151	-4.42582
152	-4.83685
153	-24.0108
154	-10.6486
155	-8.25581
156	-38.8743
157	-4.66424
158	-11.2312
159	-46.5915
160	-6.88898
161	-10.7336
162	-12.1442
163	-4.75123
164	-7.82419
165	-11.1034
166	-10.327
167	-3.50581
168	-5.53441
169	-4.62773
170	-4.2912
171	-17.1933
172	-32.8079
173	-4.7536
174	-3.91379
175	-5.13898
176	-8.84095
177	-11.4428
178	-5.31357
179	-9.4479
180	-11.241
181	-11.3124
182	-4.373
183	-8.81952
184	-4.0435
185	-12.5392
186	-4.69451
187	-4.5532
188	-3.60748
189	-11.3286
190	-4.60673
191	-6.47734
192	-6.23308
193	-4.70793
194	-12.3421
195	-4.31388
196	-61.8178
197	-17.3021
198	-5.0242
199	-31.1662
200	-5.0288
201	-5.65649
202	-5.04493
203	-4.69617
204	-5.21322
205	-17.9393
206	-4.41939
207	-4.53232
208	-10.6536
209	-6.66388
210	-4.9087
211	-4.56163
212	-15.4104
213	-4.74336
214	-5.20939
215	-5.68271
216	-4.78113
217	-8.47201
218	-5.99253
219	-3.09989
220	-6.38349
221	-4.98598
222	-4.47697
223	-14.8759
224	-6.43282
225	-4.64041
226	-10.4612
227	-21.5648
228	-12.0461
229	-12.3416
230	-3.17426
231	-30.793
232	-21.635
233	-9.31846
234	-8.72767
235	-12.4064
236	-7.80635
237	-4.89366
238	-11.9314
239	-6.92342
240	-6.56429
241	-3.97957
242	-24.0897
243	-6.31448
244	-4.33366
245	-3.04724
246	-3.79466
247	-11.4487
248	-21.2142
249	-17.0392
250	-4.77284
251	-4.46117
252	-4.62354
253	-4.92087
254	-4.75292
255	-10.5485
256	-3.19386
257	-6.43356
258	-4.49195
259	-10.4939
260	-8.18529
261	-3.97284
262	-4.38446
263	-35.4779
264	-6.36673
265	-17.6529
266	-4.61018
267	-4.54767
268	-3.95406
269	-62.5688
270	-4.39678
271	-7.12372
272	-7.69369
273	-4.59047
274	-7.35001
275	-10.5685
276	-5.11416
277	-5.06357
278	-15.4031
279	-11.6721
280	-4.35816
281	-5.67039
282	-4.4305
283	-9.52271
284	-4.31606
285	-4.54734
286	-4.14164
