#SITE	SITE_LOG_LIKELIHOODS
1	-4.350792024137321
2	-16.69434283550293
3	-18.18344709298104
4	-26.41153335842355
5	-4.264394105234697
6	-36.6059997082117
7	-13.85794722612792
8	-4.375209189516315
9	-4.511923257226138
10	-4.265959645644678
11	-4.203264102617187
12	-4.792936198556141
13	-4.577391645664155
14	-11.42574747466991
15	-4.35828190014442
16	-11.34700936431946
17	-4.577391645664155
18	-5.316513614549087
19	-34.73944153707068
20	-4.408977456478794
21	-3.982437495260835
22	-4.577391645664155
23	-4.123537457198683
24	-4.658262503316062
25	-4.552222117205589
26	-11.22537960122244
27	-4.590951230433815
28	-13.15154101736446
29	-4.219890822025429
30	-4.353373617705067
31	-4.129104143484944
32	-4.353373617705067
33	-19.62558437102265
34	-4.123537457198683
35	-4.112714435516676
36	-11.03519151300049
37	-20.43857186211924
38	-13.36195667424991
39	-4.336997250263808
40	-15.82484759067595
41	-19.56936852584942
42	-19.20203471290242
43	-4.336997250263808
44	-4.973918255413603
45	-4.592318895144262
46	-16.30710545054972
47	-4.522174998445537
48	-3.969712956583598
49	-4.653603360672181
50	-4.606891187931719
51	-4.931325870510119
52	-4.336997250263808
53	-4.444447820650002
54	-4.592318895144262
55	-4.265959645644678
56	-4.20598959655672
57	-4.548819882676613
58	-4.577391645664155
59	-5.00642798646688
60	-4.792936198556141
61	-4.112714435516676
62	-11.22537960122244
63	-4.626578864786542
64	-4.577391645664155
65	-4.552222117205589
66	-4.350792024137321
67	-51.73246986392151
68	-4.931325870510119
69	-4.35987589927956
70	-4.577391645664155
71	-4.353373617705067
72	-3.982437495260835
73	-4.522174998445537
74	-4.436015180795634
75	-4.940822580306342
76	-12.43275865068231
77	-4.35828190014442
78	-12.20179579401294
79	-4.752206542133347
80	-5.121522848312952
81	-4.626578864786542
82	-11.91018734481517
83	-4.371624402802003
84	-4.511923257226138
85	-4.568557048490191
86	-4.385220778431939
87	-14.84594127567122
88	-4.385220778431939
89	-4.653603360672181
90	-4.336997250263808
91	-5.00642798646688
92	-5.00642798646688
93	-4.311585804112606
94	-4.658262503316062
95	-4.594231110687101
96	-4.744683723276556
97	-12.69509780114227
98	-13.17907599307042
99	-4.371624402802003
100	-12.43285473046311
101	-3.982437495260835
102	-47.75433422297537
103	-4.973918255413603
104	-4.86943997508931
105	-4.552222117205589
106	-4.375209189516315
107	-4.502555430200057
108	-4.112714435516676
109	-4.444447820650002
110	-4.264394105234697
111	-4.265959645644678
112	-4.590951230433815
113	-3.969712956583598
114	-4.720215804840198
115	-4.350792024137321
116	-4.502555430200057
117	-4.129104143484944
118	-4.697814579887684
119	-4.112714435516676
120	-4.752206542133347
121	-5.316513614549087
122	-4.548819882676613
123	-4.123537457198683
124	-4.511923257226138
125	-12.0537627770727
126	-4.742297623070965
127	-4.350792024137321
128	-20.76577061629705
129	-3.969712956583598
130	-4.606891187931719
131	-4.35987589927956
132	-25.21850051006597
133	-4.511923257226138
134	-12.52216099619425
135	-11.52753583348072
136	-11.03814781086214
137	-4.522174998445537
138	-4.502555430200057
139	-4.590951230433815
140	-4.592318895144262
141	-4.474875514982595
142	-4.474875514982595
143	-10.66007839257556
144	-15.05440758689454
145	-4.20598959655672
146	-11.73894938110837
147	-4.742297623070965
148	-4.123537457198683
149	-4.577391645664155
150	-4.842558493439034
151	-4.658262503316062
152	-4.606891187931719
153	-4.350792024137321
154	-15.54788887395205
155	-3.969712956583598
156	-4.264394105234697
157	-11.1491716510121
158	-34.72114674133761
159	-5.00642798646688
160	-4.265959645644678
161	-13.15086481573569
162	-76.3868491502154
163	-19.29715611703742
164	-10.82278548979752
165	-4.640977548559828
166	-10.87483347988002
167	-4.522174998445537
168	-11.96096532503296
169	-9.566883343027003
170	-4.511923257226138
171	-4.311585804112606
172	-4.552222117205589
173	-12.64409826517871
174	-4.371624402802003
175	-4.20598959655672
176	-15.45322126117999
177	-13.87021991752895
178	-4.742297623070965
179	-4.590951230433815
180	-42.92314463382294
181	-4.408977456478794
182	-24.3294681337639
183	-11.67590513002605
184	-10.93056628595525
185	-11.38357987382252
186	-23.82222145561613
187	-4.590951230433815
188	-4.842558493439034
189	-5.00642798646688
190	-11.63242904017699
191	-4.436015180795634
192	-4.752206542133347
193	-4.35987589927956
194	-22.40386437058333
195	-4.112714435516676
196	-4.436015180795634
197	-4.265959645644678
198	-4.35987589927956
199	-4.436015180795634
200	-4.123537457198683
201	-5.121522848312952
202	-4.865504997040674
203	-11.52265431851818
204	-10.64450935254437
205	-4.752206542133347
206	-4.311585804112606
207	-4.371624402802003
208	-5.091737940142715
209	-4.350792024137321
210	-4.179880948341704
211	-4.35828190014442
212	-3.969712956583598
213	-4.353373617705067
214	-10.17306126688905
215	-4.268509435277017
216	-11.32746703183286
217	-4.552222117205589
218	-16.75072247074451
219	-18.85613706772056
220	-5.00642798646688
221	-4.96355740289657
222	-12.85389777612481
223	-4.265959645644678
224	-4.640977548559828
225	-9.4582398487372
226	-4.720215804840198
227	-5.091737940142715
228	-4.577391645664155
229	-4.203264102617187
230	-4.123537457198683
231	-3.969712956583598
232	-4.353373617705067
233	-12.55377072931086
234	-4.474875514982595
235	-17.95768382053975
236	-42.42315376779992
237	-39.84411683114898
238	-4.626578864786542
239	-28.33508463313525
240	-4.744683723276556
241	-31.77413031399532
242	-4.336997250263808
243	-4.592318895144262
244	-4.203264102617187
245	-4.259802013592958
246	-4.268509435277017
247	-4.522174998445537
248	-4.568557048490191
249	-4.552222117205589
250	-3.969712956583598
251	-4.336997250263808
252	-4.444447820650002
253	-4.792936198556141
254	-5.121522848312952
255	-4.626578864786542
256	-4.592318895144262
257	-4.129104143484944
258	-3.982437495260835
259	-10.80095829128231
260	-4.973918255413603
261	-22.93513260683434
262	-4.590951230433815
263	-4.568557048490191
264	-23.21548556870655
265	-10.7948208349888
266	-4.268509435277017
267	-4.35987589927956
268	-4.350792024137321
269	-3.969712956583598
270	-4.112714435516676
271	-45.13993299568011
272	-17.06007218472309
273	-4.697814579887684
274	-4.477677537389152
275	-12.85824870680367
276	-28.76075432177758
277	-4.20598959655672
278	-10.18078922094053
279	-4.335816428374732
280	-9.001759320864423
281	-11.31119959459991
282	-10.28949940279545
283	-9.062484824965019
284	-9.029067919031467
285	-20.21258857252398
286	-5.089623968947462
