#SITE	SITE_LOG_LIKELIHOODS
1	-4.793653027227659
2	-15.86708455270736
3	-17.1643936071457
4	-27.04503751844278
5	-4.601807567584776
6	-40.85133105277309
7	-13.60277263386844
8	-4.711511262415028
9	-4.81644755907513
10	-4.591867078414694
11	-4.633381388400961
12	-4.990056280237355
13	-4.889588207023871
14	-10.30220434893335
15	-4.706172081945041
16	-11.00338145401725
17	-4.889588207023871
18	-5.434571912273442
19	-38.60595784874285
20	-4.710843355736578
21	-4.446546143193234
22	-4.889588207023871
23	-4.561057640373557
24	-4.892108135372554
25	-4.807840502196709
26	-10.02782782581498
27	-4.881190282902407
28	-12.03568879516414
29	-4.597347332869084
30	-4.690805657157385
31	-4.535995907553062
32	-4.690805657157385
33	-18.49407521551281
34	-4.561057640373557
35	-4.506869999178132
36	-9.818166710528654
37	-19.88945760742435
38	-12.29416576010732
39	-4.713897524330002
40	-14.86564409288323
41	-20.32690343917733
42	-19.19458883018369
43	-4.713897524330002
44	-5.114062564899853
45	-4.88776785649324
46	-16.91835470100946
47	-4.74871749191358
48	-4.447036291390503
49	-4.874477896604559
50	-4.898312140244293
51	-5.155359233964075
52	-4.713897524330002
53	-4.754798727960415
54	-4.88776785649324
55	-4.591867078414694
56	-4.573434721415094
57	-4.893547173523597
58	-4.889588207023871
59	-5.163971394886757
60	-4.990056280237355
61	-4.506869999178132
62	-10.02782782581498
63	-4.880395759478936
64	-4.889588207023871
65	-4.807840502196709
66	-4.793653027227659
67	-59.41384860038816
68	-5.155359233964075
69	-4.736508377981489
70	-4.889588207023871
71	-4.690805657157385
72	-4.446546143193234
73	-4.74871749191358
74	-4.682661099793274
75	-5.145302427852998
76	-12.25077684579978
77	-4.706172081945041
78	-10.98064506335363
79	-4.916460655533442
80	-5.274251965393601
81	-4.880395759478936
82	-10.68722769612845
83	-4.721649819069335
84	-4.81644755907513
85	-4.859894488874244
86	-4.604578190315791
87	-15.43824654025269
88	-4.604578190315791
89	-4.874477896604559
90	-4.713897524330002
91	-5.163971394886757
92	-5.163971394886757
93	-4.726087270855839
94	-4.892108135372554
95	-4.833952799782288
96	-4.99666797052273
97	-11.65061990089431
98	-11.98322558411272
99	-4.721649819069335
100	-11.37195344482972
101	-4.446546143193234
102	-61.32408126145857
103	-5.114062564899853
104	-5.036265285362387
105	-4.807840502196709
106	-4.711511262415028
107	-4.822471511686635
108	-4.506869999178132
109	-4.754798727960415
110	-4.601807567584776
111	-4.591867078414694
112	-4.881190282902407
113	-4.447036291390503
114	-4.969547815791032
115	-4.793653027227659
116	-4.822471511686635
117	-4.535995907553062
118	-4.957809500679867
119	-4.506869999178132
120	-4.916460655533442
121	-5.434571912273442
122	-4.893547173523597
123	-4.561057640373557
124	-4.81644755907513
125	-10.85188461947779
126	-4.990051654117628
127	-4.793653027227659
128	-19.88662569192385
129	-4.447036291390503
130	-4.898312140244293
131	-4.736508377981489
132	-26.54072870054924
133	-4.81644755907513
134	-11.32909055415914
135	-10.4966873292793
136	-9.896523040202251
137	-4.74871749191358
138	-4.822471511686635
139	-4.881190282902407
140	-4.88776785649324
141	-4.777287045659168
142	-4.777287045659168
143	-9.650199011739579
144	-14.26620968587811
145	-4.573434721415094
146	-11.27234078469374
147	-4.990051654117628
148	-4.561057640373557
149	-4.889588207023871
150	-5.006988834467156
151	-4.892108135372554
152	-4.898312140244293
153	-4.793653027227659
154	-14.68221863150691
155	-4.447036291390503
156	-4.601807567584776
157	-10.76752315956096
158	-38.59591145096007
159	-5.163971394886757
160	-4.591867078414694
161	-11.87916594241404
162	-103.5560072132541
163	-19.38721301801313
164	-9.643882205524267
165	-4.872479150093445
166	-9.705933563745507
167	-4.74871749191358
168	-10.71134911520679
169	-9.43713905589269
170	-4.81644755907513
171	-4.726087270855839
172	-4.807840502196709
173	-11.45363560453605
174	-4.721649819069335
175	-4.573434721415094
176	-14.9209046194706
177	-12.64796426261324
178	-4.990051654117628
179	-4.881190282902407
180	-50.04643562520492
181	-4.710843355736578
182	-23.76603221535029
183	-10.45721587883903
184	-9.754383445849246
185	-11.04242480235489
186	-23.66478667232858
187	-4.881190282902407
188	-5.006988834467156
189	-5.163971394886757
190	-10.4287529865075
191	-4.682661099793274
192	-4.916460655533442
193	-4.736508377981489
194	-23.21650880260463
195	-4.506869999178132
196	-4.682661099793274
197	-4.591867078414694
198	-4.736508377981489
199	-4.682661099793274
200	-4.561057640373557
201	-5.274251965393601
202	-5.043011883974527
203	-10.42314958247024
204	-9.609747142272154
205	-4.916460655533442
206	-4.726087270855839
207	-4.721649819069335
208	-5.184645656259219
209	-4.793653027227659
210	-4.493584364191475
211	-4.706172081945041
212	-4.447036291390503
213	-4.690805657157385
214	-9.904034047292434
215	-4.647028250468373
216	-11.07619831844416
217	-4.807840502196709
218	-15.93184982948754
219	-17.93680498578583
220	-5.163971394886757
221	-5.126929625467751
222	-11.72840054983657
223	-4.591867078414694
224	-4.872479150093445
225	-9.280225104995051
226	-4.969547815791032
227	-5.184645656259219
228	-4.889588207023871
229	-4.633381388400961
230	-4.561057640373557
231	-4.447036291390503
232	-4.690805657157385
233	-12.37010559158939
234	-4.777287045659168
235	-17.33421418656262
236	-50.73771960769271
237	-45.55987069981525
238	-4.880395759478936
239	-31.09317163372143
240	-4.99666797052273
241	-35.22301641534256
242	-4.713897524330002
243	-4.88776785649324
244	-4.633381388400961
245	-4.618640618961218
246	-4.647028250468373
247	-4.74871749191358
248	-4.859894488874244
249	-4.807840502196709
250	-4.447036291390503
251	-4.713897524330002
252	-4.754798727960415
253	-4.990056280237355
254	-5.274251965393601
255	-4.880395759478936
256	-4.88776785649324
257	-4.535995907553062
258	-4.446546143193234
259	-10.5162829655647
260	-5.114062564899853
261	-23.34382451257721
262	-4.881190282902407
263	-4.859894488874244
264	-23.31153582555063
265	-10.57954350441579
266	-4.647028250468373
267	-4.736508377981489
268	-4.793653027227659
269	-4.447036291390503
270	-4.506869999178132
271	-58.7516357919102
272	-16.12913897255883
273	-4.957809500679867
274	-4.680443263894854
275	-11.70310557599883
276	-29.07738332739049
277	-4.573434721415094
278	-10.16785026810215
279	-4.709825389795402
280	-8.703593542227575
281	-11.10730377893283
282	-9.879699617658069
283	-9.016079706013498
284	-8.939942932839855
285	-19.33751712009641
286	-5.179009900617396
