#SITE	SITE_LOG_LIKELIHOODS
1	-0.01429639807411395
2	-0.01429639807411395
3	-12.36206222222192
4	-22.05414263238556
5	-24.21229064134522
6	-21.92104035248178
7	-3.935541431981962
8	-3.840422428608437
9	-5.870477171739051
10	-4.930363533481879
11	-3.901955379811783
12	-4.849652165538147
13	-3.840422428608437
14	-5.944538318897929
15	-3.708940112484472
16	-20.45396668202679
17	-3.840422428608437
18	-3.960976718611456
19	-3.840422428608437
20	-11.86143577687191
21	-4.842832652190109
22	-3.845820024331304
23	-13.2828616522457
24	-4.097654881316643
25	-3.960976718611456
26	-3.903247815620301
27	-3.960976718611456
28	-4.775739901026703
29	-3.733340651219929
30	-5.122217829227628
31	-4.930363533481879
32	-5.30038380541642
33	-52.69687748866777
34	-4.097654881316643
35	-4.949991926626296
36	-4.097654881316643
37	-11.3242404555693
38	-11.56317999835776
39	-4.923181074951126
40	-3.760139223646718
41	-27.27202438857715
42	-4.842832652190109
43	-3.760139223646718
44	-3.927720017305834
45	-12.7482384018199
46	-4.949991926626296
47	-3.927720017305834
48	-4.716039489159773
49	-3.840422428608437
50	-3.708940112484472
51	-4.097654881316643
52	-3.760139223646718
53	-3.935541431981962
54	-16.1938224769885
55	-3.840422428608437
56	-4.075759712369334
57	-3.708940112484472
58	-11.98412897387635
59	-3.935541431981962
60	-3.708940112484472
61	-4.716039489159773
62	-4.949991926626296
63	-3.935541431981962
64	-5.671226982733168
65	-3.883960575865345
66	-3.927720017305834
67	-11.50673364560387
68	-4.097654881316643
69	-11.44420349417773
70	-5.671226982733168
71	-5.30038380541642
72	-4.842832652190109
73	-11.08341880321216
74	-3.733229346270084
75	-4.885642308368414
76	-3.760139223646718
77	-4.983592883047449
78	-3.635654960488146
79	-3.840422428608437
80	-10.64745149741499
81	-4.03222549943837
82	-3.635654960488146
83	-4.716039489159773
84	-3.708940112484472
85	-12.47130446152511
86	-3.667954727251417
87	-4.949991926626296
88	-3.903247815620301
89	-3.840422428608437
90	-3.733340651219929
91	-5.210435465425999
92	-4.111390936206812
93	-3.901955379811783
94	-3.845820024331304
95	-5.812297731138005
96	-12.50354247727342
97	-3.903247815620301
98	-3.903247815620301
99	-4.716039489159773
100	-3.840422428608437
101	-3.635654960488146
102	-10.70871362332787
103	-4.828023681413911
104	-4.923181074951126
105	-3.960976718611456
106	-3.558894422497183
107	-4.097654881316643
108	-4.949991926626296
109	-5.30038380541642
110	-41.43052427870143
111	-4.775739901026703
112	-3.708940112484472
113	-3.667954727251417
114	-10.49038587593455
115	-3.927720017305834
116	-4.152507483436711
117	-10.99523266542802
118	-10.49418990295762
119	-10.12106164570681
120	-3.733229346270084
121	-41.69246989602921
122	-3.708940112484472
123	-3.708940112484472
124	-3.708940112484472
125	-4.930363533481879
126	-4.075759712369334
127	-11.74238497999007
128	-4.097654881316643
129	-4.716039489159773
130	-4.044050504878623
131	-4.097654881316643
132	-3.708940112484472
133	-3.708940112484472
134	-5.067513313686074
135	-10.05770301089219
136	-21.8672571419936
137	-3.840422428608437
138	-3.708940112484472
139	-10.57638054549037
140	-13.07451813525235
141	-3.760139223646718
142	-3.760139223646718
143	-3.883960575865345
144	-14.13095569638195
145	-5.033827176130259
146	-4.867149261154879
147	-5.091713989237673
148	-3.708940112484472
149	-14.64511291995315
150	-4.867149261154879
151	-3.935541431981962
152	-12.97600902070598
153	-3.901955379811783
154	-16.65796081329658
155	-3.667954727251417
156	-10.77714097940647
157	-3.558894422497183
158	-4.075759712369334
159	-3.935541431981962
160	-4.775739901026703
161	-3.667954727251417
162	-3.935541431981962
163	-4.925405051392028
164	-4.949991926626296
165	-4.152507483436711
166	-4.949991926626296
167	-3.840422428608437
168	-5.067513313686074
169	-3.733340651219929
170	-3.785592709998207
171	-4.775739901026703
172	-3.883960575865345
173	-3.760139223646718
174	-3.667954727251417
175	-3.708940112484472
176	-3.935541431981962
177	-3.667954727251417
178	-4.075759712369334
179	-5.091713989237673
180	-4.075759712369334
181	-16.08553964177938
182	-3.708940112484472
183	-4.097654881316643
184	-3.927720017305834
185	-11.65974529330908
186	-3.785592709998207
187	-4.075759712369334
188	-3.840422428608437
189	-3.935541431981962
190	-4.111390936206812
191	-3.840422428608437
192	-3.840422428608437
193	-4.075759712369334
194	-4.097654881316643
195	-3.903247815620301
196	-4.968506692979719
197	-3.840422428608437
198	-4.097654881316643
199	-3.708940112484472
200	-4.968506692979719
201	-4.923181074951126
202	-5.122217829227628
203	-4.03222549943837
204	-13.41951839151222
205	-3.840422428608437
206	-3.840422428608437
207	-3.903247815620301
208	-4.925405051392028
209	-3.927720017305834
210	-3.635654960488146
211	-13.15495240789989
212	-4.716039489159773
213	-19.0622024407987
214	-3.558894422497183
215	-3.708940112484472
216	-5.033827176130259
217	-3.960976718611456
218	-4.867149261154879
219	-3.901955379811783
220	-10.70650136600423
221	-4.849652165538147
222	-3.635654960488146
223	-3.840422428608437
224	-3.960976718611456
225	-3.785592709998207
226	-3.760139223646718
227	-4.925405051392028
228	-5.671226982733168
229	-3.901955379811783
230	-3.708940112484472
231	-4.716039489159773
232	-10.5357278103692
233	-4.075759712369334
234	-5.033827176130259
235	-4.742969978238305
236	-17.77782573133363
237	-39.58060999179553
238	-10.89058720542235
239	-4.79407326731575
240	-12.63255180114011
241	-3.935541431981962
242	-17.27639165598213
243	-4.930363533481879
244	-3.558894422497183
245	-3.708940112484472
246	-3.840422428608437
247	-4.775739901026703
248	-3.760139223646718
249	-3.960976718611456
250	-14.17657687254647
251	-4.044050504878623
252	-5.30038380541642
253	-4.983592883047449
254	-3.733340651219929
255	-22.36116886099992
256	-19.80151797281264
257	-9.7810535893863
258	-3.635654960488146
259	-13.64227262508867
260	-5.812297731138005
261	-3.840422428608437
262	-4.03222549943837
263	-4.716039489159773
264	-39.06823887821877
265	-17.98419304497642
266	-3.785592709998207
267	-4.097654881316643
268	-3.927720017305834
269	-3.708940112484472
270	-3.733340651219929
271	-18.78850848729972
272	-12.7231116277459
273	-3.903247815620301
274	-14.13989107348341
275	-3.901955379811783
276	-3.708940112484472
277	-3.836891268008643
278	-15.91471025644904
279	-3.760139223646718
280	-10.69469947792249
281	-3.785592709998207
282	-10.62881399503565
283	-3.901955371800201
284	-10.37140459620005
285	-3.840371227367859
286	-4.921876357767307
