#SITE	SITE_LOG_LIKELIHOOD
1	-1.92873
2	-16.6554
3	-27.8806
4	-48.6219
5	-25.7912
6	-56.0045
7	-15.7209
8	-10.0461
9	-10.5797
10	-8.46232
11	-7.35742
12	-7.91949
13	-8.84759
14	-13.9559
15	-8.34954
16	-33.848
17	-9.11507
18	-11.1451
19	-41.4251
20	-17.9661
21	-8.01412
22	-10.097
23	-13.186
24	-9.33277
25	-7.48932
26	-15.0016
27	-7.889
28	-14.9647
29	-8.79883
30	-8.44843
31	-8.15532
32	-7.65051
33	-79.2532
34	-8.85748
35	-3.90335
36	-15.6073
37	-33.9402
38	-21.2001
39	-11.066
40	-17.0482
41	-45.2511
42	-23.0655
43	-4.55697
44	-10.4348
45	-13.958
46	-18.4634
47	-7.32109
48	-5.33035
49	-7.32398
50	-9.7022
51	-6.25167
52	-5.70391
53	-10.5899
54	-22.4358
55	-7.51004
56	-10.0344
57	-9.7236
58	-15.8038
59	-4.28835
60	-8.31639
61	-9.09176
62	-12.1577
63	-6.50585
64	-2.71217
65	-4.97595
66	-5.91688
67	-66.431
68	-2.31986
69	-12.9976
70	-5.60448
71	-2.64075
72	-6.98986
73	-13.7133
74	-5.89437
75	-5.245
76	-12.083
77	-7.26839
78	-14.4872
79	-5.75762
80	-16.3412
81	-7.20179
82	-13.8283
83	-4.81371
84	-7.01021
85	-13.5411
86	-9.88637
87	-16.0685
88	-7.66321
89	-6.75971
90	-9.16943
91	-6.27377
92	-10.2478
93	-6.69133
94	-7.58853
95	-4.09358
96	-16.9592
97	-17.1731
98	-16.843
99	-7.28945
100	-12.3791
101	-8.17829
102	-71.5686
103	-4.66408
104	-4.93011
105	-5.67762
106	-6.69059
107	-8.56345
108	-7.23977
109	-8.72024
110	-50.4873
111	-7.0078
112	-9.64703
113	-8.13283
114	-9.80688
115	-4.90712
116	-6.60337
117	-12.3602
118	-15.4096
119	-11.4148
120	-6.81064
121	-46.2744
122	-10.408
123	-5.41974
124	-5.22844
125	-13.5891
126	-6.42397
127	-14.0348
128	-24.2996
129	-1.56655
130	-2.96249
131	-7.82251
132	-26.4066
133	-4.94047
134	-11.0134
135	-18.1573
136	-34.4706
137	-5.10022
138	-9.406
139	-13.6563
140	-13.761
141	-6.10894
142	-5.22467
143	-10.5954
144	-26.3962
145	-8.63699
146	-12.5418
147	-7.12055
148	-8.25885
149	-13.2267
150	-6.17764
151	-7.73252
152	-17.9416
153	-8.67594
154	-30.0179
155	-2.8638
156	-15.8411
157	-14.5695
158	-38.835
159	-5.37477
160	-6.20648
161	-13.2016
162	-99.3601
163	-18.8997
164	-11.9301
165	-7.34627
166	-13.0182
167	-5.58941
168	-11.2061
169	-12.8514
170	-7.95272
171	-10.8131
172	-8.59026
173	-14.7878
174	-4.02836
175	-9.8441
176	-17.2337
177	-13.2286
178	-4.34674
179	-4.95863
180	-46.4723
181	-17.2035
182	-33.3227
183	-16.3422
184	-10.185
185	-20.028
186	-21.7287
187	-7.05738
188	-6.51271
189	-6.82655
190	-13.9263
191	-5.93826
192	-7.48586
193	-8.47606
194	-25.3804
195	-8.99194
196	-10.5162
197	-6.19736
198	-9.03598
199	-11.1245
200	-10.1526
201	-6.49217
202	-7.24957
203	-16.8671
204	-19.1537
205	-5.96992
206	-9.38601
207	-9.86417
208	-1.85814
209	-2.371
210	-8.17841
211	-16.1824
212	-4.388
213	-23.6803
214	-11.7709
215	-6.08383
216	-11.9338
217	-7.6729
218	-19.4659
219	-20.0807
220	-9.43327
221	-8.31285
222	-16.2889
223	-6.9836
224	-4.55869
225	-13.4784
226	-6.34342
227	-1.08697
228	-5.96039
229	-5.40067
230	-5.29931
231	-3.69952
232	-8.93749
233	-14.0163
234	-3.98781
235	-18.5378
236	-68.9659
237	-88.841
238	-14.2125
239	-34.2948
240	-15.0649
241	-35.3258
242	-20.5365
243	-5.84692
244	-6.82089
245	-5.8719
246	-9.5011
247	-6.24954
248	-3.97952
249	-6.6552
250	-15.2452
251	-9.31592
252	-8.53185
253	-9.09965
254	-11.325
255	-26.5926
256	-23.9881
257	-11.0661
258	-6.63044
259	-18.2783
260	-4.49186
261	-26.6676
262	-9.70877
263	-7.92591
264	-69.5203
265	-26.6814
266	-7.81431
267	-9.49666
268	-6.55482
269	-9.49956
270	-7.8838
271	-72.7539
272	-22.8585
273	-10.3689
274	-14.7854
275	-13.4428
276	-31.5339
277	-7.79171
278	-23.7792
279	-5.83087
280	-18.4279
281	-13.4906
282	-20.5458
283	-11.2644
284	-18.0993
285	-22.6974
286	-1.57216
