#SITE	SITE_LOG_LIKELIHOODS
1	-0.01429639807411417
2	-0.01429639807411417
3	-12.49664966199605
4	-21.83963389163092
5	-23.06305595553238
6	-21.46136991919384
7	-3.95204658298969
8	-3.857327287953137
9	-5.890711356988865
10	-4.949724858814657
11	-3.91688802020373
12	-4.865616955536153
13	-3.857327287953137
14	-5.963171000455775
15	-3.725392195047317
16	-18.02762931478111
17	-3.857327287953137
18	-3.977397542223271
19	-3.857327287953137
20	-11.91570642493741
21	-4.856888201535775
22	-3.861051570257077
23	-13.39887252909185
24	-4.112032412806366
25	-3.977397542223271
26	-3.918792417378666
27	-3.977397542223271
28	-4.791469343610478
29	-3.747794353094691
30	-5.141905259465792
31	-4.949724858814657
32	-5.32089895025769
33	-60.60205590451923
34	-4.112032412806366
35	-4.969168064894294
36	-4.112032412806366
37	-11.41104873798365
38	-11.5826931155568
39	-4.939950189658351
40	-3.776527957803284
41	-27.39240185393606
42	-4.856888201535775
43	-3.776527957803284
44	-3.93639267813933
45	-12.82425521157538
46	-4.969168064894294
47	-3.93639267813933
48	-4.734881613320994
49	-3.857327287953137
50	-3.725392195047317
51	-4.112032412806366
52	-3.776527957803284
53	-3.95204658298969
54	-16.19501036970163
55	-3.857327287953137
56	-4.091799635974879
57	-3.725392195047317
58	-12.07162665997831
59	-3.95204658298969
60	-3.725392195047317
61	-4.734881613320994
62	-4.969168064894294
63	-3.95204658298969
64	-5.691834391472178
65	-3.900431264888848
66	-3.93639267813933
67	-11.59324853610529
68	-4.112032412806366
69	-11.51355056902329
70	-5.691834391472178
71	-5.32089895025769
72	-4.856888201535775
73	-10.82414549633038
74	-3.749770655356585
75	-4.901097098863997
76	-3.776527957803284
77	-4.99906879485431
78	-3.652022021942813
79	-3.857327287953137
80	-10.67091528378549
81	-4.048783334432152
82	-3.652022021942813
83	-4.734881613320994
84	-3.725392195047317
85	-12.43671705560086
86	-3.682806142075785
87	-4.969168064894294
88	-3.918792417378666
89	-3.857327287953137
90	-3.747794353094691
91	-5.226127354209364
92	-4.125815051254027
93	-3.91688802020373
94	-3.861051570257077
95	-5.832587957617137
96	-12.60012302323687
97	-3.918792417378666
98	-3.918792417378666
99	-4.734881613320994
100	-3.857327287953137
101	-3.652022021942813
102	-11.17160315720463
103	-4.843713558870562
104	-4.939950189658351
105	-3.977397542223271
106	-3.57550976473743
107	-4.112032412806366
108	-4.969168064894294
109	-5.32089895025769
110	-41.33721736416744
111	-4.791469343610478
112	-3.725392195047317
113	-3.682806142075785
114	-10.4810794528256
115	-3.93639267813933
116	-4.16857298650915
117	-11.03207618030083
118	-10.76221730976261
119	-10.18199712462083
120	-3.749770655356585
121	-46.3876608927565
122	-3.725392195047317
123	-3.725392195047317
124	-3.725392195047317
125	-4.949724858814657
126	-4.091799635974879
127	-11.83803138869745
128	-4.112032412806366
129	-4.734881613320994
130	-4.058451052146055
131	-4.112032412806366
132	-3.725392195047317
133	-3.725392195047317
134	-5.087791304217535
135	-10.07990928414704
136	-21.75171286737909
137	-3.857327287953137
138	-3.725392195047317
139	-10.63505361149066
140	-13.15160240148768
141	-3.776527957803284
142	-3.776527957803284
143	-3.900431264888848
144	-14.07632445544292
145	-5.049593634663857
146	-4.885835428579646
147	-5.110201001541115
148	-3.725392195047317
149	-14.66378674946675
150	-4.885835428579646
151	-3.95204658298969
152	-13.10497711397289
153	-3.91688802020373
154	-16.88744368014899
155	-3.682806142075785
156	-10.72919198543155
157	-3.57550976473743
158	-4.091799635974879
159	-3.95204658298969
160	-4.791469343610478
161	-3.682806142075785
162	-3.95204658298969
163	-4.940882689159891
164	-4.969168064894294
165	-4.16857298650915
166	-4.969168064894294
167	-3.857327287953137
168	-5.087791304217535
169	-3.747794353094691
170	-3.801867083978498
171	-4.791469343610478
172	-3.900431264888848
173	-3.776527957803284
174	-3.682806142075785
175	-3.725392195047317
176	-3.95204658298969
177	-3.682806142075785
178	-4.091799635974879
179	-5.110201001541115
180	-4.091799635974879
181	-15.69166742350362
182	-3.725392195047317
183	-4.112032412806366
184	-3.93639267813933
185	-11.70757863167299
186	-3.801867083978498
187	-4.091799635974879
188	-3.857327287953137
189	-3.95204658298969
190	-4.125815051254027
191	-3.857327287953137
192	-3.857327287953137
193	-4.091799635974879
194	-4.112032412806366
195	-3.918792417378666
196	-4.985741709480545
197	-3.857327287953137
198	-4.112032412806366
199	-3.725392195047317
200	-4.985741709480545
201	-4.939950189658351
202	-5.141905259465792
203	-4.048783334432152
204	-13.5470397454697
205	-3.857327287953137
206	-3.857327287953137
207	-3.918792417378666
208	-4.940882689159891
209	-3.93639267813933
210	-3.652022021942813
211	-13.57598975820859
212	-4.734881613320994
213	-22.45086186262534
214	-3.57550976473743
215	-3.725392195047317
216	-5.049593634663857
217	-3.977397542223271
218	-4.885835428579646
219	-3.91688802020373
220	-10.70328174807178
221	-4.865616955536153
222	-3.652022021942813
223	-3.857327287953137
224	-3.977397542223271
225	-3.801867083978498
226	-3.776527957803284
227	-4.940882689159891
228	-5.691834391472178
229	-3.91688802020373
230	-3.725392195047317
231	-4.734881613320994
232	-10.61971102188618
233	-4.091799635974879
234	-5.049593634663857
235	-4.758913814825624
236	-17.84890967393374
237	-38.84330170716795
238	-10.95595341429527
239	-4.810316551067754
240	-12.68688650599471
241	-3.95204658298969
242	-11.8739193107516
243	-4.949724858814657
244	-3.57550976473743
245	-3.725392195047317
246	-3.857327287953137
247	-4.791469343610478
248	-3.776527957803284
249	-3.977397542223271
250	-14.25275369334915
251	-4.058451052146055
252	-5.32089895025769
253	-4.99906879485431
254	-3.747794353094691
255	-22.28009551413793
256	-20.45494490107706
257	-9.769196778514525
258	-3.652022021942813
259	-13.73585915996107
260	-5.832587957617137
261	-3.857327287953137
262	-4.048783334432152
263	-4.734881613320994
264	-34.12451483767072
265	-18.16952411407193
266	-3.801867083978498
267	-4.112032412806366
268	-3.93639267813933
269	-3.725392195047317
270	-3.747794353094691
271	-18.81711630073141
272	-12.76402400507299
273	-3.918792417378666
274	-14.18112880404128
275	-3.91688802020373
276	-3.725392195047317
277	-3.853138995178976
278	-16.09800822610782
279	-3.776527957803284
280	-10.39125017573874
281	-3.801867083978498
282	-10.6498375642769
283	-3.916888009620226
284	-10.32595816664119
285	-3.855781953694841
286	-4.937645137876044
