#SITE	SITE_LOG_LIKELIHOODS
1	-3.84285833429577
2	-12.84658196619745
3	-29.3253628187056
4	-42.04986290802366
5	-23.63905339364119
6	-61.82504667156414
7	-14.39589991501598
8	-9.656232589068583
9	-10.9353717942017
10	-8.624271755062601
11	-6.039734959090294
12	-9.446645081733527
13	-7.855979301489734
14	-14.71479350141196
15	-6.302219815662415
16	-27.99959917392311
17	-7.855979301489734
18	-11.56437543612242
19	-36.10033641723822
20	-19.13498605916953
21	-7.501559083973129
22	-10.36523608558814
23	-15.81188629621596
24	-10.13759588753489
25	-6.398224035674007
26	-14.5561397589064
27	-9.838858559699188
28	-15.35827077201306
29	-10.44933705264038
30	-9.077117833033217
31	-8.939674338664632
32	-5.585785594097875
33	-82.02037533437337
34	-9.828616422201838
35	-5.155198790870637
36	-14.58413315142343
37	-30.19619648672591
38	-24.52277601759035
39	-11.72778658663296
40	-18.18261660484614
41	-43.301013872331
42	-22.41772998455827
43	-6.105761388398444
44	-11.40973764023309
45	-14.51256515651652
46	-16.75319608407461
47	-7.105320482128925
48	-4.993090091005994
49	-7.368329203777881
50	-9.297797263611429
51	-5.652610457443909
52	-6.105761388398444
53	-9.134935224329883
54	-21.02516982485553
55	-6.0941889947107
56	-9.964021891593964
57	-9.603024219844816
58	-17.16743969854531
59	-5.439630756670661
60	-9.066528506761413
61	-7.637532964183084
62	-12.74119356831623
63	-6.364584171640979
64	-4.528692658803489
65	-7.394515484399992
66	-4.381496837648985
67	-59.80078001913452
68	-5.652610457443909
69	-14.69858565395546
70	-4.528692658803489
71	-5.585785594097875
72	-7.501559083973129
73	-14.5410306405738
74	-9.353730957218698
75	-7.084159455514588
76	-12.48806134950593
77	-6.904740312814122
78	-17.36530089909601
79	-6.809320641869978
80	-15.78491047855302
81	-7.966713153006823
82	-15.49420496915907
83	-5.727112281599526
84	-4.89064226652691
85	-15.48943022737998
86	-10.43764818654068
87	-15.43045779509023
88	-6.085835834043634
89	-7.368329203777881
90	-9.458922266975129
91	-7.406659264993669
92	-9.191497608187365
93	-7.423247537005606
94	-6.24177129978901
95	-6.468647508112657
96	-18.3397632418339
97	-14.11480554914748
98	-18.26634548653497
99	-5.727112281599526
100	-15.78883997598177
101	-7.684917696635699
102	-67.22325906150475
103	-6.160639062293459
104	-8.202603656879591
105	-6.398224035674007
106	-6.53728328722272
107	-10.89489224433235
108	-5.155198790870637
109	-6.148698325807504
110	-50.88334577543286
111	-5.680989671548645
112	-8.26422316880571
113	-5.670339238833269
114	-11.33356396659441
115	-4.381496837648985
116	-7.46317503255924
117	-15.07134150733369
118	-17.34101457627002
119	-10.36646837451019
120	-9.174407147616803
121	-51.98800665843167
122	-9.603024219844816
123	-6.254849995609064
124	-4.89064226652691
125	-14.92789531863943
126	-5.998203179195311
127	-14.69199742535525
128	-25.29359128174278
129	-4.993090091005994
130	-5.96158759389146
131	-9.598528893835951
132	-29.19256616581461
133	-4.89064226652691
134	-15.90674191846882
135	-19.47323146142752
136	-34.22918918218185
137	-4.609900370955046
138	-9.464186851374606
139	-14.87290222756827
140	-19.94471667890252
141	-7.087101543588783
142	-7.087101543588783
143	-14.01338994301285
144	-24.26724246011084
145	-9.282411737606747
146	-16.16562848109562
147	-6.73374260625929
148	-6.254849995609064
149	-15.10532992384208
150	-8.342313774819784
151	-8.195477919483878
152	-18.61262641110647
153	-8.200324666987481
154	-32.6766897677314
155	-5.670339238833269
156	-16.61641782783644
157	-15.37526066085141
158	-39.584364761598
159	-5.439630756670661
160	-5.680989671548645
161	-17.31602658017176
162	-111.0195849396187
163	-22.85443517584888
164	-13.83695531639317
165	-9.672617858762324
166	-13.18189472250623
167	-4.609900370955046
168	-15.66225562515729
169	-10.03076060274674
170	-6.231404098778555
171	-9.836935646326026
172	-7.394515484399992
173	-16.54374942093693
174	-6.123418591819549
175	-9.051821331134395
176	-16.63928426975038
177	-17.06885403058183
178	-5.998203179195311
179	-7.277471244708051
180	-51.00765669581164
181	-20.01032141333105
182	-27.94101503673297
183	-17.61402700581712
184	-12.88354929486955
185	-20.5934263951854
186	-28.97352701121544
187	-6.60030568534682
188	-6.724066404934815
189	-5.439630756670661
190	-15.49072876632004
191	-6.979681819498527
192	-6.809320641869978
193	-6.750336973325564
194	-29.73690250962832
195	-8.354323947008321
196	-11.84972258981805
197	-6.0941889947107
198	-9.598528893835951
199	-10.51985831582897
200	-11.25450096870886
201	-7.802431808938734
202	-9.510198197706487
203	-17.33087893143839
204	-22.98175710113398
205	-6.809320641869978
206	-9.147512082607472
207	-10.06799495689573
208	-4.754283793093617
209	-4.381496837648985
210	-10.32098825573821
211	-18.79937259634727
212	-4.993090091005994
213	-31.74963765771924
214	-13.5576509217622
215	-6.296191353698677
216	-12.25331301171973
217	-6.398224035674007
218	-20.08430156095661
219	-21.03613823878041
220	-10.64343559209073
221	-7.789252136445214
222	-16.68445010787188
223	-6.0941889947107
224	-5.643173815297379
225	-11.39539970346393
226	-5.613811361062747
227	-4.754283793093617
228	-4.528692658803489
229	-6.039734959090294
230	-6.254849995609064
231	-4.993090091005994
232	-18.14029983155161
233	-17.51169729913277
234	-6.583192416635772
235	-20.08789125772809
236	-61.31044305173231
237	-84.29012913838805
238	-14.71700822570572
239	-30.93862970695197
240	-19.82926281448373
241	-36.2287536159724
242	-14.7497940768276
243	-6.012667863615162
244	-8.630420269596698
245	-6.284985462133927
246	-8.888802027516197
247	-6.080787839737307
248	-7.139993000505504
249	-6.398224035674007
250	-16.75752489148975
251	-9.195165782075566
252	-6.148698325807504
253	-10.47435079097362
254	-11.13540371091322
255	-26.39992495063625
256	-23.94706162253921
257	-12.19300080362952
258	-7.684917696635699
259	-18.9244140068545
260	-6.962457851300766
261	-26.34229331626828
262	-11.40973618645741
263	-9.44485250026294
264	-62.46453952931381
265	-29.17194957508425
266	-6.869658075975551
267	-9.598528893835951
268	-4.381496837648985
269	-8.699490356280597
270	-5.523138490700017
271	-66.06155915776958
272	-26.92712455729021
273	-10.63472776621467
274	-16.15298105995373
275	-14.83152455584313
276	-28.58185175481184
277	-9.34009209005035
278	-25.0453083630225
279	-6.10353282537866
280	-16.34919041889971
281	-16.83497690317692
282	-19.49343216135885
283	-9.89533120507298
284	-17.83151750337992
285	-26.8856763998037
286	-4.752514939066733
