#SITE	SITE_LOG_LIKELIHOOD
1	-4.36594
2	-4.29054
3	-3.91765
4	-4.86945
5	-4.37353
6	-4.85405
7	-3.89784
8	-3.94362
9	-4.36148
10	-4.34751
11	-3.83787
12	-3.88246
13	-4.30333
14	-4.14705
15	-4.81369
16	-3.836
17	-4.32425
18	-4.27243
19	-4.89384
20	-5.28642
21	-3.93375
22	-3.88095
23	-3.80452
24	-4.39749
25	-17.5341
26	-12.3735
27	-15.8662
28	-3.87308
29	-4.39553
30	-4.35355
31	-4.07666
32	-4.35881
33	-5.2829
34	-5.31481
35	-10.6812
36	-4.88368
37	-4.37979
38	-11.194
39	-4.27101
40	-3.78705
41	-4.86544
42	-4.11822
43	-5.05543
44	-4.94699
45	-4.23326
46	-4.87323
47	-54.459
48	-3.95794
49	-3.84016
50	-4.32376
51	-3.87892
52	-3.79761
53	-10.7934
54	-4.40759
55	-4.82689
56	-4.32695
57	-3.86372
58	-12.7978
59	-25.7516
60	-24.3272
61	-11.7277
62	-4.32452
63	-4.87637
64	-4.69512
65	-4.40619
66	-3.78276
67	-4.29273
68	-11.661
69	-4.4211
70	-4.83958
71	-4.72419
72	-17.5623
73	-4.77859
74	-5.46078
75	-10.4664
76	-10.3702
77	-3.84377
78	-4.01488
79	-10.7702
80	-4.36065
81	-5.38615
82	-49.8033
83	-4.42704
84	-4.37642
85	-3.84902
86	-4.00332
87	-4.26563
88	-16.5176
89	-4.93416
90	-10.5495
91	-4.90539
92	-3.90137
93	-4.43514
94	-4.3838
95	-4.02389
96	-4.38297
97	-4.89338
98	-4.38488
99	-3.9041
100	-4.76268
101	-4.83547
102	-5.38308
103	-22.3024
104	-4.95079
105	-4.3055
106	-4.39665
107	-4.71569
108	-4.40191
109	-6.66134e-16
110	-4.36563
111	-4.36026
112	-10.1571
113	-4.40483
114	-4.88841
115	-4.28391
116	-4.39756
117	-4.3628
118	-9.81464
119	-3.80035
120	-4.74303
121	-4.69221
122	-11.1802
123	-4.07958
124	-3.70051
125	-25.1712
126	-12.2804
127	-3.87585
128	-10.0964
129	-10.5011
130	-4.19719
131	-4.26119
132	-4.08872
133	-5.10537
134	-5.14994
135	-4.29203
136	-9.67816
137	-5.07138
138	-17.9679
139	-4.0498
140	-9.90017
141	-4.86039
142	-4.56128
143	-4.27452
144	-16.8462
145	-4.41596
146	-4.1023
147	-3.89876
148	-4.86641
149	-30.0695
150	-18.7879
151	-4.36087
152	-10.6628
153	-4.33177
154	-4.82691
155	-4.34584
156	-19.7335
157	-11.7094
158	-4.07592
159	-45.2381
160	-3.94331
161	-10.481
162	-4.31205
163	-3.89738
164	-4.88424
165	-5.30581
166	-4.31239
167	-5.2534
168	-4.39426
169	-3.9878
170	-43.5886
171	-4.89742
172	-3.90166
173	-3.89011
174	-3.92946
175	-19.3134
176	-12.5547
177	-4.87198
178	-3.80296
179	-4.47453
180	-5.36998
181	-4.11825
182	-5.36954
183	-10.1369
184	-4.68257
185	-24.3792
186	-4.39535
187	-3.80994
188	-4.65217
189	-4.3928
190	-5.39637
191	-4.35574
192	-4.36862
193	-4.80899
194	-4.43496
195	-4.85268
196	-19.6063
197	-3.8885
198	-9.8686
199	-3.90908
200	-4.41508
201	-4.85699
202	-4.87234
203	-3.8636
204	-4.28041
205	-4.57905
206	-4.34809
207	-4.35169
208	-4.63297
209	-11.8101
210	-12.7654
211	-3.87564
212	-1.11022e-15
213	-4.3694
214	-4.43039
215	-10.0869
216	-4.38938
217	-10.6393
218	-3.89952
219	-4.22816
220	-4.43758
221	-3.91168
222	-3.89606
223	-4.33763
224	-4.4817
225	-11.2591
226	-3.85553
227	-4.86421
228	-4.18688
229	-22.2472
230	-3.68513
231	-3.8211
232	-11.9343
233	-11.2885
234	-4.56821
235	-4.30393
236	-12.37
237	-4.3965
238	-4.39942
239	-4.4139
240	-11.8818
241	-4.79193
242	-4.3733
243	-3.83827
244	-9.8052
245	-4.34141
246	-4.76573
247	-5.55559
248	-48.5432
249	-4.37696
250	-4.39415
251	-4.87402
252	-10.6082
253	-10.164
254	-4.89808
255	-3.87206
256	-4.10772
257	-4.32858
258	-4.31133
259	-5.03713
260	-3.89849
261	-4.31834
262	-4.40772
263	-4.31414
264	-4.46291
265	-4.87195
266	-3.87676
267	-4.36524
268	-4.85234
269	-10.21
270	-4.85223
271	-10.6209
272	-5.43797
273	-4.40822
274	-5.00172
275	-5.50571
276	-4.36559
277	-5.33405
278	-4.03189
279	-4.6582
280	-11.7182
281	-3.92935
282	-4.50402
283	-11.1951
284	-4.33469
285	-4.85392
286	-4.29109
