#SITE	SITE_LOG_LIKELIHOOD
1	-1.55431e-15
2	-8.88178e-16
3	-11.6369
4	-23.8539
5	-22.0849
6	-18.8349
7	-3.53284
8	-4.3792
9	-5.00684
10	-5.35735
11	-4.26207
12	-4.33466
13	-3.77906
14	-5.15118
15	-3.70342
16	-21.2912
17	-4.28166
18	-4.91771
19	-4.65292
20	-13.1203
21	-4.3966
22	-3.89115
23	-10.7736
24	-4.36795
25	-3.47731
26	-4.5692
27	-4.15821
28	-4.43316
29	-4.25285
30	-5.01588
31	-4.3545
32	-5.48974
33	-52.5391
34	-3.46646
35	-2.91069
36	-4.54984
37	-10.2844
38	-10.0547
39	-4.20077
40	-2.78501
41	-29.4015
42	-3.72111
43	-2.03541
44	-3.48317
45	-10.3659
46	-4.48515
47	-4.09274
48	-3.63534
49	-3.53687
50	-3.94244
51	-3.84065
52	-2.55319
53	-3.66142
54	-17.408
55	-3.62173
56	-4.06199
57	-3.39391
58	-9.9027
59	-2.26216
60	-3.57697
61	-4.88882
62	-4.30104
63	-3.01926
64	-2.31981
65	-1.91077
66	-3.81655
67	-10.3188
68	-1.6545
69	-10.3413
70	-4.35677
71	-2.51904
72	-3.89763
73	-9.88323
74	-2.59409
75	-3.13834
76	-2.71389
77	-4.07179
78	-2.6268
79	-2.15034
80	-10.4409
81	-3.13644
82	-3.54134
83	-3.04561
84	-3.73945
85	-9.88766
86	-4.36614
87	-3.84055
88	-4.30713
89	-3.24058
90	-4.13169
91	-3.28025
92	-4.76139
93	-3.43318
94	-4.48944
95	-3.57019
96	-11.3256
97	-4.5781
98	-3.91148
99	-4.48427
100	-2.98722
101	-4.00205
102	-9.93341
103	-3.52125
104	-2.69793
105	-2.52835
106	-3.88684
107	-3.24151
108	-4.87614
109	-5.75814
110	-47.8588
111	-4.63045
112	-3.95669
113	-4.25737
114	-8.09411
115	-3.38448
116	-3.51048
117	-8.7938
118	-9.76287
119	-9.20843
120	-2.41333
121	-45.2469
122	-3.91204
123	-2.38823
124	-2.6749
125	-4.06691
126	-3.9309
127	-11.249
128	-1.79509
129	-1.19445
130	-2.12949
131	-3.48065
132	-1.95663
133	-2.66271
134	-2.84191
135	-8.40927
136	-21.7599
137	-2.93264
138	-3.64393
139	-9.65322
140	-11.3924
141	-2.56413
142	-2.0539
143	-2.47993
144	-11.6956
145	-4.21837
146	-3.45722
147	-4.50972
148	-3.92045
149	-11.2238
150	-4.03501
151	-3.59144
152	-11.8975
153	-4.71678
154	-16.2933
155	-0.924579
156	-11.1145
157	-4.37277
158	-2.64324
159	-2.87092
160	-4.23268
161	-2.6934
162	-2.89106
163	-4.11609
164	-1.61937
165	-3.84787
166	-5.08262
167	-3.27947
168	-4.27881
169	-4.43514
170	-3.55126
171	-5.00621
172	-3.81087
173	-3.74555
174	-2.47057
175	-3.79619
176	-3.10296
177	-0.851566
178	-2.615
179	-2.81626
180	-4.19633
181	-14.2681
182	-3.88586
183	-4.1295
184	-3.20528
185	-10.9253
186	-3.82102
187	-3.5661
188	-3.19883
189	-3.63971
190	-5.05374
191	-2.85581
192	-3.29517
193	-4.57919
194	-4.08866
195	-4.02095
196	-4.38361
197	-2.73903
198	-4.09004
199	-4.05058
200	-4.46867
201	-3.42997
202	-4.14389
203	-3.50473
204	-12.1256
205	-2.29767
206	-3.99045
207	-4.24689
208	-1.42235
209	-2.17405
210	-3.99116
211	-11.5798
212	-3.20678
213	-18.1724
214	-3.39253
215	-2.52376
216	-3.8805
217	-3.62695
218	-2.82809
219	-3.16063
220	-7.96724
221	-4.34517
222	-4.35117
223	-3.472
224	-2.48595
225	-3.99477
226	-3.37788
227	-0.801152
228	-4.5125
229	-2.96607
230	-2.49491
231	-2.76344
232	-7.16196
233	-3.04515
234	-2.85112
235	-3.13785
236	-16.5377
237	-44.2186
238	-9.4781
239	-2.24894
240	-9.86341
241	-2.05494
242	-17.1074
243	-3.84325
244	-2.7957
245	-2.45384
246	-3.49984
247	-3.36852
248	-1.43629
249	-3.08579
250	-12.562
251	-4.62724
252	-5.63353
253	-4.03345
254	-4.37443
255	-23.4965
256	-21.8588
257	-8.06063
258	-3.07065
259	-10.8573
260	-3.42124
261	-3.87335
262	-3.78384
263	-4.45021
264	-46.1048
265	-16.4685
266	-3.70123
267	-4.32212
268	-4.36614
269	-3.70708
270	-4.24779
271	-18.5085
272	-9.31722
273	-4.59261
274	-11.4967
275	-3.21114
276	-3.51311
277	-3.82442
278	-15.789
279	-2.70878
280	-9.84866
281	-3.48067
282	-13.1212
283	-4.12252
284	-10.1597
285	-4.04001
286	-1.29647
