#SITE	SITE_LOG_LIKELIHOODS
1	-0.01429639807411406
2	-0.01429639807411406
3	-12.07767032963237
4	-23.21689526313225
5	-25.31008681943102
6	-21.07271331405391
7	-4.004608301159609
8	-3.964848931065753
9	-5.866535711406629
10	-5.010143347046804
11	-3.96471605684275
12	-4.868982391000605
13	-3.964848931065753
14	-5.953968586168754
15	-3.829019681699901
16	-17.2998881162037
17	-3.964848931065753
18	-4.02975341711563
19	-3.964848931065753
20	-11.27828876457544
21	-5.034063778747035
22	-3.888913769225399
23	-12.71994745641143
24	-4.138027175322014
25	-4.02975341711563
26	-3.928922191114593
27	-4.02975341711563
28	-4.914952239280176
29	-3.783387754402325
30	-5.169366272770624
31	-5.010143347046804
32	-5.333971848972327
33	-71.54474243947988
34	-4.138027175322014
35	-5.03741612785421
36	-4.138027175322014
37	-10.93521015802935
38	-10.84617515023465
39	-4.936026096227676
40	-3.867127124132175
41	-27.33575609292965
42	-5.034063778747035
43	-3.867127124132175
44	-3.951689693149895
45	-12.34087180816975
46	-5.03741612785421
47	-3.951689693149895
48	-4.827317572150369
49	-3.964848931065753
50	-3.829019681699901
51	-4.138027175322014
52	-3.867127124132175
53	-4.004608301159609
54	-16.88748377279798
55	-3.964848931065753
56	-4.148123472617129
57	-3.829019681699901
58	-11.79525141469083
59	-4.004608301159609
60	-3.829019681699901
61	-4.827317572150369
62	-5.03741612785421
63	-4.004608301159609
64	-5.675178311203114
65	-3.963002642716424
66	-3.951689693149895
67	-11.21770857526996
68	-4.138027175322014
69	-10.92567558918865
70	-5.675178311203114
71	-5.333971848972327
72	-5.034063778747035
73	-10.16994897224671
74	-3.8290050358642
75	-4.895514601821953
76	-3.867127124132175
77	-5.126637148365262
78	-3.764598213700804
79	-3.964848931065753
80	-9.931573839110255
81	-4.110996594972871
82	-3.764598213700804
83	-4.827317572150369
84	-3.829019681699901
85	-11.64966157474751
86	-3.73495000575628
87	-5.03741612785421
88	-3.928922191114593
89	-3.964848931065753
90	-3.783387754402325
91	-5.286347242609269
92	-4.142781552984971
93	-3.96471605684275
94	-3.888913769225399
95	-5.808024588577365
96	-11.94923804184724
97	-3.928922191114593
98	-3.928922191114593
99	-4.827317572150369
100	-3.964848931065753
101	-3.764598213700804
102	-10.66142333074574
103	-4.837966878273261
104	-4.936026096227676
105	-4.02975341711563
106	-3.702793240845265
107	-4.138027175322014
108	-5.03741612785421
109	-5.333971848972327
110	-49.58583178021171
111	-4.914952239280176
112	-3.829019681699901
113	-3.73495000575628
114	-9.771338344039036
115	-3.951689693149895
116	-4.21547481812348
117	-10.36992003075961
118	-10.14016057788136
119	-9.439096765777791
120	-3.8290050358642
121	-55.0226999883632
122	-3.829019681699901
123	-3.829019681699901
124	-3.829019681699901
125	-5.010143347046804
126	-4.148123472617129
127	-11.44425967599031
128	-4.138027175322014
129	-4.827317572150369
130	-4.087229179819768
131	-4.138027175322014
132	-3.829019681699901
133	-3.829019681699901
134	-5.116082857625843
135	-9.270008550487804
136	-23.49149266826024
137	-3.964848931065753
138	-3.829019681699901
139	-10.05454016031913
140	-12.43656800515326
141	-3.867127124132175
142	-3.867127124132175
143	-3.963002642716424
144	-13.28328572933331
145	-5.157259945477214
146	-4.958741086508228
147	-5.167022925942702
148	-3.829019681699901
149	-14.32814233582944
150	-4.958741086508228
151	-4.004608301159609
152	-12.58319932115524
153	-3.96471605684275
154	-16.84742971786964
155	-3.73495000575628
156	-10.33440591904761
157	-3.702793240845265
158	-4.148123472617129
159	-4.004608301159609
160	-4.914952239280176
161	-3.73495000575628
162	-4.004608301159609
163	-4.923844691735237
164	-5.03741612785421
165	-4.21547481812348
166	-5.03741612785421
167	-3.964848931065753
168	-5.116082857625843
169	-3.783387754402325
170	-3.892552923424403
171	-4.914952239280176
172	-3.963002642716424
173	-3.867127124132175
174	-3.73495000575628
175	-3.829019681699901
176	-4.004608301159609
177	-3.73495000575628
178	-4.148123472617129
179	-5.167022925942702
180	-4.148123472617129
181	-16.34334406894446
182	-3.829019681699901
183	-4.138027175322014
184	-3.951689693149895
185	-11.06949670472063
186	-3.892552923424403
187	-4.148123472617129
188	-3.964848931065753
189	-4.004608301159609
190	-4.142781552984971
191	-3.964848931065753
192	-3.964848931065753
193	-4.148123472617129
194	-4.138027175322014
195	-3.928922191114593
196	-5.056911648721777
197	-3.964848931065753
198	-4.138027175322014
199	-3.829019681699901
200	-5.056911648721777
201	-4.936026096227676
202	-5.169366272770624
203	-4.110996594972871
204	-13.02454256545658
205	-3.964848931065753
206	-3.964848931065753
207	-3.928922191114593
208	-4.923844691735237
209	-3.951689693149895
210	-3.764598213700804
211	-13.06671445548043
212	-4.827317572150369
213	-24.0242086034641
214	-3.702793240845265
215	-3.829019681699901
216	-5.157259945477214
217	-4.02975341711563
218	-4.958741086508228
219	-3.96471605684275
220	-10.1226885760436
221	-4.868982391000605
222	-3.764598213700804
223	-3.964848931065753
224	-4.02975341711563
225	-3.892552923424403
226	-3.867127124132175
227	-4.923844691735237
228	-5.675178311203114
229	-3.96471605684275
230	-3.829019681699901
231	-4.827317572150369
232	-10.17092713328087
233	-4.148123472617129
234	-5.157259945477214
235	-4.906739174189124
236	-17.10049052380073
237	-44.34600823451588
238	-10.36052948130243
239	-4.937878587025208
240	-12.0250887902912
241	-4.004608301159609
242	-11.15042329774416
243	-5.010143347046804
244	-3.702793240845265
245	-3.829019681699901
246	-3.964848931065753
247	-4.914952239280176
248	-3.867127124132175
249	-4.02975341711563
250	-13.59814537512859
251	-4.087229179819768
252	-5.333971848972327
253	-5.126637148365262
254	-3.783387754402325
255	-24.34701615921228
256	-22.47215083168111
257	-8.989918319068325
258	-3.764598213700804
259	-12.97516155780098
260	-5.808024588577365
261	-3.964848931065753
262	-4.110996594972871
263	-4.827317572150369
264	-39.37992865544224
265	-18.34218117645208
266	-3.892552923424403
267	-4.138027175322014
268	-3.951689693149895
269	-3.829019681699901
270	-3.783387754402325
271	-19.14179495460946
272	-12.16626072714231
273	-3.928922191114593
274	-13.5758812314512
275	-3.96471605684275
276	-3.829019681699901
277	-3.931614844092673
278	-16.36624767175169
279	-3.867127124132175
280	-9.693321414394113
281	-3.892552923424403
282	-9.924069849586362
283	-3.964716055663318
284	-9.882227651914144
285	-3.880149261135004
286	-4.91963836557225
