#SITE	SITE_LOG_LIKELIHOOD
1	-1.77636e-15
2	-9.99201e-16
3	-11.7526
4	-23.7407
5	-22.639
6	-18.9465
7	-3.5363
8	-4.40924
9	-5.02469
10	-5.40917
11	-4.25943
12	-4.39283
13	-3.7703
14	-5.17846
15	-3.69772
16	-21.2081
17	-4.27144
18	-4.8013
19	-4.66182
20	-13.3091
21	-4.39546
22	-3.87064
23	-10.9063
24	-4.39605
25	-3.47989
26	-4.55978
27	-4.11337
28	-4.43914
29	-4.2927
30	-5.01378
31	-4.36535
32	-5.5281
33	-52.517
34	-3.43681
35	-2.86598
36	-4.57676
37	-10.2533
38	-10.3684
39	-4.18915
40	-2.77253
41	-29.6175
42	-3.73785
43	-2.02416
44	-3.45834
45	-10.4146
46	-4.46729
47	-4.0986
48	-3.60288
49	-3.52663
50	-3.96688
51	-3.81648
52	-2.51781
53	-3.67141
54	-17.2159
55	-3.63645
56	-4.08809
57	-3.39194
58	-10.0458
59	-2.24466
60	-3.5842
61	-4.94327
62	-4.27023
63	-2.9873
64	-2.31281
65	-1.88878
66	-3.81548
67	-10.6042
68	-1.65895
69	-11.5156
70	-4.29618
71	-2.53647
72	-3.89291
73	-9.86919
74	-2.58163
75	-3.12621
76	-2.7247
77	-4.0932
78	-2.58987
79	-2.16147
80	-10.371
81	-3.12275
82	-3.51143
83	-3.01237
84	-3.76567
85	-9.91462
86	-4.40087
87	-3.81882
88	-4.33768
89	-3.22214
90	-4.15458
91	-3.28741
92	-4.77748
93	-3.4165
94	-4.52926
95	-3.55829
96	-11.2177
97	-4.59696
98	-3.90148
99	-4.47544
100	-2.96373
101	-4.00581
102	-10.1411
103	-3.46444
104	-2.69592
105	-2.48542
106	-3.88657
107	-3.2137
108	-4.92753
109	-5.82538
110	-47.196
111	-4.63465
112	-3.99442
113	-4.29085
114	-7.96439
115	-3.31167
116	-3.47199
117	-8.71209
118	-9.68526
119	-9.10914
120	-2.37778
121	-46.5596
122	-3.93948
123	-2.36018
124	-2.67274
125	-4.0843
126	-3.94956
127	-11.186
128	-1.79172
129	-1.21131
130	-2.07668
131	-3.47865
132	-1.95369
133	-2.67598
134	-2.78823
135	-8.31807
136	-21.4753
137	-2.94328
138	-3.65465
139	-9.62547
140	-11.5866
141	-2.52284
142	-2.02113
143	-2.44919
144	-11.7508
145	-4.25525
146	-3.49003
147	-4.51354
148	-3.93925
149	-11.5442
150	-4.03882
151	-3.60099
152	-11.8734
153	-4.75823
154	-16.3702
155	-0.904213
156	-11.0626
157	-4.41619
158	-2.63567
159	-2.86049
160	-4.23881
161	-2.64154
162	-2.87787
163	-4.12889
164	-1.62951
165	-3.81565
166	-5.14786
167	-3.27991
168	-4.23178
169	-4.48173
170	-3.55246
171	-5.03623
172	-3.84785
173	-3.78187
174	-2.40676
175	-3.82813
176	-3.0836
177	-0.830903
178	-2.60527
179	-2.83145
180	-4.23134
181	-14.0483
182	-3.90117
183	-4.10866
184	-3.17183
185	-11.9719
186	-3.84307
187	-3.56719
188	-3.22556
189	-3.66835
190	-5.09264
191	-2.86902
192	-3.28979
193	-4.59453
194	-4.08663
195	-4.03841
196	-4.42409
197	-2.72397
198	-4.10026
199	-4.05777
200	-4.5171
201	-3.40892
202	-4.13714
203	-3.50649
204	-12.0654
205	-2.28338
206	-4.02338
207	-4.27079
208	-1.40393
209	-2.15223
210	-3.9888
211	-11.5895
212	-3.15679
213	-18.353
214	-3.35574
215	-2.498
216	-3.875
217	-3.63439
218	-2.83615
219	-3.13648
220	-7.85203
221	-4.35868
222	-4.38029
223	-3.48035
224	-2.44914
225	-4.01955
226	-3.39125
227	-0.79165
228	-4.46202
229	-2.94664
230	-2.48977
231	-2.71615
232	-7.61537
233	-3.04081
234	-2.88006
235	-3.13737
236	-17.1652
237	-43.6832
238	-9.41235
239	-2.25478
240	-9.79367
241	-2.03407
242	-16.9009
243	-3.84921
244	-2.78391
245	-2.43478
246	-3.51836
247	-3.38824
248	-1.43593
249	-3.05921
250	-12.4914
251	-4.62542
252	-5.69957
253	-4.0381
254	-4.4183
255	-23.158
256	-21.5534
257	-7.92332
258	-3.0317
259	-10.7164
260	-3.42446
261	-3.87106
262	-3.79385
263	-4.41974
264	-45.4534
265	-16.4571
266	-3.73191
267	-4.35339
268	-4.34109
269	-3.72839
270	-4.2633
271	-18.2704
272	-9.35637
273	-4.61409
274	-11.3924
275	-3.23518
276	-3.51716
277	-3.83882
278	-16.8743
279	-2.71825
280	-9.77364
281	-3.49745
282	-14.9039
283	-4.13547
284	-10.0574
285	-4.05477
286	-1.28172
