#SITE	SITE_LOG_LIKELIHOOD
1	-14.0468
2	-10.7548
3	-99.4584
4	-15.3405
5	-6.4133
6	-10.6076
7	-7.74632
8	-8.53485
9	-8.90681
10	-12.8557
11	-22.4943
12	-8.16524
13	-8.79354
14	-23.8311
15	-12.4048
16	-6.87744
17	-14.0282
18	-39.9856
19	-15.8992
20	-12.6902
21	-17.1451
22	-29.4379
23	-17.7239
24	-9.98551
25	-31.7159
26	-18.0821
27	-23.7582
28	-6.13474
29	-22.9124
30	-8.9488
31	-13.7503
32	-10.2447
33	-6.60477
34	-6.99056
35	-15.5697
36	-7.32443
37	-19.3774
38	-14.4542
39	-6.73957
40	-4.66782
41	-8.517
42	-13.1692
43	-18.1869
44	-21.4089
45	-39.955
46	-8.48994
47	-85.1658
48	-19.0594
49	-10.3248
50	-16.5579
51	-11.4749
52	-11.4501
53	-24.8791
54	-9.82053
55	-8.04505
56	-11.4698
57	-10.2775
58	-21.1139
59	-26.5457
60	-26.6678
61	-26.8518
62	-6.17131
63	-8.90635
64	-6.86724
65	-52.5018
66	-13.3442
67	-12.6905
68	-18.708
69	-22.0631
70	-8.25386
71	-5.57995
72	-74.3861
73	-10.7606
74	-11.6899
75	-17.1823
76	-17.1874
77	-10.4288
78	-11.4366
79	-18.2006
80	-8.22575
81	-8.92096
82	-51.3098
83	-9.32347
84	-16.4231
85	-7.41119
86	-9.97751
87	-12.8754
88	-22.536
89	-8.26588
90	-33.8009
91	-12.3601
92	-11.2493
93	-11.1897
94	-6.68233
95	-2.91358
96	-6.58225
97	-8.12727
98	-8.09236
99	-6.76582
100	-10.2961
101	-9.697
102	-7.21634
103	-27.1866
104	-11.5687
105	-7.07408
106	-13.6117
107	-5.97133
108	-8.70271
109	-4.75113
110	-7.06587
111	-28.0434
112	-12.5955
113	-8.778
114	-24.9075
115	-8.14728
116	-10.8759
117	-10.901
118	-13.5112
119	-5.18978
120	-13.2741
121	-5.01874
122	-24.3672
123	-17.1819
124	-11.0876
125	-62.355
126	-17.0427
127	-14.1808
128	-18.5708
129	-69.8034
130	-13.7696
131	-6.38008
132	-12.2395
133	-14.8683
134	-10.4603
135	-11.8333
136	-17.9793
137	-11.9423
138	-22.6426
139	-10.8605
140	-21.5259
141	-6.91375
142	-12.1318
143	-6.59455
144	-26.8403
145	-10.1233
146	-13.5234
147	-8.56255
148	-12.4672
149	-46.1252
150	-31.0689
151	-7.98092
152	-14.63
153	-27.4201
154	-14.0824
155	-10.481
156	-58.7098
157	-14.5123
158	-12.0524
159	-92.4691
160	-9.481
161	-20.133
162	-14.1363
163	-7.74517
164	-8.95874
165	-15.4026
166	-14.8937
167	-6.95028
168	-6.90188
169	-9.97603
170	-45.4523
171	-22.7407
172	-34.2169
173	-6.49624
174	-11.7728
175	-24.0241
176	-18.7117
177	-13.41
178	-6.54807
179	-13.1743
180	-15.6192
181	-13.9688
182	-7.15243
183	-17.9143
184	-5.67041
185	-36.1937
186	-8.19185
187	-7.37921
188	-16.2048
189	-14.8507
190	-10.5415
191	-7.19466
192	-9.66436
193	-10.7611
194	-15.663
195	-7.35885
196	-74.1839
197	-18.696
198	-14.4319
199	-33.9782
200	-9.11156
201	-7.46179
202	-8.50201
203	-7.6433
204	-9.98942
205	-20.5509
206	-7.55314
207	-6.53692
208	-11.847
209	-16.0027
210	-15.2326
211	-7.86589
212	-15.6526
213	-8.89826
214	-10.9645
215	-15.932
216	-7.99
217	-17.8412
218	-10.1733
219	-6.78067
220	-8.42712
221	-8.13972
222	-9.49883
223	-19.8294
224	-10.4635
225	-17.514
226	-14.2433
227	-24.1842
228	-13.5595
229	-35.897
230	-5.43757
231	-33.0492
232	-33.2332
233	-20.2671
234	-15.9696
235	-14.0148
236	-18.5494
237	-10.1996
238	-16.8684
239	-8.61504
240	-15.712
241	-8.66609
242	-27.303
243	-11.2686
244	-12.7706
245	-11.7876
246	-5.63308
247	-14.1215
248	-74.2751
249	-19.5684
250	-8.36227
251	-6.28549
252	-14.2784
253	-12.8581
254	-8.5455
255	-14.4651
256	-5.88029
257	-7.03927
258	-7.47942
259	-12.4501
260	-10.2723
261	-8.17133
262	-9.34152
263	-36.6624
264	-10.2155
265	-19.2012
266	-8.13711
267	-11.7598
268	-7.60011
269	-72.6146
270	-7.91741
271	-21.1342
272	-9.8906
273	-10.4306
274	-9.50385
275	-12.8742
276	-6.91769
277	-8.3919
278	-18.0315
279	-13.8833
280	-17.5762
281	-9.28785
282	-14.7292
283	-20.5825
284	-7.00304
285	-6.28694
286	-8.72387
