#SITE	SITE_LOG_LIKELIHOOD
1	-4.35628
2	-4.29698
3	-3.91794
4	-4.85202
5	-4.37678
6	-4.85776
7	-3.90062
8	-3.93695
9	-4.36798
10	-4.35673
11	-3.85768
12	-3.88897
13	-4.3255
14	-4.17999
15	-4.82585
16	-3.85984
17	-4.34123
18	-4.30755
19	-4.88473
20	-5.30067
21	-3.93042
22	-3.89096
23	-3.83522
24	-4.39522
25	-17.6803
26	-12.5125
27	-15.9032
28	-3.88287
29	-4.39393
30	-4.3614
31	-4.05392
32	-4.36422
33	-5.27495
34	-5.31823
35	-10.6642
36	-4.87632
37	-4.37981
38	-11.1934
39	-4.26345
40	-3.82217
41	-4.86392
42	-4.08318
43	-5.02353
44	-4.92863
45	-4.28199
46	-4.86813
47	-66.4024
48	-3.95184
49	-3.85975
50	-4.31905
51	-3.88972
52	-3.82974
53	-10.6955
54	-4.40539
55	-4.83587
56	-4.3355
57	-3.8768
58	-12.6401
59	-26.2569
60	-24.7022
61	-11.7447
62	-4.33944
63	-4.87095
64	-4.74845
65	-4.40608
66	-3.8186
67	-4.3159
68	-11.5197
69	-4.40282
70	-4.84668
71	-4.76755
72	-17.4869
73	-4.79849
74	-5.42882
75	-10.354
76	-10.3592
77	-3.86346
78	-3.99859
79	-10.9448
80	-4.36633
81	-5.37238
82	-50.0204
83	-4.42291
84	-4.37649
85	-3.8681
86	-3.98931
87	-4.30417
88	-16.2362
89	-4.91865
90	-10.5663
91	-4.88753
92	-3.90446
93	-4.42875
94	-4.38327
95	-4.09446
96	-4.38238
97	-4.88372
98	-4.38525
99	-3.90656
100	-4.79044
101	-4.84265
102	-5.36857
103	-21.8477
104	-4.91854
105	-4.2916
106	-4.39191
107	-4.74026
108	-4.3977
109	-7.77156e-16
110	-4.37287
111	-4.36686
112	-10.1692
113	-4.40031
114	-4.86996
115	-4.29487
116	-4.39447
117	-4.37443
118	-9.81962
119	-3.83302
120	-4.77714
121	-4.75086
122	-11.1933
123	-4.05419
124	-3.75562
125	-25.0645
126	-12.6639
127	-3.88842
128	-10.0666
129	-10.4764
130	-4.25379
131	-4.30025
132	-4.06052
133	-5.06903
134	-5.20835
135	-4.32223
136	-9.75589
137	-5.0428
138	-18.3083
139	-4.02911
140	-9.74926
141	-4.8583
142	-4.52056
143	-4.28825
144	-16.8561
145	-4.40707
146	-4.07232
147	-3.90461
148	-4.8591
149	-30.1815
150	-23.4138
151	-4.37098
152	-10.3738
153	-4.34638
154	-4.82014
155	-4.35956
156	-19.165
157	-11.7729
158	-4.05057
159	-44.6108
160	-3.94488
161	-10.518
162	-4.33195
163	-3.89978
164	-4.89085
165	-5.29281
166	-4.31143
167	-5.27381
168	-4.39772
169	-3.97588
170	-49.2185
171	-4.88693
172	-3.90254
173	-3.89456
174	-3.92738
175	-12.11
176	-12.5889
177	-4.87749
178	-3.83547
179	-4.45218
180	-5.35897
181	-4.07291
182	-5.35856
183	-9.86624
184	-4.73844
185	-24.3873
186	-4.391
187	-3.83722
188	-4.60775
189	-4.39086
190	-5.38145
191	-4.37528
192	-4.37418
193	-4.80543
194	-4.42406
195	-4.8529
196	-19.6753
197	-3.89491
198	-9.9013
199	-3.90883
200	-4.40754
201	-4.85735
202	-4.87211
203	-3.87676
204	-4.28858
205	-4.54058
206	-4.35706
207	-4.35446
208	-4.71097
209	-11.6269
210	-12.8055
211	-3.88594
212	-9.99201e-16
213	-4.37375
214	-4.42361
215	-10.4925
216	-4.3903
217	-10.6475
218	-3.90152
219	-4.27261
220	-4.42649
221	-3.91084
222	-3.89852
223	-4.3573
224	-4.46163
225	-11.4001
226	-3.8687
227	-4.86465
228	-4.14665
229	-18.0724
230	-3.74998
231	-3.84776
232	-11.6198
233	-11.273
234	-4.54726
235	-4.3297
236	-12.3815
237	-4.39234
238	-4.39503
239	-4.41658
240	-11.8633
241	-4.797
242	-4.38033
243	-3.86453
244	-9.81989
245	-4.35966
246	-4.79035
247	-5.50696
248	-42.6498
249	-4.37908
250	-4.39124
251	-4.87205
252	-10.6254
253	-10.1758
254	-4.88796
255	-3.88783
256	-4.18938
257	-4.35792
258	-4.33279
259	-4.99686
260	-3.91123
261	-4.33533
262	-4.40123
263	-4.33318
264	-4.44531
265	-4.86356
266	-3.88567
267	-4.36667
268	-4.85404
269	-10.6302
270	-4.85373
271	-10.5526
272	-5.41272
273	-4.40209
274	-4.97999
275	-5.45574
276	-4.37902
277	-5.31287
278	-4.01363
279	-4.62452
280	-11.7654
281	-3.92612
282	-4.48638
283	-11.2136
284	-4.34955
285	-4.86008
286	-4.31944
