#SITE	SITE_LOG_LIKELIHOOD
1	-6.66134e-16
2	-3.33067e-16
3	-11.8726
4	-23.4763
5	-22.6871
6	-17.7355
7	-3.20448
8	-4.3929
9	-5.23094
10	-5.47446
11	-3.79348
12	-4.3383
13	-3.49553
14	-5.44985
15	-4.00649
16	-17.4974
17	-4.53569
18	-7.24752
19	-5.13962
20	-17.1496
21	-4.20066
22	-3.37305
23	-10.7767
24	-4.37881
25	-3.08145
26	-4.96062
27	-5.6835
28	-3.9418
29	-4.22585
30	-5.63942
31	-4.28119
32	-5.64192
33	-61.5462
34	-3.06473
35	-1.73007
36	-4.87691
37	-10.2951
38	-9.87838
39	-4.11711
40	-2.28377
41	-29.7882
42	-3.56627
43	-1.50887
44	-3.87875
45	-10.2737
46	-4.20374
47	-3.93295
48	-2.69912
49	-3.14249
50	-4.0581
51	-3.56268
52	-1.65352
53	-3.57808
54	-17.5758
55	-3.07555
56	-3.92476
57	-2.96306
58	-9.92152
59	-1.78311
60	-3.18906
61	-4.86667
62	-3.47039
63	-2.27758
64	-1.39327
65	-1.36971
66	-3.52122
67	-10.9701
68	-1.63128
69	-13.932
70	-3.64529
71	-1.31906
72	-3.54701
73	-9.21886
74	-1.88412
75	-2.73776
76	-2.54953
77	-3.82507
78	-1.83583
79	-1.79143
80	-10.4636
81	-2.59815
82	-2.82499
83	-2.08858
84	-3.73611
85	-9.62748
86	-4.36134
87	-3.20183
88	-4.33688
89	-2.2501
90	-3.75005
91	-2.70216
92	-4.60325
93	-3.21154
94	-4.58336
95	-2.99937
96	-11.1266
97	-4.92055
98	-3.2967
99	-4.00659
100	-2.13465
101	-3.66222
102	-10.2794
103	-2.68636
104	-2.05671
105	-1.56771
106	-3.55718
107	-2.93989
108	-4.78655
109	-6.13536
110	-46.7515
111	-4.30307
112	-4.07543
113	-4.1046
114	-7.35109
115	-2.66278
116	-2.70091
117	-8.29369
118	-9.88002
119	-8.73769
120	-1.74173
121	-58.3762
122	-3.99495
123	-1.72501
124	-2.27458
125	-3.9107
126	-3.62886
127	-10.8256
128	-1.63369
129	-1.21739
130	-0.797974
131	-3.46897
132	-1.4694
133	-2.43166
134	-1.38589
135	-7.77148
136	-20.9849
137	-2.2455
138	-3.43833
139	-9.51921
140	-11.6962
141	-1.60791
142	-1.42581
143	-1.62895
144	-11.7158
145	-3.95728
146	-3.14999
147	-4.17173
148	-4.0679
149	-11.2513
150	-3.67207
151	-3.37972
152	-11.6918
153	-4.63591
154	-15.9577
155	-0.564749
156	-11.0779
157	-4.45064
158	-2.22112
159	-2.27077
160	-4.10503
161	-1.47479
162	-2.30054
163	-3.87953
164	-1.23142
165	-3.35409
166	-5.28042
167	-2.87057
168	-3.53017
169	-4.5448
170	-3.28679
171	-5.03451
172	-3.71826
173	-3.62458
174	-1.08507
175	-3.6834
176	-2.4856
177	-0.538018
178	-2.26689
179	-2.53515
180	-4.03623
181	-13.1957
182	-4.02312
183	-3.84926
184	-2.52964
185	-14.2364
186	-3.80844
187	-3.07909
188	-2.85495
189	-3.5678
190	-5.36079
191	-2.35176
192	-2.84014
193	-5.01499
194	-3.70203
195	-3.83048
196	-4.30212
197	-1.84892
198	-3.73022
199	-4.35551
200	-4.53502
201	-2.96807
202	-3.6387
203	-3.26647
204	-12.0896
205	-1.82019
206	-3.75219
207	-4.2877
208	-0.313101
209	-0.983366
210	-3.52092
211	-11.4387
212	-1.90711
213	-23.015
214	-2.3923
215	-1.88539
216	-3.39067
217	-3.37802
218	-2.41424
219	-2.57385
220	-7.52542
221	-4.22425
222	-4.31696
223	-3.2306
224	-1.57992
225	-4.16596
226	-2.99764
227	-0.237039
228	-3.51953
229	-2.33231
230	-2.23252
231	-1.45586
232	-7.36106
233	-2.62012
234	-2.58458
235	-2.75178
236	-17.6446
237	-43.2737
238	-9.22257
239	-2.03845
240	-9.61977
241	-1.57673
242	-9.67306
243	-3.5605
244	-2.18031
245	-2.04378
246	-3.14981
247	-3.10279
248	-1.29392
249	-2.36082
250	-12.369
251	-4.13822
252	-5.87747
253	-3.59447
254	-4.37483
255	-23.1361
256	-21.6243
257	-7.293
258	-2.16398
259	-10.3922
260	-3.2742
261	-3.75076
262	-4.37018
263	-4.3096
264	-39.3917
265	-16.3757
266	-3.68786
267	-4.19272
268	-3.626
269	-3.4691
270	-4.18015
271	-17.9939
272	-8.28248
273	-4.94357
274	-11.3694
275	-3.03162
276	-3.32004
277	-3.96068
278	-19.6664
279	-2.29324
280	-9.54048
281	-3.21014
282	-21.6502
283	-3.62578
284	-9.71042
285	-3.79903
286	-0.198379
