#SITE	SITE_LOG_LIKELIHOOD
1	-5.46452
2	-16.7231
3	-29.2358
4	-50.7503
5	-26.7133
6	-59.2478
7	-15.573
8	-10.0868
9	-12.6003
10	-7.79707
11	-7.66613
12	-8.21719
13	-9.8104
14	-14.392
15	-7.46711
16	-28.9536
17	-9.8104
18	-13.4471
19	-46.3494
20	-18.0578
21	-8.92863
22	-12.6171
23	-14.192
24	-10.7707
25	-8.62017
26	-15.6947
27	-9.00635
28	-15.1141
29	-8.92094
30	-8.78076
31	-9.81845
32	-7.17117
33	-91.8823
34	-10.2184
35	-6.37778
36	-16.3193
37	-28.035
38	-21.858
39	-12.3794
40	-19.3128
41	-45.7687
42	-22.3072
43	-7.64588
44	-14.5207
45	-14.4355
46	-19.0807
47	-8.85241
48	-6.46457
49	-7.08973
50	-10.1797
51	-6.83825
52	-7.64588
53	-11.7208
54	-23.1482
55	-6.98781
56	-11.4903
57	-10.2634
58	-18.391
59	-6.2668
60	-8.8086
61	-8.3441
62	-12.413
63	-7.13094
64	-7.50918
65	-9.19671
66	-7.70069
67	-66.4365
68	-6.83825
69	-14.1661
70	-7.50918
71	-7.17117
72	-8.92863
73	-14.8572
74	-7.06996
75	-9.77651
76	-13.8116
77	-6.77412
78	-15.1846
79	-7.32404
80	-16.6447
81	-7.8395
82	-15.0484
83	-7.57792
84	-5.8821
85	-14.3027
86	-10.5687
87	-17.9518
88	-7.86875
89	-7.08973
90	-9.32377
91	-7.81392
92	-11.6628
93	-8.32897
94	-8.23676
95	-7.78838
96	-17.8911
97	-13.4079
98	-18.104
99	-7.57792
100	-13.5327
101	-8.67843
102	-75.2231
103	-7.9173
104	-7.58133
105	-8.62017
106	-7.22036
107	-10.1059
108	-6.37778
109	-8.27779
110	-52.6518
111	-5.09375
112	-9.14345
113	-7.56071
114	-12.7564
115	-7.70069
116	-7.68063
117	-14.7519
118	-15.8597
119	-11.9211
120	-8.29173
121	-53.0264
122	-10.2634
123	-6.74481
124	-5.8821
125	-15.0151
126	-6.84412
127	-14.8511
128	-22.4194
129	-6.46457
130	-7.81954
131	-9.43615
132	-29.315
133	-5.8821
134	-14.8665
135	-19.1824
136	-32.5078
137	-5.72854
138	-9.13281
139	-13.7563
140	-15.5885
141	-8.32499
142	-8.32499
143	-13.3383
144	-27.5308
145	-8.68634
146	-13.4019
147	-7.72374
148	-6.74481
149	-13.9688
150	-5.08908
151	-8.87498
152	-19.0612
153	-9.07088
154	-30.9724
155	-7.56071
156	-16.6929
157	-14.8148
158	-39.4878
159	-6.2668
160	-5.09375
161	-15.882
162	-110.906
163	-20.3004
164	-11.4445
165	-9.07519
166	-13.0482
167	-5.72854
168	-13.4947
169	-12.5352
170	-7.46578
171	-9.84746
172	-9.19671
173	-16.0189
174	-6.69477
175	-9.78708
176	-17.2928
177	-14.6082
178	-6.84412
179	-8.26951
180	-55.4729
181	-21.1317
182	-28.8483
183	-17.162
184	-12.892
185	-20.317
186	-26.643
187	-8.35152
188	-6.3965
189	-6.2668
190	-13.68
191	-6.618
192	-7.32404
193	-7.70653
194	-26.0226
195	-9.65948
196	-9.62791
197	-6.98781
198	-9.43615
199	-10.806
200	-9.74463
201	-8.17109
202	-8.93696
203	-14.336
204	-20.2787
205	-7.32404
206	-9.30437
207	-10.6735
208	-7.42875
209	-7.70069
210	-8.80082
211	-16.4481
212	-6.46457
213	-29.4973
214	-13.4989
215	-7.3696
216	-12.7083
217	-8.62017
218	-20.9133
219	-23.7123
220	-12.242
221	-8.20422
222	-17.0004
223	-6.98781
224	-7.7582
225	-11.9445
226	-6.7821
227	-7.42875
228	-7.50918
229	-7.66613
230	-6.74481
231	-6.46457
232	-13.4623
233	-16.5984
234	-6.65519
235	-19.4643
236	-66.8632
237	-90.512
238	-14.204
239	-33.5981
240	-18.0748
241	-36.3682
242	-16.3312
243	-7.68341
244	-8.8866
245	-7.34926
246	-10.1827
247	-7.05489
248	-8.44831
249	-8.62017
250	-15.5031
251	-10.5814
252	-8.27779
253	-10.322
254	-12.4958
255	-28.3618
256	-26.2135
257	-13.4114
258	-8.67843
259	-20.4382
260	-8.88781
261	-29.7731
262	-10.228
263	-9.44535
264	-64.5444
265	-27.1419
266	-6.75691
267	-9.43615
268	-7.70069
269	-9.11506
270	-7.4703
271	-74.2942
272	-25.4471
273	-10.6846
274	-15.8335
275	-13.2485
276	-32.9707
277	-7.82124
278	-24.3081
279	-7.64209
280	-17.488
281	-14.0964
282	-17.0958
283	-11.7973
284	-18.2895
285	-24.5895
286	-7.40842
