#SITE	SITE_LOG_LIKELIHOOD
1	-1.60382
2	-16.9778
3	-16.21
4	-24.8395
5	-4.33677
6	-35.7106
7	-12.8848
8	-5.27353
9	-5.02572
10	-4.27884
11	-3.87611
12	-5.18642
13	-4.29571
14	-9.605
15	-5.17972
16	-11.6969
17	-4.11446
18	-3.80239
19	-36.7195
20	-4.00516
21	-3.92984
22	-4.5532
23	-3.55254
24	-5.06853
25	-4.73128
26	-10.0481
27	-3.59484
28	-12.153
29	-5.14732
30	-4.24123
31	-3.63163
32	-4.56937
33	-26.5204
34	-4.25453
35	-2.08324
36	-10.4518
37	-24.8243
38	-11.8499
39	-5.0706
40	-12.3287
41	-18.6005
42	-22.2979
43	-2.42346
44	-2.77731
45	-4.33016
46	-16.2699
47	-4.06411
48	-3.06522
49	-4.23602
50	-5.15119
51	-4.27514
52	-3.19029
53	-5.01849
54	-4.73464
55	-4.16091
56	-4.59197
57	-4.69374
58	-4.38293
59	-3.18029
60	-5.34439
61	-4.93971
62	-10.3073
63	-3.95542
64	-1.42739
65	-2.27102
66	-3.69306
67	-59.152
68	-2.06112
69	-2.24715
70	-3.1317
71	-1.41337
72	-3.37618
73	-4.31244
74	-3.11847
75	-3.19636
76	-10.4242
77	-4.83593
78	-13.7154
79	-2.4342
80	-4.90714
81	-4.19651
82	-10.2025
83	-2.52573
84	-5.25723
85	-4.52918
86	-4.80039
87	-14.0713
88	-4.73053
89	-3.54274
90	-5.09778
91	-3.677
92	-4.87916
93	-3.20308
94	-5.23958
95	-2.70593
96	-4.86979
97	-15.0231
98	-12.0216
99	-4.31936
100	-9.68074
101	-4.47673
102	-64.0349
103	-2.90692
104	-2.75797
105	-3.17587
106	-4.50045
107	-3.4332
108	-4.64117
109	-5.10393
110	-3.9298
111	-4.43357
112	-5.40259
113	-4.75812
114	-2.62304
115	-2.97096
116	-3.66623
117	-3.40099
118	-5.04066
119	-3.63469
120	-2.5753
121	-2.17153
122	-5.13206
123	-3.066
124	-3.77002
125	-9.69051
126	-4.34663
127	-4.46012
128	-28.5786
129	-0.837873
130	-1.7455
131	-3.60019
132	-23.5097
133	-3.63402
134	-9.94576
135	-9.25576
136	-15.6028
137	-3.67132
138	-5.10204
139	-4.81695
140	-3.40807
141	-3.09538
142	-2.53848
143	-8.34732
144	-13.4684
145	-5.07429
146	-8.99404
147	-4.26793
148	-5.32791
149	-3.68902
150	-3.92942
151	-5.07416
152	-5.1478
153	-4.71578
154	-13.6844
155	-1.16691
156	-5.15089
157	-10.5665
158	-36.6394
159	-4.03462
160	-4.09494
161	-11.6705
162	-96.2757
163	-17.1431
164	-14.462
165	-4.09315
166	-9.66772
167	-3.96493
168	-9.3402
169	-9.59185
170	-4.81986
171	-5.14908
172	-5.14433
173	-10.7842
174	-2.51852
175	-5.17623
176	-16.5952
177	-14.9506
178	-2.96222
179	-2.54376
180	-42.1897
181	-2.58198
182	-29.5205
183	-11.7488
184	-8.73405
185	-8.71997
186	-17.2043
187	-3.93082
188	-3.9074
189	-5.11996
190	-9.97136
191	-3.51005
192	-3.6999
193	-5.13584
194	-22.5065
195	-4.50901
196	-5.35698
197	-3.01176
198	-4.52127
199	-5.25406
200	-5.2475
201	-3.68828
202	-4.45466
203	-15.7327
204	-9.32082
205	-2.63417
206	-4.87355
207	-5.18839
208	-1.57016
209	-1.63593
210	-4.63527
211	-5.06163
212	-2.45975
213	-4.62131
214	-8.67359
215	-3.1031
216	-9.96019
217	-4.7771
218	-16.4412
219	-15.3583
220	-2.54437
221	-4.84485
222	-12.1214
223	-3.80761
224	-3.15704
225	-9.90909
226	-4.57581
227	-1.11044
228	-3.3382
229	-2.70564
230	-3.13156
231	-1.94357
232	-1.29898
233	-9.86824
234	-2.73683
235	-17.2702
236	-57.3488
237	-45.5399
238	-5.01471
239	-31.4961
240	-3.37276
241	-37.8735
242	-2.73651
243	-3.23287
244	-3.17288
245	-3.09938
246	-4.49089
247	-3.63721
248	-1.92735
249	-3.94153
250	-5.10023
251	-4.799
252	-4.95161
253	-4.6185
254	-4.94445
255	-2.89886
256	-3.19046
257	-3.21661
258	-3.27574
259	-8.51673
260	-2.83913
261	-22.0588
262	-4.33349
263	-3.55595
264	-21.9819
265	-10.5851
266	-5.053
267	-4.90353
268	-4.05879
269	-5.11284
270	-4.72203
271	-59.5774
272	-16.0299
273	-4.95217
274	-4.84377
275	-13.5876
276	-28.7713
277	-4.77059
278	-7.20955
279	-3.45807
280	-9.13375
281	-9.2701
282	-8.37323
283	-7.82228
284	-8.83527
285	-20.1597
286	-1.34104
