#SITE	SITE_LOG_LIKELIHOODS
1	-3.683063535139166
2	-12.37606945072156
3	-17.08864174582816
4	-26.40536508291206
5	-4.627416620088656
6	-39.26565227129075
7	-13.48105504915559
8	-5.32613214148519
9	-3.916322665021533
10	-3.810284582056241
11	-4.455540227241999
12	-4.831425668799877
13	-3.659676095094357
14	-10.35754844232484
15	-4.767004648066938
16	-10.48595234787972
17	-3.659676095094357
18	-5.159130871539992
19	-30.72159647634145
20	-5.288714357675214
21	-4.289046597922951
22	-3.659676095094357
23	-3.947038342496169
24	-4.927822692710447
25	-4.130144790942107
26	-10.63911169142515
27	-4.070308886308605
28	-13.49209803747012
29	-5.289813424785356
30	-4.205990013115705
31	-4.50697877687677
32	-4.205990013115705
33	-16.35762605584946
34	-3.947038342496169
35	-3.677626089674718
36	-10.82049795837305
37	-20.89483978177808
38	-15.34352014118582
39	-3.794366788613146
40	-14.34057113386566
41	-18.05182233870393
42	-18.79600334830243
43	-3.794366788613146
44	-4.768761823264521
45	-4.032965527895815
46	-15.75210297606251
47	-3.863983034515166
48	-3.579416423936162
49	-5.304417298733188
50	-4.370599321042268
51	-5.385132452923013
52	-3.794366788613146
53	-4.255910102109453
54	-4.032965527895815
55	-3.810284582056241
56	-3.825130869983716
57	-4.378766501138282
58	-3.659676095094357
59	-4.096508275242655
60	-4.831425668799877
61	-3.677626089674718
62	-10.63911169142515
63	-4.153329072785905
64	-3.659676095094357
65	-4.130144790942107
66	-3.683063535139166
67	-51.4860223592049
68	-5.385132452923013
69	-4.369263333215441
70	-3.659676095094357
71	-4.205990013115705
72	-4.289046597922951
73	-3.863983034515166
74	-4.536628434441724
75	-5.875440414145383
76	-12.15934503802796
77	-4.767004648066938
78	-14.76632749201805
79	-4.490617864697637
80	-4.856380137044875
81	-4.153329072785905
82	-11.79817765435596
83	-4.441630109194261
84	-3.916322665021533
85	-4.498492834326944
86	-4.376371961343253
87	-14.44019041321204
88	-4.376371961343253
89	-5.304417298733188
90	-3.794366788613146
91	-4.096508275242655
92	-4.096508275242655
93	-4.474062425613951
94	-4.927822692710447
95	-5.961030965518228
96	-4.912699574425285
97	-13.35733062161249
98	-13.54054572715781
99	-4.441630109194261
100	-14.42364281268677
101	-4.289046597922951
102	-47.80749121484616
103	-4.768761823264521
104	-5.322205171352413
105	-4.130144790942107
106	-5.32613214148519
107	-4.78083968122805
108	-3.677626089674718
109	-4.255910102109453
110	-4.627416620088656
111	-3.810284582056241
112	-4.070308886308605
113	-3.579416423936162
114	-4.89051166859544
115	-3.683063535139166
116	-4.78083968122805
117	-4.50697877687677
118	-5.280058615422152
119	-3.677626089674718
120	-4.490617864697637
121	-5.159130871539992
122	-4.378766501138282
123	-3.947038342496169
124	-3.916322665021533
125	-11.72622698789752
126	-4.765175634206927
127	-3.683063535139166
128	-20.69321109215314
129	-3.579416423936162
130	-4.370599321042268
131	-4.369263333215441
132	-28.04530555368233
133	-3.916322665021533
134	-12.81610331458393
135	-11.13554217511143
136	-9.834443108988488
137	-3.863983034515166
138	-4.78083968122805
139	-4.070308886308605
140	-4.032965527895815
141	-4.525352674097797
142	-4.525352674097797
143	-11.89751426821097
144	-12.92750227624403
145	-3.825130869983716
146	-13.54589316782007
147	-4.765175634206927
148	-3.947038342496169
149	-3.659676095094357
150	-4.713407023644207
151	-4.927822692710447
152	-4.370599321042268
153	-3.683063535139166
154	-14.72593778450623
155	-3.579416423936162
156	-4.627416620088656
157	-13.61110189124643
158	-36.04458040318942
159	-4.096508275242655
160	-3.810284582056241
161	-14.25575019986501
162	-88.11083808133831
163	-20.88547154471161
164	-11.69767407689704
165	-4.847602070810033
166	-10.60071550253852
167	-3.863983034515166
168	-13.57044715766087
169	-9.003176972882216
170	-3.916322665021533
171	-4.474062425613951
172	-4.130144790942107
173	-13.0656073957091
174	-4.441630109194261
175	-3.825130869983716
176	-13.67027589410832
177	-14.6551551564514
178	-4.765175634206927
179	-4.070308886308605
180	-42.55052383012583
181	-5.288714357675214
182	-24.24639114410332
183	-12.03620543581796
184	-12.09184365409893
185	-11.49886867614215
186	-26.19741950505029
187	-4.070308886308605
188	-4.713407023644207
189	-4.096508275242655
190	-12.60188727725118
191	-4.536628434441724
192	-4.490617864697637
193	-4.369263333215441
194	-26.36642715108171
195	-3.677626089674718
196	-4.536628434441724
197	-3.810284582056241
198	-4.369263333215441
199	-4.536628434441724
200	-3.947038342496169
201	-4.856380137044875
202	-5.975613208086102
203	-12.42980379640624
204	-10.81582048028551
205	-4.490617864697637
206	-4.474062425613951
207	-4.441630109194261
208	-4.40811545503928
209	-3.683063535139166
210	-3.804987883807849
211	-4.767004648066938
212	-3.579416423936162
213	-4.205990013115705
214	-12.26754963319564
215	-3.883629199417641
216	-10.98297568513521
217	-4.130144790942107
218	-16.25229421152523
219	-17.40401929610131
220	-4.096508275242655
221	-5.920816818886932
222	-13.07439313040583
223	-3.810284582056241
224	-4.847602070810033
225	-9.372446864332293
226	-4.89051166859544
227	-4.40811545503928
228	-3.659676095094357
229	-4.455540227241999
230	-3.947038342496169
231	-3.579416423936162
232	-4.205990013115705
233	-12.71441914610406
234	-4.525352674097797
235	-17.31580953338991
236	-39.38079690053323
237	-42.38815464547148
238	-4.153329072785905
239	-27.08695192507212
240	-4.912699574425285
241	-33.62105915172923
242	-3.794366788613146
243	-4.032965527895815
244	-4.455540227241999
245	-3.877276814189641
246	-3.883629199417641
247	-3.863983034515166
248	-4.498492834326944
249	-4.130144790942107
250	-3.579416423936162
251	-3.794366788613146
252	-4.255910102109453
253	-4.831425668799877
254	-4.856380137044875
255	-4.153329072785905
256	-4.032965527895815
257	-4.50697877687677
258	-4.289046597922951
259	-10.51649917502799
260	-4.768761823264521
261	-22.69308175363375
262	-4.070308886308605
263	-4.498492834326944
264	-22.84481978305393
265	-10.90110098733173
266	-3.883629199417641
267	-4.369263333215441
268	-3.683063535139166
269	-3.579416423936162
270	-3.677626089674718
271	-45.18888295391173
272	-17.49446654284626
273	-5.280058615422152
274	-4.636614563289969
275	-13.09772804565765
276	-26.47620146297498
277	-3.825130869983716
278	-11.3663487571819
279	-3.793366490887713
280	-8.916480934521569
281	-12.03195181233825
282	-10.6786916762826
283	-9.344907582927942
284	-9.196756118472971
285	-22.65464155182718
286	-4.406666923783641
