#SITE	SITE_LOG_LIKELIHOODS
1	-5.007541861354602
2	-12.02405974930929
3	-51.82069515724641
4	-31.21094981795275
5	-6.558080366460329
6	-6.51129314571533
7	-6.06791083328311
8	-20.31748597816332
9	-32.02439240837415
10	-28.35096204933433
11	-6.035416874994758
12	-21.90084718319821
13	-5.007541861354602
14	-24.83149324984019
15	-6.385337074613073
16	-15.15000089611226
17	-54.55427454410083
18	-52.85453277686018
19	-6.406292656060822
20	-48.55252151567587
21	-25.89505879013505
22	-17.76014755847277
23	-13.70514224760552
24	-34.24662621875311
25	-16.92753497865613
26	-42.13517810719601
27	-15.19914542837212
28	-32.68294919736964
29	-49.16818056070287
30	-30.98370646114806
31	-58.60114886117793
32	-5.007541861354602
33	-39.36723008677907
34	-69.43950867999192
35	-12.60356499481349
36	-18.56705187479481
37	-40.60760531950481
38	-18.82417337181233
39	-6.078108287912523
40	-6.036650159614764
41	-24.07303938759496
42	-5.680399228237489
43	-5.007541861354602
44	-17.81456211128742
45	-28.10754488001789
46	-24.02925019358545
47	-36.7595033126126
48	-12.156449813252
49	-19.43543697602874
50	-31.05309134614933
51	-12.04107610521724
52	-33.46178372425288
53	-11.52371759424536
54	-34.4327476429175
55	-71.96344363055967
56	-29.38559337623655
57	-18.12100656848057
58	-35.20505610457726
59	-12.0860652274697
60	-12.23991708365324
61	-36.06403484907185
62	-6.178274146566007
63	-14.21226716888756
64	-23.33289823637991
65	-25.38656065867863
66	-5.007541861354602
67	-39.97306288266162
68	-20.85778332050366
69	-6.253779930729274
70	-38.93359831140643
71	-5.956398655015263
72	-29.36202450506697
73	-35.30739528764987
74	-21.85500453563365
75	-26.5671448216625
76	-38.12349508319495
77	-28.02770944051595
78	-20.53457146854833
79	-30.37968694295916
80	-17.63687219662871
81	-15.2201491694985
82	-17.08912136650429
83	-20.089694714926
84	-42.65030562224588
85	-65.40359570378187
86	-29.15863866938185
87	-27.00356549403173
88	-28.74301970116242
89	-24.3892750555367
90	-12.24331325063619
91	-11.11773748263382
92	-25.555668191979
93	-16.38016352557974
94	-34.57239212259937
95	-21.07281400259272
96	-11.63211707210029
97	-6.036650159614764
98	-85.29812179457889
99	-11.27230408932198
100	-45.50401054305894
101	-138.8291379573406
102	-101.1874307670591
103	-69.30503312243484
104	-4.829619198552577
105	-63.10818845241585
106	-16.153602575407
107	-45.32350354786131
108	-13.25711607360482
109	-39.32879255576734
110	-11.92127835951365
111	-11.8386415466317
112	-10.97292441415211
113	-11.82568083302183
114	-18.19760003140732
115	-6.035416874994758
116	-5.193209117649038
117	-30.21114833164269
118	-50.78733736972501
119	-16.29431067839824
120	-4.829619198552577
121	-26.0476362790186
122	-15.50700751240596
123	-16.88372266383811
124	-26.47205522842183
125	-11.43301984845148
126	-13.9751465492743
127	-47.25832517117799
128	-13.42651042306073
129	-52.00634459252431
130	-33.60040197454461
131	-62.64912659743269
132	-37.79431408770522
133	-34.9878744405491
134	-20.83812742016285
135	-6.115164033778097
136	-62.74601436842626
137	-5.007541861354602
138	-12.44539044916513
139	-4.829619198552577
140	-21.69756124480607
141	-30.06225993569324
142	-11.14693776578363
143	-23.32158566939783
144	-6.124801722423555
145	-23.21896792778784
146	-62.81233886383568
147	-28.26242188233375
148	-36.66784533676154
149	-11.62986986666386
150	-37.93395943187403
151	-14.88652461612547
152	-6.091707468571435
153	-6.363045685585879
154	-20.29812036418681
155	-36.21890950649286
156	-28.81772613448317
157	-50.86799355067718
158	-48.1243983219685
159	-5.007541861354602
160	-16.26626767907421
161	-13.33167677613979
162	-29.26963864158224
163	-5.007541861354602
164	-13.80001881896415
165	-29.29199463652035
166	-41.42832484579971
167	-15.62621103405798
168	-22.3549056204218
169	-17.4927665420126
170	-32.84980042302349
171	-33.06426941665322
172	-28.64761842539037
173	-18.27977819632867
174	-25.92451468003753
175	-29.03370270779208
176	-18.65399264486022
177	-17.74617875181529
178	-33.99665562218798
179	-20.46883829163014
180	-40.81027321061899
181	-12.12804952531912
182	-20.92142726910187
183	-20.96457899121685
184	-12.10154524443581
185	-19.59617244827977
186	-69.2694436511803
187	-43.64070693726946
188	-22.16258791560677
189	-5.007541861354602
190	-34.19061382285287
191	-21.06906680091514
192	-37.6278403480445
193	-41.17422671905987
194	-18.65615835484816
195	-22.2467582927878
196	-5.007541861354602
197	-57.84884989987297
198	-6.06791083328311
199	-24.71480130452641
200	-25.68840594435558
201	-20.25665241121461
202	-26.04168214785503
203	-21.45894247663023
204	-45.55741472676397
205	-49.35035342511811
206	-37.10933323598642
207	-4.829619198552577
208	-16.82633280064632
209	-6.434157681931095
210	-28.64896408522229
211	-19.18565272305423
212	-44.05679385223569
213	-51.83459562996602
214	-39.34725985932868
215	-12.90369332907772
216	-42.0211250893662
217	-72.47035075699917
218	-16.22050386433306
219	-31.96710429191236
220	-24.29044917378054
221	-11.86568038152084
222	-10.84021953300402
223	-11.81112738576114
224	-11.69035397727784
225	-12.17224062630712
226	-32.37992229715536
227	-12.52697428167702
228	-39.77857447940937
229	-11.6036545582038
230	-19.32879392835193
231	-5.680399228237489
232	-26.45704087054162
233	-25.2250260445909
234	-12.12609167025492
235	-14.30995959752218
236	-45.53579939290465
237	-20.53160303543165
238	-5.007541861354602
239	-30.75887333783312
240	-27.31337751361856
241	-18.75592514647742
242	-28.47017408886228
243	-17.45785100104128
244	-9.824309883542265
245	-28.6293048051693
246	-54.0709491544542
247	-28.948360391609
248	-12.65400268845506
249	-17.93200923639682
250	-23.48609751331295
251	-11.67390264459408
252	-15.83268818425717
253	-38.96890021178669
254	-11.15993950434303
255	-21.56176795694019
256	-23.33651200669833
257	-52.74623732686061
258	-23.81948737117627
259	-84.12580534172923
260	-18.39627940925682
261	-27.23150018876211
262	-12.25413450155242
263	-25.48726833807266
264	-33.31130116158376
265	-20.98330236685524
266	-39.61561392529308
267	-10.6121146085683
268	-55.72396645979843
269	-33.49284291371362
270	-20.57970632938037
271	-24.08682687625226
272	-6.115164033778097
273	-16.71854927167692
274	-30.06936315459724
275	-37.6672157185326
276	-23.71890045962513
277	-18.97875247486323
278	-25.44295199457652
279	-18.24513939620786
280	-35.38700783881924
281	-19.25809357477556
282	-17.56213757137201
283	-13.08486766938652
284	-30.83999230466231
285	-23.42917658598862
286	-15.57095374925944
287	-29.64424813593844
288	-46.90508625124294
289	-30.46098412613109
290	-111.4992313705104
291	-28.60822046402935
292	-16.02523452773535
293	-36.6888291694297
294	-23.35657494319231
295	-31.3497263588583
296	-28.32364088553323
297	-12.46181752082481
298	-45.51683416616444
299	-52.70989958793303
300	-26.22595968784962
301	-27.08266903935112
302	-15.48442987556375
303	-19.69520616432435
304	-18.42402035582801
305	-11.83581593052704
306	-45.54569081128035
307	-22.69782954905712
308	-5.680399228237489
309	-41.28042669304411
310	-20.91653472435793
311	-35.85791467263645
312	-34.77249798140868
313	-6.036650159614764
314	-20.36676339973944
315	-20.75778105303413
316	-33.35663558146478
317	-6.091707468571435
318	-57.93001257731714
319	-58.99000918085044
320	-12.51825776585692
321	-18.00956434470067
322	-19.8465414825083
323	-6.153898500989802
324	-11.4925923708244
325	-18.60911883660054
326	-40.87564002915699
327	-20.22065098902013
328	-42.94261442680627
329	-42.54554213672697
330	-4.829619198552577
331	-5.007541861354602
332	-13.98669168098077
333	-6.089299576565809
334	-41.34914298819644
335	-57.17926882950502
336	-11.60502136172821
337	-22.35601852055947
338	-11.30831457543253
339	-6.035416874994758
340	-20.99748318274813
341	-67.38149914074654
342	-30.16831700050337
343	-57.94580382091009
344	-40.77622902161751
345	-18.35350382304971
346	-6.078108287912523
347	-21.17589254888116
348	-12.64838269017815
349	-21.08149795518667
350	-35.07373900590584
351	-28.17705835208591
352	-23.97023658463487
353	-88.61370561929235
354	-37.65935652920501
355	-55.96612051652882
356	-18.54944700675232
357	-34.54413585233062
358	-29.28757381891483
359	-18.73052568583422
360	-29.42711852204882
361	-6.091707468571435
362	-28.98836429827071
363	-33.75699005494058
364	-9.350841240018308
365	-21.41529456550533
366	-11.66579449819628
367	-12.92229888514346
368	-10.97126382737504
369	-10.66875676099203
370	-10.99362547989027
371	-13.01031552295204
372	-37.55679300857808
373	-72.9593026249761
374	-27.1699939392857
375	-141.5791598344802
376	-16.78890558654675
377	-31.80027981495773
378	-26.71042893148348
379	-6.272086768092559
380	-34.98613496240053
381	-31.61228672444783
382	-18.11563325178554
383	-12.91942300344137
384	-71.97333362380125
385	-15.65439780630104
386	-4.829619198552577
387	-20.88656244942803
388	-12.23584181621312
389	-43.44683868580366
390	-6.51129314571533
391	-38.95895688274795
392	-6.076528015568244
393	-18.18436239973727
394	-33.40599192747346
395	-6.280424006774041
396	-32.79581067125623
397	-27.37813892232448
398	-5.680399228237489
399	-22.39981906353872
400	-42.23154363992733
401	-55.18457525285339
402	-48.64992792460465
403	-30.30925510180469
404	-49.9816217456122
405	-22.51082081420019
406	-31.90377311190286
407	-17.52389993332132
408	-42.27111107064486
409	-15.73171836527535
410	-20.26891989872402
411	-72.20242568706826
412	-16.96402980731706
413	-19.85552604368792
414	-45.87549416500095
415	-11.33900660548934
416	-13.4853146122008
417	-51.27305471360052
418	-17.75972913238728
419	-30.53323858878806
420	-12.9913276241844
421	-28.05382002744907
422	-42.64758414371563
423	-67.76789403754849
424	-24.27629523108969
425	-57.0596802835934
426	-5.007541861354602
427	-13.48546553778512
428	-19.15832334865287
429	-18.63565288636695
430	-23.77876506619996
431	-28.93960834386064
432	-21.83489474647416
433	-94.47487513682333
434	-28.00293572414759
435	-26.59010634516282
436	-22.750616930562
437	-30.87062574031543
438	-27.59442865709772
439	-11.70571986410019
440	-5.007541861354602
441	-28.80521308393262
442	-31.98135045789924
443	-10.37798553103929
444	-25.08084002776906
445	-5.193209117649038
446	-35.25241517313192
447	-30.34473301108352
448	-5.007541861354602
449	-11.27727449064622
450	-89.45066193163352
451	-13.8284877382254
452	-29.76374520861215
453	-27.21863382018448
454	-24.82749852542049
455	-25.46896526943667
456	-21.0629368528544
457	-62.92678590759179
458	-11.97049738432788
459	-47.23122475431232
460	-6.751816663028883
461	-34.99197229747412
462	-19.33642321877142
463	-25.84686821920185
464	-11.12632246799896
465	-23.11534534006784
466	-14.18915526482999
467	-32.40376836512419
468	-16.94793647967088
469	-10.9229543647054
470	-37.68504997802256
471	-6.153898500989802
472	-72.49254665071484
473	-12.46797516899484
474	-32.41126389257196
475	-22.21015088469503
476	-6.707684888388796
477	-25.7908162027718
478	-12.14983488544144
479	-11.91452481357156
480	-29.12058813016113
481	-5.007541861354602
482	-20.04990411551095
483	-19.84757011215384
484	-6.035416874994758
485	-18.17393359949781
486	-6.253779930729274
487	-5.902711431891234
488	-6.078108287912523
489	-6.078108287912523
490	-12.71256919229083
491	-6.25093419560744
492	-6.124801722423555
493	-14.52918283641953
494	-41.95972268695132
495	-44.36355298589923
496	-39.21541116847852
497	-6.25093419560744
498	-43.10725620635917
