#SITE	WT_AA	SITE_ENTROPY	PI_A	PI_C	PI_D	PI_E	PI_F	PI_G	PI_H	PI_I	PI_K	PI_L	PI_M	PI_N	PI_P	PI_Q	PI_R	PI_S	PI_T	PI_V	PI_W	PI_Y
1	na	4.065191	0.047253	0.026811	0.034972	0.034407	0.031503	0.038802	0.065917	0.027858	0.039759	0.063276	0.189347	0.031608	0.051724	0.027386	0.084947	0.052534	0.060495	0.035022	0.020522	0.035859
2	na	1.210943	0.822256	0.004202	0.003412	0.006603	0.004254	0.007224	0.004124	0.004245	0.003798	0.004521	0.009748	0.003257	0.002108	0.004149	0.012079	0.005219	0.002884	0.088692	0.003646	0.003578
3	na	3.328939	0.102176	0.001406	0.004743	0.001743	0.013577	0.004989	0.044732	0.052929	0.006451	0.206118	0.024381	0.066195	0.003357	0.021756	0.037465	0.251895	0.031164	0.017885	0.008227	0.098810
4	na	3.361843	0.037149	0.026444	0.003067	0.014460	0.101288	0.010296	0.005303	0.046497	0.008254	0.227605	0.007805	0.096979	0.000482	0.033135	0.001380	0.207270	0.029005	0.049837	0.004093	0.089654
5	na	2.832342	0.162934	0.037842	0.007159	0.002874	0.002211	0.333568	0.003208	0.002756	0.003383	0.056626	0.003543	0.012685	0.006297	0.001520	0.210161	0.071523	0.065751	0.002920	0.006834	0.006205
6	na	0.852766	0.007434	0.004610	0.003440	0.003964	0.003045	0.004650	0.013129	0.005358	0.002820	0.004361	0.003993	0.004723	0.007626	0.003927	0.005450	0.005242	0.903858	0.004263	0.005898	0.002210
7	na	1.604661	0.004944	0.014262	0.012148	0.009078	0.008362	0.013115	0.004668	0.012232	0.783148	0.006012	0.003820	0.046034	0.002707	0.015531	0.008531	0.007458	0.011304	0.014169	0.007164	0.015315
8	na	1.415418	0.003410	0.007226	0.002810	0.002716	0.002518	0.016479	0.001696	0.002152	0.001474	0.061335	0.002752	0.002277	0.034340	0.044590	0.788439	0.006100	0.008147	0.004484	0.004673	0.002383
9	na	2.333063	0.084530	0.005619	0.002465	0.007578	0.015004	0.010124	0.003312	0.027524	0.004628	0.081600	0.014530	0.032817	0.003911	0.028570	0.007877	0.610661	0.023209	0.009629	0.001767	0.024647
10	na	3.473286	0.248619	0.009410	0.028571	0.004167	0.042627	0.019259	0.039118	0.052437	0.025503	0.174550	0.016469	0.025828	0.033309	0.008718	0.003749	0.030814	0.046378	0.035976	0.001293	0.153206
11	na	3.425050	0.024362	0.020736	0.035137	0.343244	0.009046	0.035621	0.012538	0.033166	0.031502	0.041765	0.028874	0.013359	0.021225	0.023741	0.024473	0.155333	0.017459	0.081387	0.040761	0.006272
12	na	3.725453	0.048420	0.033820	0.008878	0.003159	0.013976	0.027892	0.026225	0.040840	0.149339	0.141075	0.003500	0.063082	0.011760	0.072424	0.116541	0.115708	0.072718	0.037586	0.009093	0.003965
13	na	3.499464	0.052523	0.068760	0.240287	0.006386	0.006054	0.070484	0.020456	0.076930	0.021945	0.026485	0.218661	0.051490	0.016000	0.006265	0.025662	0.014396	0.031551	0.019961	0.011952	0.013753
14	na	2.925643	0.026154	0.028147	0.037428	0.404529	0.006527	0.011850	0.008787	0.008059	0.250122	0.024551	0.008806	0.006297	0.007902	0.032065	0.028299	0.025259	0.016278	0.033637	0.018516	0.016787
15	na	2.588549	0.002616	0.010277	0.002017	0.042188	0.033638	0.007064	0.019452	0.086640	0.003064	0.396079	0.002126	0.013596	0.005399	0.007230	0.004850	0.048963	0.296105	0.008904	0.004513	0.005280
16	na	3.159779	0.025339	0.007516	0.254400	0.074808	0.012179	0.183644	0.006174	0.020176	0.004092	0.007368	0.009763	0.015259	0.004802	0.018859	0.231117	0.052663	0.023113	0.021113	0.005353	0.022263
17	na	2.909043	0.018690	0.014356	0.005337	0.003182	0.002221	0.403338	0.005762	0.063427	0.023348	0.009140	0.057624	0.010560	0.192657	0.082966	0.008814	0.046458	0.036227	0.010800	0.003441	0.001651
18	na	3.382333	0.023619	0.015547	0.068882	0.105320	0.012792	0.030403	0.004980	0.026004	0.009445	0.206938	0.001795	0.024373	0.076335	0.016227	0.009451	0.026294	0.026662	0.266545	0.005030	0.043360
19	na	1.686335	0.019256	0.016573	0.004678	0.005507	0.033133	0.005172	0.018812	0.007545	0.003536	0.004679	0.004271	0.012081	0.013129	0.005497	0.768739	0.018245	0.025283	0.021559	0.003284	0.009019
20	na	2.454648	0.006809	0.003173	0.001803	0.004116	0.005630	0.007561	0.005866	0.009159	0.003881	0.011291	0.003256	0.004446	0.200651	0.256964	0.059220	0.382404	0.012385	0.013628	0.001663	0.006091
21	na	3.691516	0.029236	0.051467	0.008778	0.151950	0.002412	0.015968	0.009120	0.031149	0.042493	0.169749	0.025578	0.109271	0.014549	0.011545	0.073735	0.103331	0.093636	0.035274	0.005992	0.014767
22	na	3.383501	0.169652	0.006990	0.037155	0.003127	0.008006	0.019842	0.024423	0.011411	0.066858	0.015162	0.001064	0.012062	0.049318	0.018176	0.096716	0.073084	0.197715	0.182464	0.001120	0.005655
23	na	3.459466	0.049060	0.015077	0.001829	0.009953	0.005217	0.054863	0.113525	0.011949	0.010764	0.135611	0.005158	0.045334	0.017795	0.040976	0.062328	0.245619	0.135713	0.023419	0.009390	0.006421
24	na	3.536310	0.023814	0.015187	0.015334	0.239052	0.004404	0.005704	0.016354	0.068776	0.038561	0.046215	0.003738	0.009013	0.008133	0.139243	0.114205	0.058195	0.081233	0.071950	0.001300	0.039590
25	na	3.223255	0.014270	0.003092	0.003421	0.002798	0.004888	0.037762	0.006695	0.201505	0.074397	0.080413	0.083261	0.003899	0.023802	0.065362	0.104139	0.013264	0.008059	0.262004	0.002608	0.004362
26	na	2.437344	0.111947	0.004025	0.004996	0.013064	0.045734	0.012647	0.021040	0.005240	0.098610	0.015910	0.003477	0.001397	0.006739	0.022103	0.562590	0.041435	0.010235	0.011456	0.001022	0.006331
27	na	3.397867	0.139300	0.005059	0.002978	0.003820	0.003347	0.021685	0.041880	0.024463	0.089158	0.106322	0.044781	0.010249	0.044358	0.092601	0.277668	0.019274	0.048834	0.014826	0.002522	0.006875
28	na	3.127894	0.146893	0.015078	0.003857	0.004462	0.035685	0.111622	0.015539	0.005059	0.037893	0.007347	0.004806	0.103426	0.003211	0.045413	0.086986	0.330135	0.033794	0.003313	0.001180	0.004302
29	na	2.800096	0.195403	0.013527	0.010328	0.015192	0.005848	0.012116	0.002469	0.175626	0.007340	0.024088	0.005665	0.004325	0.011233	0.013972	0.017292	0.032125	0.044203	0.393731	0.005471	0.010046
30	na	3.076788	0.222334	0.003113	0.008825	0.023595	0.066168	0.301964	0.003352	0.006703	0.013903	0.025458	0.008275	0.009716	0.021931	0.159459	0.020691	0.059439	0.020846	0.011339	0.010186	0.002704
31	na	3.456543	0.024777	0.007950	0.003603	0.127427	0.034989	0.227648	0.008067	0.016654	0.148743	0.021338	0.015195	0.008150	0.101259	0.019073	0.117128	0.063160	0.013374	0.030293	0.008163	0.003010
32	na	2.817363	0.010652	0.011926	0.005095	0.002814	0.008346	0.010459	0.004924	0.028202	0.013375	0.020037	0.114836	0.023167	0.027753	0.004655	0.022854	0.441712	0.019474	0.186025	0.010298	0.033395
33	na	2.866373	0.168426	0.021610	0.005957	0.007104	0.013694	0.015110	0.001830	0.158941	0.004602	0.384155	0.068715	0.016203	0.003501	0.003073	0.005014	0.007958	0.051805	0.049247	0.004416	0.008639
34	na	3.846433	0.087929	0.054026	0.051144	0.050886	0.013573	0.049691	0.035030	0.019174	0.005488	0.183699	0.061540	0.012906	0.003626	0.061892	0.050942	0.124489	0.037816	0.069128	0.005078	0.021943
35	na	2.806278	0.058385	0.021515	0.008536	0.007245	0.019131	0.316590	0.028493	0.023059	0.012787	0.018419	0.008387	0.017714	0.006668	0.003020	0.038521	0.362728	0.020225	0.016783	0.003637	0.008156
36	na	3.416953	0.015707	0.011444	0.014769	0.012426	0.039492	0.004402	0.026342	0.246432	0.007212	0.044521	0.085880	0.004049	0.009832	0.056485	0.109023	0.067659	0.041890	0.192049	0.006741	0.003644
37	na	3.076871	0.015036	0.019314	0.026869	0.140470	0.035124	0.429306	0.012035	0.013401	0.008909	0.084789	0.017456	0.029660	0.013484	0.011365	0.013833	0.064425	0.028462	0.018249	0.011402	0.006409
38	na	2.903589	0.037290	0.010321	0.010545	0.012461	0.012437	0.078545	0.011739	0.018532	0.005797	0.218106	0.004491	0.015816	0.030832	0.018203	0.409526	0.063680	0.010759	0.008908	0.016998	0.005017
39	na	3.480207	0.303222	0.022864	0.007317	0.039956	0.149787	0.030640	0.005154	0.009463	0.012152	0.037863	0.015927	0.018035	0.028781	0.006544	0.047960	0.013114	0.055515	0.037405	0.068841	0.089462
40	na	3.322202	0.123266	0.006269	0.100916	0.006519	0.011294	0.022075	0.120904	0.022202	0.007854	0.031588	0.004790	0.008131	0.018174	0.037033	0.031460	0.023372	0.063895	0.013200	0.017838	0.329221
41	na	3.751475	0.046362	0.053791	0.008027	0.061765	0.014005	0.096825	0.009518	0.109672	0.004443	0.154155	0.009159	0.073107	0.011785	0.027537	0.042641	0.123793	0.109180	0.019108	0.009258	0.015870
42	na	3.481267	0.033527	0.054527	0.015829	0.018677	0.006510	0.098031	0.043645	0.011149	0.137536	0.036913	0.006608	0.010161	0.063299	0.300927	0.066096	0.021559	0.022187	0.037643	0.004296	0.010880
43	na	3.689269	0.051674	0.028845	0.013047	0.009958	0.009252	0.013560	0.076462	0.060499	0.078026	0.241755	0.111360	0.067229	0.011711	0.024237	0.086566	0.046526	0.024784	0.031177	0.005597	0.007736
44	na	3.546595	0.048686	0.131995	0.005770	0.038911	0.010136	0.019768	0.003444	0.125312	0.076683	0.151153	0.006469	0.055264	0.008985	0.009179	0.201010	0.028106	0.027719	0.030529	0.013145	0.007737
45	na	3.170589	0.024008	0.075011	0.010798	0.009288	0.004744	0.027724	0.006547	0.017614	0.016074	0.299985	0.008675	0.010028	0.070413	0.006050	0.041251	0.056074	0.238515	0.070488	0.002696	0.004014
46	na	3.583501	0.020687	0.029171	0.019124	0.170318	0.009421	0.036346	0.003243	0.060038	0.012799	0.026817	0.009397	0.036538	0.135367	0.018375	0.217495	0.057101	0.078404	0.042362	0.009303	0.007693
47	na	2.836102	0.007720	0.016460	0.010957	0.003850	0.006421	0.025122	0.007804	0.018208	0.026727	0.473024	0.017006	0.012778	0.047169	0.005360	0.157005	0.028809	0.059097	0.014507	0.003080	0.058896
48	na	3.696921	0.213196	0.030874	0.032398	0.007301	0.005056	0.025491	0.031972	0.037608	0.170467	0.043373	0.041012	0.044639	0.020429	0.027047	0.038502	0.105651	0.074553	0.039741	0.004201	0.006488
49	na	3.255563	0.167968	0.005748	0.002475	0.001536	0.007103	0.018866	0.004483	0.021237	0.005232	0.285113	0.020599	0.011043	0.025555	0.025712	0.064215	0.019861	0.058573	0.124119	0.011290	0.119273
50	na	3.375757	0.215871	0.012890	0.016412	0.063034	0.004056	0.199935	0.018383	0.008197	0.025810	0.039610	0.002367	0.022511	0.056109	0.014372	0.028339	0.164974	0.086333	0.011520	0.002125	0.007152
51	na	3.635156	0.057259	0.010575	0.086750	0.025322	0.007639	0.101375	0.002996	0.034899	0.003441	0.104243	0.015819	0.163247	0.067229	0.006743	0.068476	0.048635	0.157388	0.031487	0.001752	0.004725
52	na	2.984646	0.079817	0.004011	0.012831	0.017519	0.020089	0.061787	0.011830	0.013874	0.021669	0.017876	0.008704	0.014583	0.003619	0.003499	0.016739	0.162243	0.397320	0.013683	0.003630	0.114675
53	na	3.505189	0.037863	0.013326	0.081555	0.252874	0.018044	0.008159	0.031308	0.033972	0.008351	0.053576	0.011825	0.005502	0.016720	0.005503	0.119328	0.031399	0.030222	0.013252	0.053499	0.173722
54	na	3.328425	0.110201	0.017702	0.004667	0.034224	0.004996	0.319579	0.072955	0.020633	0.006296	0.017529	0.010488	0.033635	0.036533	0.009683	0.032530	0.152577	0.077996	0.017950	0.006207	0.013619
55	na	2.980051	0.018045	0.044678	0.021345	0.014362	0.002552	0.010825	0.030399	0.012920	0.027269	0.188001	0.004585	0.009935	0.041451	0.045161	0.426287	0.038290	0.022789	0.033586	0.002184	0.005335
56	na	3.504401	0.030893	0.068564	0.008111	0.002296	0.010657	0.047441	0.066216	0.045238	0.008798	0.255170	0.026636	0.070683	0.070393	0.004511	0.013888	0.026384	0.155422	0.081961	0.001473	0.005267
57	na	2.746590	0.013797	0.008693	0.013935	0.003117	0.002215	0.099480	0.002242	0.141071	0.011541	0.473059	0.008559	0.002412	0.026360	0.043224	0.056832	0.021723	0.015011	0.048589	0.002490	0.005651
58	na	3.630961	0.061295	0.006528	0.005525	0.059221	0.020904	0.018683	0.094210	0.004626	0.012507	0.052743	0.003539	0.085450	0.023834	0.217902	0.134340	0.076159	0.018180	0.026840	0.005126	0.072388
59	na	3.480949	0.045838	0.014805	0.048884	0.019025	0.015129	0.102408	0.043027	0.013780	0.086129	0.042828	0.009384	0.328715	0.030115	0.007949	0.088740	0.016695	0.034545	0.036557	0.006728	0.008719
60	na	2.986655	0.028952	0.044980	0.009409	0.012849	0.002596	0.070572	0.003165	0.097785	0.006253	0.035219	0.005247	0.050481	0.009833	0.012230	0.017612	0.430896	0.118404	0.032919	0.002579	0.008019
61	na	3.170616	0.025557	0.028928	0.003227	0.005398	0.019188	0.025600	0.012688	0.051816	0.003073	0.331484	0.003920	0.026166	0.026939	0.009349	0.015943	0.146204	0.102579	0.146006	0.002464	0.013471
62	na	2.851965	0.028282	0.018447	0.001307	0.004006	0.008417	0.027364	0.007610	0.006801	0.004066	0.036230	0.002958	0.155414	0.041368	0.005861	0.011512	0.395746	0.181169	0.039926	0.001756	0.021760
63	na	3.333803	0.161378	0.047661	0.013379	0.004822	0.010151	0.014958	0.013961	0.267056	0.013767	0.072363	0.015455	0.005979	0.113079	0.009589	0.035247	0.019593	0.029444	0.141445	0.006094	0.004580
64	na	3.761350	0.032865	0.012987	0.040414	0.228338	0.024062	0.029019	0.018923	0.078610	0.013735	0.102696	0.020562	0.028694	0.089946	0.006420	0.094103	0.040027	0.063880	0.015133	0.007396	0.052188
65	na	2.799262	0.016265	0.006573	0.013684	0.024896	0.018640	0.027388	0.010820	0.007454	0.057830	0.043158	0.004400	0.034382	0.027122	0.018416	0.510168	0.125190	0.031909	0.009810	0.005947	0.005949
66	na	3.919769	0.035083	0.059606	0.037213	0.020245	0.144155	0.131521	0.015741	0.077026	0.016845	0.036702	0.149561	0.035549	0.023864	0.030066	0.038040	0.053295	0.033375	0.026496	0.017053	0.018565
67	na	3.399027	0.162571	0.023928	0.014192	0.015370	0.017884	0.043907	0.022192	0.051437	0.017134	0.040541	0.041371	0.021034	0.019994	0.017022	0.041473	0.058768	0.022863	0.349202	0.006566	0.012552
68	na	3.126125	0.047568	0.020093	0.007295	0.012706	0.022381	0.022028	0.090618	0.141174	0.014693	0.416435	0.012794	0.011093	0.032926	0.026887	0.023283	0.050474	0.017823	0.011938	0.009104	0.008688
69	na	2.458210	0.075900	0.029524	0.003507	0.007055	0.005405	0.079162	0.026182	0.020051	0.003999	0.021755	0.002244	0.021435	0.022947	0.005414	0.012110	0.582753	0.063365	0.008880	0.003597	0.004715
70	na	3.127018	0.272014	0.016031	0.063510	0.011024	0.005169	0.196701	0.007393	0.035122	0.006935	0.018898	0.002949	0.019331	0.008601	0.011000	0.009666	0.177826	0.106132	0.011224	0.002658	0.017817
71	na	3.635306	0.089973	0.007757	0.041892	0.006354	0.139546	0.042858	0.019914	0.010380	0.013088	0.061118	0.001409	0.016028	0.068585	0.003925	0.037168	0.106854	0.055067	0.078373	0.002703	0.197010
72	na	3.472948	0.066097	0.027730	0.331959	0.032324	0.019509	0.066057	0.017810	0.016277	0.008458	0.067758	0.007098	0.021313	0.012641	0.012623	0.095453	0.052745	0.069227	0.007126	0.060137	0.007658
73	na	3.738322	0.053683	0.013925	0.028475	0.033785	0.077598	0.048770	0.018598	0.159039	0.069714	0.061923	0.007335	0.021468	0.004570	0.017682	0.037003	0.054698	0.062131	0.203829	0.025331	0.000442
74	na	2.804456	0.041059	0.007152	0.007476	0.017844	0.016699	0.017542	0.010633	0.008111	0.083299	0.087775	0.009040	0.009767	0.009453	0.005910	0.495663	0.100375	0.016981	0.033051	0.013792	0.008379
75	na	2.220195	0.041376	0.018286	0.003776	0.007751	0.019856	0.016335	0.008274	0.006362	0.028593	0.012775	0.005748	0.018155	0.010033	0.006025	0.643452	0.011543	0.109199	0.016833	0.007776	0.007851
76	na	3.722324	0.077044	0.045807	0.004678	0.095042	0.005050	0.024316	0.007150	0.030491	0.042580	0.118903	0.006198	0.126805	0.009818	0.152694	0.032107	0.043497	0.024849	0.023567	0.121796	0.007609
77	na	2.944019	0.072844	0.027483	0.004413	0.007411	0.003933	0.068242	0.017073	0.088183	0.014685	0.060307	0.018419	0.007995	0.011777	0.020253	0.435165	0.116657	0.005848	0.017123	0.001003	0.001184
78	na	3.066383	0.033401	0.025507	0.021349	0.006457	0.395659	0.050578	0.052304	0.085035	0.011112	0.006582	0.007178	0.009072	0.011523	0.004047	0.043725	0.018616	0.009211	0.019943	0.010349	0.178350
79	na	2.490025	0.025534	0.034631	0.003836	0.005008	0.003328	0.006950	0.002637	0.066315	0.012189	0.584449	0.012323	0.004411	0.019445	0.017571	0.043580	0.038452	0.016265	0.080904	0.003006	0.019165
80	na	3.784580	0.043288	0.027064	0.037092	0.182773	0.011810	0.039438	0.023450	0.043379	0.029591	0.070239	0.009925	0.066034	0.004386	0.014780	0.026436	0.073640	0.162969	0.097936	0.009083	0.026686
81	na	3.728581	0.015880	0.030963	0.020815	0.203887	0.055984	0.073819	0.013983	0.105513	0.020860	0.096363	0.002989	0.042215	0.015589	0.005838	0.060283	0.086104	0.035505	0.095438	0.002944	0.015029
82	na	3.839706	0.034210	0.081023	0.001679	0.006568	0.066180	0.006878	0.072111	0.011639	0.041987	0.072550	0.039051	0.018990	0.004726	0.167358	0.093259	0.118846	0.043077	0.029219	0.047566	0.043082
83	na	3.587057	0.083343	0.013654	0.004321	0.014090	0.005652	0.082700	0.013527	0.035459	0.006681	0.021963	0.007435	0.055732	0.180296	0.200742	0.067215	0.061802	0.047470	0.080842	0.003130	0.013946
84	na	3.378644	0.148296	0.098210	0.003855	0.004888	0.002619	0.089036	0.002234	0.037001	0.001684	0.159288	0.009211	0.086882	0.026010	0.014550	0.006823	0.142566	0.142299	0.015956	0.003061	0.005531
85	na	3.554139	0.111453	0.030926	0.001620	0.010210	0.001997	0.028622	0.015205	0.024095	0.008532	0.049213	0.004927	0.079115	0.196952	0.024400	0.141196	0.088782	0.126050	0.035863	0.002631	0.018209
86	na	3.293104	0.039257	0.006574	0.001149	0.005813	0.003709	0.116779	0.108052	0.008717	0.017768	0.183227	0.003032	0.248762	0.076276	0.006488	0.051649	0.068402	0.031225	0.008670	0.004676	0.009777
87	na	2.882260	0.011926	0.008803	0.009780	0.025540	0.006452	0.023947	0.008685	0.025224	0.483687	0.021617	0.015544	0.010645	0.040255	0.010013	0.127178	0.079486	0.037629	0.037653	0.004388	0.011550
88	na	3.098935	0.005579	0.200572	0.179581	0.013958	0.013059	0.019000	0.014726	0.031764	0.003546	0.043911	0.007294	0.290785	0.026743	0.005739	0.012158	0.087911	0.021616	0.018544	0.001417	0.002100
89	na	3.407639	0.151216	0.073182	0.004269	0.005007	0.051970	0.060302	0.011953	0.007197	0.008208	0.060122	0.004432	0.008483	0.175886	0.006129	0.022419	0.234674	0.023387	0.058240	0.015504	0.017420
90	na	3.635798	0.030618	0.015953	0.008616	0.010095	0.003911	0.041057	0.053624	0.030318	0.077692	0.066486	0.039345	0.045673	0.004056	0.054273	0.087102	0.105548	0.253800	0.064116	0.004204	0.003513
91	na	2.472540	0.013136	0.008699	0.003945	0.011679	0.018820	0.027998	0.005543	0.016552	0.361204	0.016178	0.009449	0.013305	0.006569	0.008209	0.403947	0.034956	0.010602	0.017491	0.008017	0.003701
92	na	2.745921	0.058291	0.010422	0.003784	0.003686	0.031222	0.115873	0.025734	0.005706	0.008664	0.039450	0.004396	0.037857	0.022027	0.010997	0.024715	0.064509	0.510393	0.014032	0.004765	0.003478
93	na	2.401079	0.014852	0.006011	0.004041	0.015646	0.005919	0.566862	0.002742	0.006756	0.005775	0.029859	0.011072	0.011407	0.094081	0.016548	0.016023	0.143775	0.017404	0.006730	0.016030	0.008466
94	na	2.881921	0.011248	0.020174	0.052233	0.019536	0.008829	0.531929	0.023542	0.050675	0.039987	0.032630	0.005219	0.027692	0.034803	0.020120	0.022996	0.029336	0.034581	0.010488	0.006364	0.017619
95	na	3.329599	0.180685	0.022934	0.032113	0.006459	0.004940	0.033346	0.035603	0.025783	0.034358	0.022103	0.005006	0.028125	0.294621	0.012466	0.034191	0.152868	0.014824	0.045639	0.008456	0.005480
96	na	3.171687	0.031928	0.005222	0.030023	0.011906	0.018840	0.010054	0.011629	0.269820	0.008262	0.295568	0.011379	0.012911	0.015358	0.007885	0.025114	0.055620	0.041198	0.088134	0.007287	0.041859
97	na	3.700008	0.028830	0.066370	0.017123	0.028174	0.032589	0.091252	0.008858	0.032888	0.067951	0.042100	0.003813	0.007477	0.018696	0.038235	0.147095	0.051454	0.021760	0.055416	0.007730	0.232188
98	na	3.579345	0.054861	0.015061	0.002139	0.009875	0.017486	0.021866	0.055009	0.014888	0.200304	0.156601	0.008353	0.040611	0.022570	0.060471	0.175080	0.041064	0.056948	0.029206	0.007119	0.010488
99	na	3.156065	0.041059	0.014969	0.007864	0.013306	0.007949	0.083119	0.024845	0.008545	0.120514	0.067411	0.003861	0.022365	0.006650	0.028835	0.409641	0.034243	0.020715	0.054923	0.008428	0.020757
100	na	3.709005	0.220402	0.006545	0.012597	0.016066	0.018052	0.040483	0.024915	0.049908	0.021005	0.114492	0.016921	0.027654	0.111245	0.033137	0.028876	0.100729	0.023492	0.093223	0.003706	0.036552
101	na	3.597297	0.037502	0.011265	0.209428	0.044696	0.004073	0.047261	0.005916	0.012356	0.014150	0.143433	0.004066	0.078179	0.074125	0.027151	0.126282	0.027527	0.068494	0.055253	0.002543	0.006301
102	na	3.268806	0.034175	0.031865	0.004277	0.003407	0.082115	0.113212	0.013130	0.008179	0.036936	0.190871	0.016400	0.004578	0.009461	0.005638	0.297187	0.064297	0.025577	0.010674	0.007861	0.040162
103	na	3.420385	0.136064	0.009683	0.007404	0.015136	0.003821	0.048483	0.024982	0.030773	0.101144	0.097111	0.009788	0.017592	0.012234	0.016887	0.064045	0.064779	0.043361	0.289197	0.003976	0.003542
104	na	3.572134	0.020115	0.012239	0.037524	0.009160	0.200940	0.012876	0.007956	0.099847	0.012043	0.058382	0.008076	0.005424	0.014605	0.010947	0.099069	0.095555	0.023355	0.067310	0.174437	0.030141
105	na	4.009292	0.032191	0.148836	0.059712	0.020543	0.064886	0.013286	0.041271	0.048936	0.010610	0.064718	0.051553	0.052502	0.086508	0.016786	0.086596	0.028121	0.091030	0.049068	0.008539	0.024308
106	na	2.197247	0.043369	0.025738	0.010713	0.019122	0.009433	0.021698	0.018427	0.008587	0.014533	0.025733	0.004819	0.017578	0.011064	0.006676	0.679567	0.029821	0.009004	0.011767	0.008159	0.024192
107	na	3.510651	0.023950	0.022783	0.061014	0.277212	0.016630	0.016362	0.130665	0.008391	0.015037	0.119969	0.005902	0.063452	0.011326	0.010198	0.034242	0.045340	0.028263	0.084375	0.005160	0.019731
108	na	3.098189	0.019564	0.013645	0.003987	0.004197	0.012536	0.081263	0.028198	0.011325	0.009414	0.406203	0.007453	0.004139	0.118165	0.054533	0.038330	0.062996	0.057434	0.057414	0.003518	0.005686
109	na	3.193513	0.036404	0.235645	0.007881	0.002646	0.034878	0.016456	0.017446	0.079737	0.039633	0.066734	0.009216	0.004294	0.031108	0.015172	0.035138	0.035583	0.011535	0.312231	0.001537	0.006727
110	na	2.184089	0.008386	0.015162	0.004451	0.009032	0.012826	0.010618	0.015386	0.073770	0.013310	0.667343	0.003886	0.008113	0.019530	0.009394	0.022820	0.017754	0.025188	0.044929	0.006291	0.011811
111	na	3.732204	0.028405	0.007682	0.003724	0.102556	0.137374	0.015736	0.038914	0.040289	0.005465	0.049519	0.129633	0.025828	0.005069	0.020348	0.048841	0.139406	0.095936	0.038202	0.000879	0.066196
112	na	3.602449	0.056110	0.038297	0.188734	0.034885	0.007529	0.053844	0.035236	0.026618	0.010180	0.101661	0.008988	0.222430	0.060366	0.006775	0.056124	0.035785	0.027212	0.004310	0.015117	0.009800
113	na	3.174257	0.013532	0.009374	0.011108	0.017807	0.017911	0.009756	0.020036	0.013708	0.403216	0.042416	0.013216	0.020922	0.019102	0.044936	0.090719	0.146177	0.052590	0.019767	0.018321	0.015387
114	na	3.867923	0.086873	0.014877	0.095472	0.145828	0.071143	0.028733	0.017908	0.036427	0.105097	0.019284	0.009721	0.115106	0.036273	0.066501	0.027200	0.042772	0.052392	0.006250	0.002411	0.019732
115	na	3.539470	0.054166	0.014152	0.085279	0.335819	0.079157	0.033192	0.013205	0.011529	0.030427	0.035625	0.020138	0.017091	0.023997	0.032279	0.064858	0.065346	0.037247	0.016056	0.004062	0.026377
116	na	2.919622	0.009487	0.107419	0.004890	0.008325	0.011891	0.029912	0.010148	0.316749	0.016757	0.049655	0.001238	0.019274	0.016798	0.009694	0.012287	0.012186	0.045125	0.300897	0.011567	0.005701
117	na	3.262376	0.025445	0.070590	0.013437	0.010483	0.014121	0.014651	0.022620	0.019200	0.018627	0.117526	0.025676	0.006517	0.011019	0.051423	0.376871	0.073017	0.028756	0.087544	0.003798	0.008678
118	na	3.014923	0.043861	0.013462	0.006451	0.043112	0.007574	0.012474	0.006709	0.041112	0.045166	0.147987	0.006015	0.004146	0.016119	0.033428	0.441284	0.017098	0.045882	0.045053	0.014406	0.008663
119	na	3.436258	0.023490	0.064757	0.030380	0.012478	0.009448	0.034383	0.016677	0.317365	0.008548	0.061539	0.016298	0.022614	0.012496	0.032931	0.026078	0.041880	0.069868	0.171850	0.008899	0.018020
120	na	3.840657	0.052790	0.019752	0.028978	0.024137	0.058214	0.052760	0.040519	0.053718	0.019495	0.079713	0.017671	0.090922	0.032338	0.012980	0.033325	0.074888	0.022574	0.017321	0.245136	0.022770
121	na	3.105955	0.014519	0.054910	0.009371	0.002314	0.006869	0.017781	0.012134	0.021303	0.005583	0.176247	0.012647	0.036612	0.008400	0.004934	0.288519	0.225664	0.047673	0.026470	0.015763	0.012287
122	na	3.645222	0.018340	0.017035	0.001227	0.015292	0.096416	0.015445	0.083288	0.054081	0.016634	0.144719	0.007158	0.030529	0.042933	0.068910	0.073315	0.048354	0.040294	0.216932	0.003679	0.005419
123	na	3.195506	0.378774	0.088285	0.008629	0.019083	0.008988	0.045594	0.010177	0.027558	0.006102	0.029229	0.005830	0.011883	0.027781	0.011351	0.058665	0.146496	0.054080	0.046621	0.010366	0.004510
124	na	3.461102	0.025903	0.019565	0.005080	0.024931	0.029419	0.263218	0.025130	0.031421	0.013655	0.041049	0.007972	0.233387	0.058755	0.023213	0.035385	0.083758	0.016712	0.026915	0.021920	0.012610
125	na	3.813451	0.038502	0.130495	0.028449	0.010663	0.050691	0.062412	0.020914	0.021417	0.006270	0.145764	0.010220	0.108986	0.024715	0.063116	0.046930	0.142700	0.031196	0.028187	0.008093	0.020280
126	na	3.155770	0.065444	0.027528	0.008537	0.028324	0.012097	0.187753	0.005225	0.010717	0.008040	0.335625	0.008770	0.040168	0.004458	0.029540	0.027335	0.135608	0.027495	0.026480	0.005689	0.005165
127	na	3.605481	0.139699	0.006026	0.032327	0.022947	0.036926	0.035733	0.032820	0.018779	0.025268	0.228420	0.009429	0.018315	0.005262	0.030201	0.051239	0.060071	0.123908	0.107976	0.001692	0.012962
128	na	3.739268	0.087258	0.015418	0.056882	0.009299	0.005959	0.020195	0.046244	0.034117	0.008427	0.139194	0.006118	0.111542	0.105274	0.014209	0.055062	0.074717	0.098549	0.105039	0.000689	0.005810
129	na	3.477589	0.188632	0.009891	0.001833	0.017222	0.005065	0.185719	0.004360	0.028789	0.026728	0.097688	0.007003	0.011188	0.025471	0.031105	0.084905	0.112887	0.075679	0.077513	0.001475	0.006846
130	na	3.517167	0.023593	0.028940	0.004829	0.014348	0.009816	0.010729	0.049667	0.003628	0.079327	0.047338	0.016427	0.019980	0.042765	0.022408	0.106476	0.073046	0.204562	0.219727	0.015884	0.006509
131	na	3.154186	0.257691	0.014625	0.005823	0.015419	0.003572	0.029296	0.034317	0.008292	0.003273	0.017990	0.023262	0.040715	0.240794	0.056793	0.008572	0.179828	0.017066	0.029864	0.003739	0.009069
132	na	2.770731	0.056879	0.011518	0.009769	0.012665	0.007116	0.403786	0.018907	0.048863	0.009145	0.025422	0.004242	0.017455	0.022857	0.025197	0.006957	0.279176	0.013986	0.011531	0.004434	0.010095
133	na	2.635929	0.048377	0.009158	0.082943	0.011135	0.011918	0.010859	0.006231	0.070500	0.005677	0.551182	0.016007	0.003384	0.017751	0.013129	0.034236	0.018240	0.017265	0.058918	0.002714	0.010377
134	na	2.827750	0.047339	0.029203	0.026129	0.021047	0.003624	0.016356	0.007680	0.011099	0.003013	0.019744	0.012050	0.029051	0.010702	0.009573	0.018244	0.207518	0.433625	0.085968	0.003379	0.004654
135	na	3.438159	0.058405	0.035485	0.009547	0.015375	0.070565	0.023016	0.375393	0.019014	0.010781	0.029098	0.077939	0.026024	0.037429	0.066881	0.027154	0.037594	0.036831	0.019688	0.007196	0.016584
136	na	3.130136	0.015499	0.066325	0.007700	0.006897	0.022658	0.018510	0.009943	0.261820	0.004504	0.227163	0.066796	0.008222	0.009590	0.011720	0.018283	0.031944	0.013689	0.185602	0.003508	0.009627
137	na	3.808269	0.013524	0.019176	0.029969	0.038337	0.067919	0.016037	0.029359	0.075747	0.062409	0.116544	0.229154	0.008776	0.038204	0.037965	0.048999	0.017690	0.027895	0.072165	0.005361	0.044770
138	na	2.965663	0.083257	0.015697	0.022037	0.003913	0.013450	0.022759	0.007317	0.391144	0.023606	0.235282	0.028746	0.008338	0.025915	0.009634	0.009583	0.029602	0.027979	0.020697	0.017205	0.003840
139	na	3.684077	0.022849	0.018687	0.021807	0.012149	0.126734	0.093829	0.026548	0.046390	0.017070	0.176820	0.016707	0.021993	0.033278	0.009421	0.042367	0.020270	0.015065	0.011728	0.180594	0.085695
140	na	3.532870	0.031375	0.018735	0.017147	0.090354	0.012380	0.031110	0.281900	0.058343	0.008744	0.024324	0.005763	0.013392	0.020942	0.072836	0.012558	0.147611	0.079090	0.036860	0.010596	0.025939
141	na	2.338950	0.017789	0.017207	0.010323	0.020080	0.014019	0.037762	0.007941	0.019838	0.009198	0.021444	0.004847	0.009741	0.028017	0.007662	0.021066	0.646954	0.027284	0.056203	0.004637	0.017987
142	na	3.294919	0.042102	0.011717	0.012557	0.025171	0.055975	0.058272	0.032823	0.012593	0.034932	0.035448	0.013612	0.341219	0.009382	0.012632	0.020151	0.208745	0.018352	0.019749	0.019647	0.014919
143	na	2.561913	0.025117	0.065305	0.005617	0.005886	0.007899	0.016106	0.026091	0.149152	0.007459	0.540318	0.011494	0.006189	0.043877	0.005947	0.007923	0.014864	0.012501	0.032937	0.006192	0.009126
144	na	3.354877	0.076262	0.031120	0.015344	0.011393	0.009400	0.140053	0.006480	0.016285	0.021025	0.020314	0.014071	0.339394	0.024687	0.041100	0.008903	0.061197	0.046562	0.094418	0.012664	0.009330
145	na	3.313074	0.057050	0.029548	0.404314	0.045248	0.012838	0.037556	0.091040	0.041213	0.022981	0.022193	0.008763	0.015011	0.034302	0.009716	0.016746	0.060778	0.052655	0.017888	0.007250	0.012910
146	na	2.599462	0.035089	0.005715	0.017528	0.001838	0.002905	0.014331	0.009007	0.006316	0.005288	0.023401	0.003622	0.122280	0.012179	0.009156	0.006776	0.482038	0.160828	0.066103	0.002300	0.013301
147	na	2.721981	0.012229	0.035318	0.014674	0.016313	0.012155	0.018620	0.032465	0.046846	0.011426	0.038762	0.005847	0.017801	0.016121	0.030055	0.028301	0.029729	0.569219	0.042952	0.003547	0.017621
148	na	3.159210	0.012801	0.009991	0.017424	0.007308	0.024505	0.018263	0.015069	0.075612	0.011021	0.031443	0.011092	0.013763	0.094559	0.020305	0.019092	0.068058	0.062031	0.056380	0.006507	0.424778
149	na	2.945616	0.018481	0.023857	0.007420	0.010155	0.007281	0.012599	0.009452	0.019053	0.021834	0.033367	0.007572	0.004289	0.016521	0.342794	0.291782	0.084328	0.038066	0.025764	0.019770	0.005614
150	na	2.221503	0.009905	0.007528	0.009390	0.019060	0.006258	0.013607	0.007823	0.009188	0.012554	0.123773	0.005400	0.005803	0.040271	0.010642	0.629211	0.053538	0.006981	0.007866	0.010688	0.010515
151	na	2.612471	0.018495	0.003793	0.013472	0.011598	0.005755	0.022329	0.017369	0.006645	0.020978	0.068713	0.006298	0.005779	0.019529	0.005023	0.050352	0.186806	0.501871	0.023585	0.004326	0.007283
152	na	2.028409	0.020377	0.003465	0.005326	0.008011	0.020486	0.041068	0.007230	0.007937	0.032742	0.010769	0.003592	0.012057	0.017309	0.041042	0.698395	0.042506	0.004497	0.012149	0.006063	0.004978
153	na	2.540399	0.593012	0.016411	0.012368	0.009101	0.005752	0.028565	0.010153	0.012234	0.006288	0.040278	0.004136	0.009534	0.027142	0.025746	0.040523	0.034985	0.065045	0.044209	0.006950	0.007567
154	na	2.308778	0.010489	0.024687	0.007062	0.011066	0.004051	0.005640	0.003135	0.249784	0.006136	0.522353	0.007783	0.005338	0.008305	0.004047	0.036862	0.022026	0.015454	0.046815	0.004682	0.004285
155	na	2.974379	0.014729	0.015168	0.012791	0.003004	0.011747	0.028213	0.008476	0.048211	0.017880	0.041857	0.002013	0.011662	0.006430	0.024259	0.048632	0.252478	0.090775	0.351730	0.002621	0.007326
156	na	2.137085	0.014542	0.006478	0.007637	0.024330	0.003643	0.018226	0.003860	0.012627	0.013914	0.009996	0.005178	0.007882	0.021403	0.003173	0.663245	0.088042	0.037409	0.043506	0.005206	0.009703
157	na	3.126180	0.097378	0.054740	0.006733	0.000872	0.001738	0.014264	0.005668	0.201743	0.005736	0.025055	0.006406	0.017089	0.004710	0.016362	0.014862	0.217275	0.187747	0.113143	0.005226	0.003254
158	na	2.973229	0.069456	0.022474	0.006201	0.008646	0.003095	0.426824	0.018208	0.028042	0.003032	0.070165	0.036173	0.047832	0.009658	0.012567	0.010059	0.154324	0.048989	0.013760	0.001795	0.008700
159	na	2.846332	0.031987	0.018990	0.031835	0.011239	0.005003	0.022683	0.006375	0.096153	0.008253	0.471045	0.135386	0.016917	0.009280	0.012425	0.010939	0.021621	0.008986	0.066553	0.007804	0.006527
160	na	3.382331	0.018518	0.043291	0.400106	0.089512	0.025447	0.040007	0.020907	0.018051	0.012894	0.030651	0.037312	0.038920	0.029365	0.040785	0.032839	0.022612	0.053461	0.032391	0.005407	0.007525
161	na	2.733346	0.407568	0.009605	0.006298	0.003165	0.001621	0.096607	0.002239	0.008041	0.013223	0.013231	0.003240	0.006496	0.162934	0.015325	0.055074	0.153670	0.022103	0.016183	0.001684	0.001693
162	na	2.105243	0.057943	0.005135	0.006657	0.019320	0.009205	0.023460	0.003234	0.018853	0.025104	0.022182	0.005170	0.005556	0.026132	0.007386	0.685627	0.036002	0.007402	0.014101	0.004387	0.017144
163	na	3.420459	0.016921	0.076406	0.006731	0.009428	0.036303	0.017577	0.010738	0.128412	0.004797	0.145029	0.061226	0.003709	0.001496	0.019125	0.005204	0.049319	0.159307	0.210892	0.027348	0.010030
164	na	2.969741	0.384270	0.095985	0.006173	0.001782	0.002559	0.019388	0.006908	0.047619	0.018449	0.014430	0.003246	0.055383	0.019487	0.006368	0.015998	0.168968	0.016665	0.105056	0.004447	0.006817
165	na	2.769965	0.150427	0.034770	0.011866	0.002249	0.006234	0.065917	0.004513	0.014090	0.000820	0.023615	0.006418	0.025832	0.066545	0.008992	0.005990	0.445367	0.111026	0.007695	0.001111	0.006522
166	na	2.518981	0.029551	0.005570	0.021951	0.023129	0.008360	0.008274	0.008503	0.011110	0.005075	0.526709	0.033060	0.010046	0.006762	0.171782	0.004649	0.077040	0.034262	0.008054	0.003816	0.002298
167	na	3.662864	0.030255	0.033615	0.012136	0.010959	0.011317	0.134462	0.029541	0.048129	0.005542	0.209156	0.146996	0.021142	0.028242	0.028564	0.028831	0.113844	0.050882	0.019422	0.023741	0.013227
168	na	3.418861	0.222315	0.015447	0.007831	0.006619	0.022796	0.012874	0.007323	0.038765	0.011631	0.041775	0.011609	0.023325	0.093126	0.206559	0.073353	0.131164	0.016366	0.045162	0.003018	0.008942
169	na	3.000537	0.083759	0.012500	0.004727	0.099819	0.013496	0.463850	0.050916	0.018777	0.043449	0.036766	0.003824	0.029882	0.018826	0.007449	0.016469	0.032465	0.023959	0.027563	0.004082	0.007423
170	na	1.935987	0.034370	0.007061	0.006076	0.009875	0.024418	0.031427	0.017929	0.012834	0.011182	0.020430	0.002276	0.009400	0.012696	0.008874	0.033438	0.724342	0.009520	0.014625	0.006338	0.002890
171	na	2.795144	0.012332	0.099175	0.082308	0.019321	0.013476	0.051404	0.007667	0.024078	0.005074	0.034267	0.030058	0.021500	0.010125	0.013538	0.014409	0.011721	0.514563	0.024900	0.002982	0.007099
172	na	2.700008	0.055459	0.026154	0.003852	0.011465	0.018702	0.006303	0.005042	0.162620	0.004154	0.485220	0.003348	0.013977	0.013744	0.087263	0.016504	0.031275	0.021660	0.027734	0.001609	0.003916
173	na	3.085641	0.064385	0.018293	0.004821	0.014783	0.012064	0.038961	0.048614	0.006642	0.008788	0.036618	0.002733	0.015386	0.426941	0.055564	0.038268	0.124197	0.043332	0.030909	0.002518	0.006182
174	na	1.650604	0.006794	0.004364	0.017838	0.012317	0.005196	0.034936	0.005513	0.008769	0.015467	0.014306	0.009279	0.018298	0.017598	0.008645	0.779072	0.011415	0.008868	0.009611	0.007670	0.004043
175	na	2.422196	0.014519	0.005104	0.008306	0.012557	0.010238	0.015491	0.007007	0.011078	0.131554	0.027335	0.003633	0.021499	0.024241	0.006543	0.590633	0.051231	0.018346	0.020631	0.007721	0.012334
176	na	2.350006	0.269282	0.010285	0.003987	0.004939	0.009739	0.128148	0.009959	0.012123	0.004940	0.014315	0.001816	0.003315	0.010358	0.003635	0.006689	0.457200	0.032380	0.009965	0.002568	0.004360
177	na	2.207505	0.017733	0.005947	0.004099	0.027605	0.051164	0.649371	0.014628	0.015439	0.006707	0.028573	0.006833	0.007567	0.005127	0.005323	0.036947	0.009828	0.015586	0.082481	0.004533	0.004511
178	na	3.364609	0.361317	0.012582	0.016895	0.008905	0.005657	0.039027	0.013281	0.017934	0.027187	0.053910	0.003640	0.066447	0.090905	0.022354	0.055186	0.029966	0.080414	0.020207	0.003617	0.070568
179	na	2.448041	0.592958	0.013260	0.008014	0.019264	0.003768	0.050971	0.006731	0.007580	0.011886	0.079050	0.007252	0.016372	0.015606	0.008284	0.024295	0.069255	0.009825	0.047352	0.004347	0.003929
180	na	2.208349	0.043168	0.006057	0.020266	0.022730	0.036164	0.674006	0.006345	0.013876	0.015299	0.024405	0.007569	0.006207	0.015469	0.015932	0.035171	0.019177	0.009720	0.015418	0.005077	0.007943
181	na	3.470466	0.250665	0.039692	0.015706	0.007155	0.013846	0.094005	0.043569	0.003920	0.019573	0.141797	0.067798	0.009285	0.004361	0.034313	0.049753	0.146615	0.024226	0.015573	0.009871	0.008276
182	na	3.092257	0.434820	0.015685	0.007573	0.003431	0.025142	0.081827	0.053092	0.013796	0.003878	0.034754	0.002386	0.021228	0.023303	0.018162	0.017232	0.096875	0.061408	0.038984	0.005023	0.041399
183	na	2.875171	0.056275	0.017524	0.019805	0.004584	0.005018	0.025100	0.004007	0.163781	0.012178	0.039521	0.008852	0.008303	0.018612	0.009812	0.028882	0.038873	0.064260	0.457089	0.001074	0.016451
184	na	3.145142	0.065915	0.017945	0.004974	0.008918	0.018560	0.024032	0.047711	0.016400	0.431869	0.071259	0.006636	0.015411	0.058384	0.022067	0.100270	0.027953	0.011075	0.019267	0.020132	0.011221
185	na	2.541890	0.054898	0.014554	0.019939	0.052695	0.013040	0.597677	0.037203	0.006550	0.004331	0.022682	0.008852	0.019305	0.012544	0.017304	0.036005	0.038909	0.011979	0.011915	0.002122	0.017495
186	na	3.375987	0.018251	0.028449	0.003970	0.007519	0.104315	0.005247	0.100347	0.075280	0.010602	0.189628	0.004497	0.025484	0.039015	0.043448	0.013631	0.015419	0.030229	0.260093	0.000975	0.023603
187	na	2.898848	0.106284	0.022961	0.013963	0.007385	0.009157	0.446808	0.004784	0.071239	0.005468	0.026350	0.009430	0.004804	0.072115	0.009685	0.007384	0.110897	0.020195	0.040937	0.004835	0.005319
188	na	2.837135	0.181846	0.004020	0.008688	0.029837	0.004591	0.026776	0.011946	0.009573	0.015021	0.022875	0.002107	0.017074	0.019926	0.019122	0.019572	0.190654	0.388903	0.016326	0.002686	0.008456
189	na	3.132391	0.033124	0.045761	0.006110	0.010692	0.010305	0.036658	0.044254	0.069259	0.008792	0.448497	0.048425	0.004535	0.019725	0.025000	0.010567	0.036594	0.037179	0.078064	0.010089	0.016373
190	na	3.340230	0.178498	0.016169	0.016831	0.006421	0.006183	0.144849	0.014603	0.050383	0.003427	0.022778	0.022878	0.020699	0.023513	0.012162	0.013619	0.072893	0.136298	0.229682	0.001728	0.006386
191	na	2.603160	0.016005	0.011301	0.015419	0.008046	0.011679	0.022791	0.017545	0.025967	0.015254	0.580658	0.091723	0.008190	0.012677	0.038240	0.023886	0.040923	0.007572	0.029361	0.012025	0.010736
192	na	3.512354	0.028012	0.022466	0.030084	0.323073	0.022635	0.063475	0.008621	0.033376	0.033136	0.020536	0.011033	0.083668	0.030932	0.012849	0.121609	0.066018	0.046169	0.026024	0.005481	0.010805
193	na	3.393361	0.033630	0.008104	0.006645	0.017816	0.012073	0.070213	0.005547	0.024716	0.006559	0.278456	0.040989	0.087746	0.043711	0.148749	0.009087	0.049179	0.127816	0.019962	0.003111	0.005891
194	na	3.065223	0.014793	0.013752	0.066686	0.006238	0.011134	0.001161	0.005904	0.174288	0.012431	0.153627	0.012924	0.005449	0.011691	0.043371	0.013734	0.023091	0.083690	0.333464	0.006973	0.005599
195	na	2.237406	0.006100	0.011516	0.006398	0.031989	0.007646	0.004708	0.008266	0.016039	0.030996	0.021954	0.003531	0.009279	0.052039	0.006595	0.655569	0.028990	0.058487	0.017468	0.007497	0.014935
196	na	3.651901	0.088863	0.022737	0.022246	0.006412	0.012801	0.072455	0.014570	0.053597	0.011865	0.060786	0.162816	0.024900	0.030093	0.031997	0.022546	0.222143	0.053371	0.075976	0.002415	0.007411
197	na	3.001595	0.022736	0.017454	0.030129	0.004934	0.004025	0.015636	0.003519	0.261826	0.006622	0.013772	0.019838	0.019589	0.014857	0.012773	0.005419	0.065901	0.325283	0.118961	0.026765	0.009962
198	na	3.059456	0.046917	0.010575	0.004773	0.007942	0.010495	0.013159	0.014126	0.011832	0.235550	0.104109	0.005876	0.018136	0.020359	0.057307	0.016842	0.344306	0.036431	0.021115	0.003173	0.016978
199	na	2.693928	0.032829	0.010178	0.004671	0.005152	0.015397	0.028474	0.023321	0.015204	0.013593	0.022194	0.026931	0.006773	0.022280	0.016827	0.560195	0.038358	0.023064	0.080273	0.004076	0.050210
200	na	2.771686	0.019325	0.010079	0.010091	0.035864	0.008088	0.548298	0.026280	0.024646	0.018123	0.063350	0.005368	0.013482	0.030545	0.013008	0.024137	0.050573	0.042314	0.040786	0.006760	0.008882
201	na	2.566542	0.069992	0.008256	0.010703	0.004996	0.004591	0.008586	0.004802	0.181342	0.005393	0.496132	0.015861	0.004979	0.015895	0.006150	0.009246	0.030415	0.037975	0.077465	0.004631	0.002590
202	na	3.786548	0.030713	0.066922	0.004069	0.008233	0.037043	0.079625	0.034213	0.041792	0.019293	0.094991	0.009483	0.189743	0.021676	0.050774	0.027045	0.031127	0.161739	0.043608	0.011921	0.035990
203	na	2.863363	0.016099	0.013380	0.500107	0.038106	0.007750	0.026666	0.011259	0.010458	0.095822	0.058547	0.005544	0.010455	0.027822	0.008193	0.029036	0.083028	0.019567	0.014768	0.006833	0.016557
204	na	1.599662	0.008416	0.013885	0.005051	0.006061	0.004262	0.009275	0.005786	0.003453	0.019914	0.022351	0.002110	0.011744	0.004256	0.012088	0.784009	0.012972	0.013428	0.038643	0.009481	0.012814
205	na	3.626565	0.109108	0.077369	0.019160	0.004486	0.005540	0.046500	0.009941	0.122337	0.025029	0.029929	0.001964	0.150919	0.018272	0.022527	0.036190	0.092520	0.178316	0.022596	0.006028	0.021267
206	na	3.660076	0.057126	0.043199	0.008254	0.005646	0.272684	0.003136	0.067779	0.019974	0.049862	0.082919	0.013721	0.043216	0.016186	0.068884	0.045717	0.089703	0.016788	0.055131	0.007708	0.032367
207	na	3.574946	0.023350	0.020968	0.010151	0.020456	0.055894	0.051113	0.008233	0.022607	0.008846	0.111181	0.004196	0.013637	0.012680	0.040489	0.131637	0.032281	0.029632	0.038004	0.260974	0.103672
208	na	1.701732	0.007948	0.013723	0.005687	0.003076	0.005008	0.010070	0.005891	0.007875	0.103307	0.015910	0.002379	0.003086	0.008114	0.015288	0.739315	0.013591	0.017947	0.005575	0.003659	0.012552
209	na	3.009432	0.026862	0.014255	0.022186	0.020188	0.005516	0.481321	0.018035	0.007378	0.023830	0.031730	0.008162	0.046643	0.021695	0.018705	0.049019	0.085207	0.026107	0.071007	0.005440	0.016714
210	na	3.191145	0.028615	0.032490	0.060851	0.212968	0.013386	0.082383	0.005499	0.003890	0.025221	0.332188	0.017144	0.033115	0.012859	0.012174	0.009357	0.064098	0.030607	0.014941	0.004085	0.004130
211	na	3.080005	0.075840	0.042095	0.004860	0.006317	0.030067	0.075319	0.001716	0.012595	0.003209	0.412392	0.002926	0.019579	0.020017	0.004145	0.018997	0.090766	0.101860	0.039867	0.017707	0.019726
212	na	3.068058	0.070315	0.018029	0.023549	0.008265	0.021801	0.441458	0.008569	0.063108	0.025905	0.122010	0.019985	0.013892	0.034359	0.017888	0.016682	0.053960	0.020524	0.006759	0.003746	0.009195
213	na	2.149209	0.015905	0.006332	0.012378	0.011738	0.005857	0.014846	0.003941	0.012187	0.008837	0.038668	0.003812	0.049169	0.014298	0.017282	0.679669	0.033749	0.038017	0.013723	0.006312	0.013281
214	na	3.686862	0.037411	0.011159	0.007080	0.008488	0.020323	0.030277	0.070158	0.082935	0.153431	0.090112	0.040966	0.034253	0.022054	0.088295	0.213984	0.016940	0.020179	0.031447	0.013255	0.007254
215	na	3.313439	0.048567	0.015881	0.031984	0.009232	0.013718	0.077423	0.007531	0.010730	0.079312	0.045464	0.004202	0.024338	0.003492	0.053968	0.058023	0.087441	0.366588	0.050711	0.004545	0.006849
216	na	2.831986	0.025768	0.004155	0.003993	0.005544	0.031763	0.016260	0.038793	0.008631	0.092593	0.032230	0.004466	0.007123	0.032584	0.004102	0.434841	0.021743	0.198005	0.018637	0.006409	0.012360
217	na	3.178137	0.036450	0.010244	0.003768	0.001941	0.008595	0.004899	0.002418	0.113791	0.010572	0.136239	0.036222	0.011333	0.004896	0.021209	0.013716	0.210006	0.173018	0.185079	0.003014	0.012589
218	na	3.143888	0.266786	0.028705	0.009201	0.003724	0.055897	0.029829	0.008300	0.029672	0.014865	0.015804	0.004827	0.006646	0.021191	0.006045	0.021968	0.277475	0.072994	0.110023	0.008225	0.007821
219	na	3.437075	0.060579	0.011819	0.019548	0.014663	0.025688	0.009560	0.079410	0.013363	0.011510	0.225436	0.012999	0.013424	0.007852	0.008817	0.022899	0.163558	0.087057	0.013281	0.021976	0.176560
220	na	3.567774	0.053915	0.015825	0.198716	0.172092	0.008631	0.143985	0.082706	0.021042	0.015612	0.019310	0.005778	0.008742	0.022087	0.078800	0.051221	0.014025	0.047988	0.006781	0.024805	0.007939
221	na	2.221713	0.007489	0.011650	0.006211	0.048244	0.005328	0.027410	0.009671	0.022634	0.049137	0.037789	0.005590	0.015018	0.011582	0.019303	0.665930	0.014780	0.008650	0.012680	0.009950	0.010954
222	na	3.160233	0.182111	0.064146	0.004426	0.017357	0.033650	0.124872	0.016351	0.033323	0.005393	0.008335	0.025966	0.015329	0.001953	0.002803	0.003416	0.247059	0.187413	0.005841	0.005719	0.014538
223	na	3.768359	0.030190	0.161559	0.019122	0.019864	0.023688	0.046290	0.019834	0.025275	0.021400	0.216285	0.012581	0.018904	0.067565	0.032443	0.031054	0.065198	0.022636	0.099777	0.017636	0.048698
224	na	3.757350	0.032009	0.013259	0.026058	0.010478	0.027215	0.020173	0.050873	0.028111	0.109880	0.167382	0.012708	0.169307	0.029331	0.018224	0.025325	0.042244	0.075078	0.111890	0.008761	0.021696
225	na	3.424138	0.013087	0.016147	0.014110	0.011825	0.014891	0.072306	0.012651	0.213247	0.011134	0.113223	0.007460	0.042906	0.020698	0.016505	0.047638	0.062130	0.038818	0.250370	0.006006	0.014845
226	na	2.993370	0.019331	0.015692	0.016274	0.011240	0.018274	0.015396	0.021194	0.022310	0.012039	0.471863	0.008331	0.010552	0.040236	0.031403	0.034424	0.120012	0.079613	0.026139	0.010381	0.015298
227	na	3.630068	0.074542	0.023091	0.019123	0.026087	0.059812	0.017998	0.018884	0.036408	0.334648	0.041193	0.012390	0.034932	0.042423	0.058270	0.023908	0.050512	0.057151	0.030989	0.013817	0.023825
228	na	3.346944	0.037307	0.006967	0.007142	0.042017	0.004353	0.288901	0.005833	0.014422	0.017693	0.088094	0.006308	0.070130	0.070243	0.011568	0.045760	0.077939	0.175613	0.017104	0.005248	0.007357
229	na	3.439022	0.041383	0.019377	0.010658	0.010676	0.015315	0.070787	0.050189	0.011911	0.353636	0.019551	0.008068	0.046307	0.056441	0.060068	0.059444	0.096776	0.017865	0.008029	0.030488	0.013030
230	na	3.129376	0.066574	0.072109	0.007616	0.043119	0.142953	0.004545	0.004778	0.014786	0.006410	0.342362	0.003068	0.004691	0.016669	0.016827	0.015971	0.016883	0.159478	0.033814	0.007482	0.019866
231	na	3.613493	0.040412	0.007676	0.009766	0.014247	0.007821	0.173456	0.097030	0.084166	0.006580	0.053270	0.036711	0.015357	0.036944	0.133460	0.169002	0.048621	0.008992	0.043859	0.003968	0.008662
232	na	3.696306	0.054604	0.037749	0.015009	0.017054	0.011219	0.027136	0.020694	0.073631	0.013677	0.044803	0.016601	0.020136	0.018865	0.020705	0.150503	0.063057	0.237293	0.072721	0.008141	0.076403
233	na	2.636962	0.176747	0.005192	0.005800	0.002262	0.010823	0.039724	0.002482	0.023665	0.003263	0.026613	0.020191	0.024985	0.095128	0.012860	0.016633	0.010348	0.487792	0.029392	0.004416	0.001684
234	na	3.226624	0.254615	0.009185	0.108118	0.006695	0.008013	0.014006	0.027821	0.088051	0.010269	0.013601	0.004835	0.019294	0.031387	0.006492	0.045542	0.224744	0.013399	0.107416	0.001822	0.004694
235	na	3.475148	0.039979	0.152667	0.003161	0.009404	0.007202	0.010498	0.017276	0.003696	0.074038	0.159572	0.004606	0.005228	0.077988	0.173702	0.019119	0.048123	0.129844	0.022763	0.037645	0.003489
236	na	2.675921	0.038991	0.020526	0.002913	0.024332	0.004641	0.033907	0.010939	0.005257	0.256718	0.024831	0.006112	0.006850	0.034365	0.004540	0.443313	0.021489	0.030671	0.020254	0.006981	0.002371
237	na	3.140800	0.236410	0.089765	0.012530	0.008334	0.004620	0.167064	0.050370	0.005086	0.006833	0.024684	0.026653	0.004234	0.006906	0.040576	0.025792	0.248461	0.025150	0.010200	0.000809	0.005523
238	na	3.038046	0.073962	0.017536	0.007641	0.007491	0.010575	0.044892	0.003629	0.088585	0.007955	0.377269	0.073219	0.016048	0.010733	0.031478	0.006737	0.176911	0.025188	0.016036	0.002681	0.001434
239	na	2.974732	0.270510	0.024944	0.017920	0.009169	0.004951	0.008360	0.009981	0.073681	0.004463	0.056278	0.061342	0.004929	0.004745	0.004885	0.005719	0.056901	0.030124	0.328968	0.006688	0.015442
240	na	3.568967	0.105208	0.008830	0.203362	0.026413	0.005346	0.072569	0.073727	0.031601	0.013628	0.117899	0.004824	0.073341	0.007143	0.006232	0.013656	0.141536	0.041974	0.040381	0.005168	0.007162
241	na	3.003832	0.012140	0.005225	0.008775	0.029827	0.019152	0.046043	0.020398	0.112907	0.026971	0.051448	0.006372	0.017526	0.032859	0.471720	0.048784	0.037577	0.020313	0.017576	0.006541	0.007846
242	na	3.202065	0.026346	0.116938	0.009344	0.009391	0.022140	0.020539	0.013646	0.079228	0.009112	0.030859	0.102607	0.009368	0.011849	0.020473	0.017607	0.049229	0.018368	0.395185	0.007258	0.030514
243	na	2.249475	0.030582	0.004334	0.008062	0.009533	0.032505	0.021228	0.005822	0.010511	0.100496	0.024755	0.009232	0.004799	0.008463	0.014131	0.640659	0.031313	0.010760	0.021999	0.005918	0.004897
244	na	3.558062	0.042016	0.008814	0.097338	0.299592	0.006260	0.087952	0.007936	0.050907	0.037391	0.047299	0.005894	0.088479	0.034649	0.027330	0.042928	0.048670	0.022132	0.031114	0.007712	0.005588
245	na	2.961515	0.150960	0.039222	0.002201	0.018414	0.007446	0.235572	0.003658	0.003798	0.003163	0.008805	0.002578	0.006605	0.155274	0.007024	0.024022	0.263318	0.027779	0.012504	0.002167	0.025490
246	na	2.436764	0.014725	0.023955	0.004288	0.005132	0.004885	0.011274	0.029250	0.005194	0.012384	0.018267	0.003485	0.051606	0.046644	0.035748	0.615158	0.029510	0.031360	0.010312	0.004910	0.041913
247	na	3.531585	0.074322	0.140652	0.004818	0.003048	0.022183	0.138765	0.033646	0.010084	0.027379	0.010770	0.002886	0.095556	0.062102	0.018324	0.017401	0.199207	0.101703	0.020499	0.004566	0.012089
248	na	3.062923	0.174274	0.011102	0.015454	0.011808	0.004328	0.016447	0.018343	0.007837	0.006372	0.043363	0.006077	0.003949	0.349788	0.030589	0.021153	0.164213	0.044560	0.051655	0.014656	0.004032
249	na	2.759798	0.044695	0.012433	0.008331	0.012920	0.006406	0.533428	0.018051	0.028803	0.007712	0.067176	0.007607	0.014495	0.027277	0.006264	0.093998	0.023128	0.031557	0.029760	0.018043	0.007915
250	na	3.613628	0.143174	0.018464	0.007084	0.005842	0.017373	0.126612	0.046067	0.032271	0.021501	0.045895	0.025899	0.231243	0.051993	0.023924	0.027226	0.106678	0.028965	0.026125	0.007022	0.006642
251	na	3.018563	0.358339	0.029436	0.008561	0.017332	0.019215	0.021697	0.008256	0.145279	0.018058	0.176458	0.004029	0.008384	0.008698	0.004001	0.007704	0.016086	0.028433	0.097394	0.002991	0.019648
252	na	3.147071	0.032546	0.036920	0.020597	0.457400	0.020395	0.012835	0.018638	0.038640	0.016457	0.024846	0.008580	0.046523	0.025638	0.010737	0.076100	0.048314	0.010332	0.059379	0.005144	0.029979
253	na	3.178858	0.024789	0.004640	0.019587	0.021599	0.020375	0.012371	0.019962	0.342507	0.007134	0.194306	0.034181	0.016389	0.005294	0.064423	0.018148	0.013542	0.121849	0.035602	0.006250	0.017052
254	na	3.926621	0.025175	0.032080	0.033837	0.204739	0.066554	0.081459	0.017451	0.042615	0.084313	0.044661	0.016371	0.021313	0.030215	0.093246	0.041132	0.066909	0.036869	0.031671	0.010418	0.018973
255	na	2.952250	0.017896	0.013970	0.499249	0.026773	0.006394	0.022184	0.008188	0.033111	0.016025	0.046745	0.010658	0.012942	0.098849	0.033172	0.031863	0.039426	0.040475	0.015652	0.011066	0.015362
256	na	2.661033	0.102489	0.033224	0.003217	0.004143	0.003876	0.028617	0.006198	0.014004	0.004822	0.516339	0.007382	0.032087	0.014786	0.003940	0.014798	0.048128	0.047975	0.103227	0.004412	0.006336
257	na	2.154520	0.007690	0.047214	0.003038	0.015549	0.021528	0.004542	0.003890	0.107950	0.004820	0.645582	0.027498	0.008191	0.002993	0.006618	0.008610	0.011017	0.028556	0.032911	0.008942	0.002862
258	na	3.232036	0.043064	0.079799	0.012903	0.010373	0.430679	0.053290	0.033442	0.012186	0.015078	0.073164	0.022629	0.014125	0.018008	0.045726	0.025884	0.022954	0.019598	0.040852	0.006632	0.019613
259	na	2.768291	0.218951	0.009844	0.005476	0.041374	0.002411	0.170412	0.006111	0.021761	0.002397	0.369682	0.010255	0.002586	0.012885	0.004661	0.003398	0.038662	0.022133	0.047842	0.004180	0.004980
260	na	3.023568	0.307209	0.016495	0.040127	0.006232	0.008279	0.025116	0.010123	0.018436	0.005864	0.017688	0.010398	0.007567	0.010782	0.004984	0.021138	0.064395	0.119096	0.276558	0.013103	0.016411
261	na	2.281462	0.008121	0.013834	0.009924	0.009721	0.010017	0.034896	0.008569	0.014947	0.081519	0.023053	0.012702	0.008627	0.018881	0.020994	0.649335	0.033645	0.012893	0.012946	0.008455	0.006921
262	na	2.690014	0.251040	0.013844	0.013127	0.015966	0.013086	0.079636	0.009849	0.008048	0.003798	0.006532	0.008026	0.026383	0.007728	0.015124	0.006140	0.439431	0.030963	0.026383	0.007429	0.017466
263	na	3.041196	0.320525	0.058379	0.007334	0.006165	0.006692	0.021143	0.019121	0.005613	0.005740	0.040197	0.031358	0.032623	0.009788	0.011459	0.008238	0.114445	0.250610	0.041817	0.004334	0.004419
264	na	3.028166	0.024586	0.013511	0.007916	0.030528	0.141399	0.038014	0.021729	0.030650	0.014614	0.457625	0.003638	0.015813	0.024970	0.048861	0.009726	0.025949	0.033427	0.029286	0.023116	0.004641
265	na	3.348505	0.045438	0.019538	0.001251	0.002333	0.000881	0.019340	0.008492	0.123016	0.003894	0.146888	0.072403	0.010590	0.155351	0.005782	0.007373	0.078830	0.133626	0.157057	0.002969	0.004951
266	na	3.106356	0.017530	0.012719	0.007409	0.013556	0.009181	0.007793	0.010299	0.231970	0.013369	0.277134	0.009169	0.003887	0.004703	0.025491	0.076251	0.010443	0.090785	0.148864	0.010966	0.018479
267	na	2.208234	0.017447	0.005415	0.002768	0.014792	0.003002	0.008764	0.018036	0.004066	0.412539	0.042917	0.001106	0.017743	0.011029	0.008954	0.397787	0.015152	0.007333	0.003855	0.002137	0.005157
268	na	3.109338	0.009216	0.053492	0.003160	0.027160	0.016892	0.110962	0.012830	0.037780	0.003192	0.010048	0.003372	0.007501	0.093165	0.006622	0.005341	0.270758	0.094254	0.229162	0.003590	0.001503
269	na	2.880844	0.099699	0.021949	0.006768	0.004015	0.003065	0.005433	0.025150	0.016945	0.011553	0.012498	0.004015	0.011170	0.116585	0.023293	0.020137	0.399691	0.183287	0.023477	0.005493	0.005779
270	na	3.487774	0.099250	0.011049	0.019471	0.004014	0.003886	0.061427	0.049471	0.024579	0.005569	0.069221	0.003241	0.074520	0.007055	0.054274	0.054434	0.142689	0.057200	0.251361	0.003722	0.003568
271	na	3.036918	0.404130	0.012090	0.005377	0.006919	0.031309	0.085912	0.006289	0.006798	0.010864	0.043464	0.025951	0.011431	0.042998	0.007424	0.095806	0.146806	0.012484	0.029402	0.003991	0.010554
272	na	2.874250	0.014040	0.006743	0.008244	0.041422	0.013646	0.067540	0.501656	0.012530	0.010729	0.050847	0.004707	0.006736	0.019779	0.059066	0.055992	0.066674	0.025093	0.020377	0.003428	0.010750
273	na	2.772688	0.031977	0.004536	0.004497	0.006355	0.011695	0.015375	0.009218	0.033647	0.529330	0.052997	0.010832	0.044793	0.052703	0.012288	0.024586	0.088751	0.021555	0.026815	0.003847	0.014205
274	na	2.049340	0.015438	0.019630	0.006730	0.005235	0.009306	0.030715	0.002312	0.005788	0.003883	0.042313	0.000787	0.009260	0.015314	0.002550	0.006694	0.631422	0.168108	0.012211	0.007198	0.005106
275	na	3.388833	0.075545	0.233923	0.006221	0.007805	0.024732	0.053901	0.015185	0.085839	0.007560	0.019714	0.003219	0.027002	0.016500	0.003654	0.030346	0.208795	0.100353	0.068960	0.002406	0.008340
276	na	2.784554	0.029161	0.042006	0.008888	0.007807	0.009999	0.011153	0.051391	0.011811	0.089630	0.526274	0.026176	0.006764	0.029456	0.012689	0.028623	0.023668	0.019215	0.058039	0.001188	0.006061
277	na	2.703207	0.056751	0.018473	0.021804	0.009519	0.007865	0.008089	0.011651	0.015640	0.008556	0.025545	0.027761	0.011639	0.560706	0.031534	0.047018	0.032970	0.053150	0.041590	0.005201	0.004539
278	na	3.125751	0.379118	0.026240	0.009764	0.010270	0.031185	0.094112	0.005163	0.031729	0.014444	0.094468	0.009759	0.002847	0.018796	0.005933	0.023622	0.133153	0.017377	0.079101	0.007961	0.004956
279	na	3.283617	0.101178	0.392422	0.015481	0.016703	0.013347	0.020756	0.008003	0.025244	0.026453	0.111537	0.004724	0.024301	0.038457	0.015518	0.025110	0.046392	0.027713	0.040880	0.008655	0.037126
280	na	3.307107	0.017093	0.057419	0.005692	0.018580	0.004652	0.014485	0.003977	0.140009	0.026258	0.071249	0.046966	0.038451	0.012197	0.004825	0.056172	0.021140	0.103079	0.336512	0.007261	0.013981
281	na	3.411126	0.040902	0.013108	0.007828	0.031572	0.012766	0.018452	0.020202	0.042354	0.013731	0.053563	0.008204	0.014051	0.067008	0.051470	0.039729	0.033747	0.027890	0.099074	0.027849	0.376500
282	na	2.764357	0.272096	0.016578	0.013480	0.013687	0.025010	0.419062	0.010478	0.008021	0.010881	0.025782	0.006493	0.013037	0.009202	0.009639	0.025891	0.055931	0.026943	0.022300	0.008235	0.007253
283	na	3.489749	0.045635	0.005778	0.009249	0.004224	0.002515	0.194099	0.025951	0.054772	0.022855	0.242450	0.005386	0.009390	0.043675	0.077018	0.041274	0.091989	0.042280	0.051943	0.022446	0.007073
284	na	3.354191	0.148752	0.004717	0.005448	0.002416	0.081154	0.012283	0.015412	0.001870	0.041708	0.120628	0.003258	0.008038	0.147547	0.017153	0.189795	0.015040	0.021441	0.027367	0.002265	0.133708
285	na	3.102487	0.027083	0.008003	0.005456	0.014860	0.006531	0.022797	0.026608	0.048893	0.014767	0.152782	0.008398	0.018370	0.028559	0.011611	0.042877	0.059450	0.047380	0.419384	0.003724	0.032468
286	na	3.558027	0.261935	0.017909	0.026081	0.064774	0.007467	0.146807	0.004507	0.005649	0.012306	0.054970	0.004953	0.037729	0.026344	0.030613	0.079877	0.079888	0.034712	0.023544	0.073493	0.006443
287	na	3.261601	0.016831	0.020242	0.013526	0.010236	0.012540	0.012770	0.015828	0.014723	0.013136	0.017760	0.008235	0.110034	0.024104	0.029324	0.209930	0.236244	0.191657	0.017942	0.008665	0.016272
288	na	2.685421	0.015114	0.013417	0.012164	0.005049	0.010463	0.361488	0.020164	0.013896	0.017643	0.043523	0.011844	0.010602	0.010701	0.013002	0.354690	0.043484	0.013476	0.017411	0.004019	0.007849
289	na	3.530720	0.053912	0.028985	0.011834	0.002849	0.057458	0.031443	0.190996	0.147381	0.008611	0.108815	0.006115	0.017387	0.008004	0.008666	0.159913	0.060023	0.006575	0.048417	0.001624	0.040992
290	na	3.713734	0.034328	0.019477	0.242210	0.104312	0.030581	0.013763	0.026330	0.008998	0.013705	0.064565	0.022141	0.075210	0.115952	0.023226	0.034477	0.076628	0.047618	0.025044	0.008041	0.013393
291	na	3.588620	0.038838	0.069165	0.005085	0.010250	0.248993	0.109371	0.040372	0.022180	0.077083	0.162487	0.020015	0.004537	0.027020	0.021889	0.027924	0.025526	0.017521	0.024586	0.037370	0.009789
292	na	3.696847	0.029178	0.012964	0.017332	0.079067	0.006517	0.088352	0.047692	0.029360	0.013389	0.157677	0.007819	0.009970	0.171007	0.072560	0.107454	0.082542	0.011929	0.012124	0.032868	0.010201
293	na	3.143392	0.008700	0.005269	0.006059	0.008951	0.003439	0.114323	0.176417	0.011562	0.075775	0.038929	0.006001	0.018487	0.048296	0.040220	0.010031	0.333846	0.009230	0.014367	0.001390	0.068711
294	na	3.682268	0.074525	0.042111	0.038809	0.029014	0.006975	0.105090	0.060619	0.013860	0.032247	0.028957	0.005320	0.137203	0.004793	0.098306	0.036499	0.030071	0.050611	0.199782	0.000875	0.004333
295	na	2.759106	0.023880	0.019928	0.039354	0.024962	0.017068	0.558488	0.006859	0.023435	0.013980	0.017015	0.007830	0.009182	0.054920	0.009721	0.048051	0.025297	0.044477	0.016380	0.010549	0.028624
296	na	3.030667	0.346143	0.009985	0.017201	0.005010	0.010513	0.036426	0.007168	0.012285	0.008186	0.022565	0.002261	0.009650	0.030357	0.006714	0.038421	0.112809	0.056114	0.028738	0.007294	0.232158
297	na	2.259803	0.026362	0.008133	0.004760	0.003484	0.013999	0.033493	0.009182	0.007337	0.004211	0.045644	0.002490	0.002589	0.017164	0.005693	0.018777	0.609404	0.131624	0.043962	0.003780	0.007912
298	na	2.179498	0.007208	0.015009	0.024748	0.005127	0.019803	0.017143	0.009982	0.024234	0.011467	0.664640	0.007088	0.005806	0.008544	0.008542	0.057112	0.054772	0.006146	0.042292	0.007545	0.002791
299	na	2.889147	0.037201	0.007135	0.018517	0.008084	0.005832	0.016337	0.004230	0.050681	0.014176	0.024598	0.036994	0.162654	0.011382	0.011735	0.031438	0.038443	0.029869	0.467894	0.020165	0.002637
300	na	2.326775	0.046509	0.009704	0.019264	0.012279	0.010773	0.627387	0.008720	0.004642	0.007302	0.025217	0.008762	0.025820	0.023859	0.003774	0.024762	0.098297	0.011479	0.014301	0.010916	0.006235
301	na	3.161517	0.024346	0.005879	0.003708	0.009929	0.019550	0.017550	0.008676	0.158817	0.022540	0.305922	0.013697	0.008687	0.045183	0.012353	0.215365	0.038032	0.005100	0.039217	0.023889	0.021557
302	na	3.681500	0.125314	0.024020	0.117841	0.005423	0.022835	0.011627	0.095571	0.011980	0.030973	0.097456	0.002980	0.121072	0.094986	0.018479	0.053788	0.123767	0.020354	0.006966	0.007383	0.007181
303	na	3.071133	0.046015	0.079500	0.018069	0.020681	0.007429	0.035122	0.004756	0.007368	0.010364	0.018894	0.026515	0.007705	0.418110	0.014133	0.015821	0.116219	0.048965	0.095099	0.003351	0.005883
304	na	3.482973	0.054874	0.016318	0.007476	0.023850	0.202158	0.036199	0.018537	0.112870	0.011610	0.142459	0.035827	0.014149	0.022722	0.005956	0.018386	0.024740	0.018501	0.205591	0.003068	0.024710
305	na	3.346903	0.040202	0.022075	0.008105	0.017243	0.067492	0.019809	0.015048	0.019446	0.219402	0.033250	0.014968	0.023827	0.016541	0.017401	0.321162	0.048053	0.010558	0.025565	0.025637	0.034217
306	na	3.166305	0.080917	0.015112	0.003459	0.008768	0.004851	0.011468	0.010559	0.053799	0.007454	0.387194	0.012477	0.009343	0.013831	0.055033	0.098683	0.085842	0.086562	0.027637	0.007066	0.019944
307	na	2.540377	0.074530	0.021756	0.004682	0.007761	0.024404	0.009656	0.007390	0.037317	0.009512	0.570317	0.013461	0.004231	0.004716	0.007738	0.033049	0.035941	0.076160	0.050169	0.002022	0.005186
308	na	3.378575	0.036597	0.044272	0.005661	0.011890	0.039258	0.006711	0.197341	0.164298	0.003078	0.117120	0.000659	0.192533	0.007070	0.041044	0.008316	0.044089	0.037418	0.028135	0.013454	0.001056
309	na	3.122342	0.190081	0.001025	0.003387	0.005751	0.003264	0.041866	0.026702	0.004583	0.131189	0.024117	0.006172	0.023837	0.012416	0.008288	0.259949	0.049961	0.175207	0.016343	0.006307	0.009556
310	na	3.217202	0.278409	0.056832	0.001580	0.007845	0.008224	0.112333	0.012283	0.007318	0.003173	0.044740	0.002604	0.012067	0.031178	0.027218	0.010328	0.182427	0.118805	0.071904	0.003523	0.007208
311	na	3.111474	0.054033	0.002568	0.003948	0.004539	0.003762	0.033533	0.011406	0.006426	0.032844	0.008534	0.000770	0.136277	0.003326	0.110868	0.279391	0.169744	0.105717	0.025604	0.001906	0.004804
312	na	3.303138	0.033451	0.053397	0.002017	0.013644	0.051020	0.015356	0.002369	0.183927	0.008984	0.163359	0.051681	0.009363	0.009531	0.004481	0.007464	0.044038	0.083253	0.244567	0.001370	0.016729
313	na	3.488525	0.036000	0.016996	0.018184	0.017800	0.008606	0.051956	0.089136	0.033439	0.004904	0.065469	0.007315	0.013812	0.036703	0.048721	0.035685	0.121689	0.016407	0.019128	0.031462	0.326587
314	na	3.070368	0.093348	0.076575	0.005143	0.028681	0.010648	0.044916	0.003653	0.031452	0.003639	0.008679	0.005197	0.038689	0.010265	0.008435	0.013246	0.404495	0.125999	0.056716	0.002699	0.027524
315	na	2.701135	0.016400	0.023041	0.004539	0.012589	0.033211	0.017241	0.006906	0.085471	0.009526	0.536412	0.092783	0.006834	0.013966	0.008763	0.028055	0.013951	0.024868	0.049587	0.005299	0.010558
316	na	3.159011	0.010954	0.036615	0.008838	0.005094	0.007606	0.015224	0.004962	0.293083	0.004137	0.183901	0.057716	0.015500	0.014106	0.008693	0.015887	0.083324	0.137424	0.090559	0.001563	0.004815
317	na	1.548990	0.011078	0.002247	0.013220	0.003685	0.003146	0.006047	0.014449	0.007222	0.009328	0.017562	0.002877	0.008058	0.018597	0.006283	0.791289	0.041620	0.012213	0.017093	0.007977	0.006009
318	na	3.700654	0.032984	0.045942	0.011124	0.004390	0.048685	0.049686	0.064722	0.022575	0.013992	0.098041	0.033153	0.009031	0.239745	0.035148	0.042474	0.142465	0.025435	0.052461	0.006672	0.021273
319	na	3.426197	0.054619	0.015598	0.002764	0.007791	0.018502	0.030633	0.021437	0.013947	0.034804	0.042860	0.002457	0.098856	0.014299	0.034732	0.153329	0.124343	0.265694	0.055875	0.003058	0.004402
320	na	3.157950	0.076561	0.022838	0.039987	0.413876	0.006305	0.065256	0.007422	0.011854	0.037548	0.010092	0.009759	0.010041	0.016679	0.015230	0.068042	0.058687	0.096847	0.017721	0.004606	0.010650
321	na	3.707615	0.073502	0.010249	0.006458	0.009569	0.013227	0.038984	0.073912	0.047753	0.097090	0.064675	0.006882	0.217830	0.023979	0.019017	0.116661	0.069466	0.017034	0.069201	0.012403	0.012107
322	na	3.185804	0.100549	0.037989	0.028782	0.003699	0.015531	0.027273	0.010372	0.029648	0.005285	0.048312	0.012087	0.009223	0.406747	0.027057	0.015694	0.100587	0.053945	0.052038	0.009172	0.006010
323	na	3.651067	0.170216	0.059864	0.005672	0.003556	0.018805	0.036826	0.051322	0.020789	0.003707	0.125772	0.013249	0.044369	0.060025	0.012773	0.052067	0.151518	0.045572	0.113422	0.002214	0.008262
324	na	3.287676	0.056965	0.012483	0.062104	0.006132	0.015546	0.057531	0.356725	0.008064	0.008439	0.017319	0.005388	0.016382	0.055631	0.080573	0.028005	0.132897	0.051002	0.015034	0.006642	0.007139
325	na	2.598382	0.034084	0.011688	0.014342	0.020707	0.037385	0.011324	0.013434	0.014003	0.605750	0.017943	0.012338	0.023481	0.017888	0.028520	0.028625	0.020152	0.038090	0.015223	0.019911	0.015112
326	na	2.814097	0.018166	0.030853	0.015452	0.007527	0.017538	0.018134	0.016490	0.024733	0.010132	0.048320	0.008229	0.075497	0.017038	0.014678	0.054011	0.538216	0.033969	0.024415	0.006229	0.020373
327	na	2.952407	0.012735	0.014133	0.027941	0.011558	0.007399	0.012357	0.012257	0.037665	0.045696	0.394841	0.007738	0.012188	0.024836	0.248575	0.022039	0.048359	0.016988	0.026000	0.006290	0.010404
328	na	2.462749	0.014673	0.003534	0.017675	0.009367	0.007308	0.011511	0.030152	0.040950	0.004918	0.616088	0.058778	0.040876	0.023882	0.013439	0.024209	0.014583	0.028203	0.020206	0.003339	0.016312
329	na	3.046057	0.014227	0.020166	0.036478	0.006044	0.036071	0.021422	0.007337	0.104126	0.002581	0.142228	0.026553	0.019861	0.022473	0.002869	0.040960	0.021782	0.021120	0.425269	0.020196	0.008236
330	na	3.593976	0.071678	0.018045	0.126420	0.016164	0.015199	0.031167	0.017732	0.048649	0.061674	0.053837	0.007036	0.012562	0.028724	0.008189	0.054191	0.042096	0.017432	0.058080	0.295965	0.015160
331	na	2.897716	0.013211	0.021405	0.005682	0.015584	0.020596	0.015638	0.011196	0.080648	0.006690	0.489737	0.106680	0.005976	0.017588	0.019281	0.022581	0.030470	0.062917	0.026366	0.006892	0.020862
332	na	2.685897	0.521368	0.018085	0.009987	0.012022	0.006314	0.045499	0.004795	0.027761	0.019746	0.026532	0.006185	0.009360	0.016336	0.007881	0.026745	0.143272	0.061782	0.024113	0.003730	0.008488
333	na	3.538349	0.091586	0.233343	0.003862	0.010133	0.016456	0.079674	0.008893	0.040892	0.007434	0.045082	0.024004	0.018829	0.020593	0.030783	0.012458	0.191112	0.077462	0.053867	0.006421	0.027116
334	na	3.571008	0.032724	0.276648	0.021227	0.031425	0.011821	0.060993	0.131413	0.015308	0.012539	0.028059	0.011909	0.123773	0.029885	0.014128	0.008013	0.050359	0.046406	0.040821	0.004321	0.048225
335	na	2.664632	0.099250	0.078961	0.018863	0.006428	0.006714	0.049638	0.003242	0.011535	0.004131	0.049824	0.002853	0.010634	0.008437	0.039099	0.022628	0.528955	0.031042	0.016536	0.001481	0.009749
336	na	2.747309	0.132472	0.041189	0.045579	0.001635	0.001447	0.177077	0.005097	0.008531	0.001041	0.402361	0.001834	0.063730	0.001997	0.002682	0.058026	0.008175	0.036219	0.008254	0.000722	0.001932
337	na	3.246184	0.271007	0.060481	0.006214	0.001878	0.008248	0.076560	0.003155	0.009963	0.004457	0.017275	0.002665	0.029392	0.055669	0.005175	0.135667	0.068709	0.055910	0.175342	0.002162	0.010071
338	na	3.176415	0.124198	0.011275	0.003924	0.004589	0.122032	0.034886	0.045696	0.019083	0.003640	0.025264	0.003195	0.035134	0.012981	0.381822	0.039664	0.041920	0.038181	0.037473	0.009121	0.005921
339	na	3.147734	0.021225	0.013145	0.138000	0.414663	0.006222	0.041879	0.009480	0.014277	0.063694	0.034465	0.006779	0.016865	0.046771	0.027665	0.009912	0.025192	0.039604	0.055329	0.005688	0.009145
340	na	3.285659	0.035088	0.039687	0.199146	0.015067	0.016961	0.047275	0.007317	0.010463	0.005656	0.011852	0.007282	0.060996	0.018857	0.004973	0.043366	0.292563	0.122631	0.049384	0.005487	0.005950
341	na	2.696305	0.051428	0.015139	0.011367	0.007178	0.011049	0.010395	0.009599	0.008636	0.011627	0.532825	0.010232	0.007490	0.057917	0.006692	0.031428	0.081609	0.019877	0.092000	0.008884	0.014627
342	na	2.836316	0.030043	0.012056	0.002503	0.011651	0.005885	0.223114	0.010511	0.009169	0.053412	0.030149	0.003463	0.020842	0.017925	0.011748	0.412750	0.093463	0.023160	0.019245	0.003644	0.005266
343	na	3.200696	0.061021	0.036547	0.006060	0.010313	0.005682	0.019621	0.005307	0.084396	0.014559	0.114067	0.009385	0.005002	0.018783	0.010614	0.021744	0.175385	0.069255	0.318677	0.003004	0.010578
344	na	2.279682	0.015611	0.008944	0.010277	0.013997	0.012141	0.017853	0.009914	0.022736	0.009050	0.647893	0.005291	0.013721	0.025312	0.017159	0.011944	0.082841	0.041530	0.021142	0.003786	0.008856
345	na	2.787382	0.027686	0.025391	0.009654	0.031187	0.012065	0.048011	0.004166	0.039887	0.006968	0.028231	0.003813	0.029756	0.043627	0.021481	0.049371	0.534317	0.065323	0.010366	0.002935	0.005767
346	na	3.509768	0.078029	0.043990	0.009220	0.033617	0.132159	0.060748	0.008067	0.029146	0.015965	0.306278	0.012894	0.017924	0.006976	0.017540	0.051871	0.069189	0.039398	0.049511	0.009087	0.008392
347	na	2.811376	0.164586	0.033813	0.004167	0.003345	0.029712	0.006875	0.007925	0.281882	0.004747	0.323394	0.010607	0.008439	0.014052	0.009596	0.019971	0.030189	0.011648	0.026447	0.002438	0.006166
348	na	2.209819	0.014812	0.008846	0.011872	0.009078	0.004749	0.016401	0.005581	0.026143	0.029134	0.035046	0.005210	0.011071	0.007461	0.016590	0.668382	0.049376	0.041003	0.023248	0.005850	0.010146
349	na	3.102802	0.024283	0.018666	0.009527	0.025264	0.050617	0.431138	0.112059	0.012525	0.009677	0.028353	0.008161	0.010121	0.017277	0.049003	0.023949	0.102307	0.034944	0.010615	0.009550	0.011963
350	na	3.569183	0.226453	0.012053	0.050889	0.004148	0.046082	0.076194	0.043380	0.009465	0.026833	0.117492	0.006804	0.007054	0.013229	0.022807	0.021436	0.073533	0.161438	0.052048	0.026940	0.001722
351	na	3.414966	0.052140	0.007494	0.003904	0.014629	0.022777	0.007380	0.033212	0.009128	0.228682	0.092262	0.005114	0.023455	0.149947	0.031771	0.186461	0.069679	0.012747	0.017978	0.004751	0.026489
352	na	2.933046	0.028876	0.006893	0.005076	0.017571	0.004440	0.024205	0.003526	0.045332	0.069946	0.170427	0.005330	0.008780	0.044774	0.007722	0.018623	0.053503	0.020165	0.434261	0.004169	0.026382
353	na	3.490186	0.080297	0.005332	0.003655	0.005339	0.018075	0.048424	0.004993	0.082263	0.029722	0.187012	0.002135	0.010555	0.196662	0.016159	0.056817	0.095415	0.098267	0.044695	0.009226	0.004958
354	na	3.167712	0.030158	0.063955	0.013817	0.005417	0.003754	0.027654	0.013271	0.044743	0.013030	0.063726	0.003516	0.066260	0.380525	0.005759	0.151066	0.041232	0.023744	0.039316	0.002729	0.006330
355	na	2.877512	0.011858	0.019007	0.012180	0.019048	0.010072	0.002980	0.015481	0.016379	0.056345	0.309893	0.003911	0.017389	0.022985	0.013427	0.358698	0.032594	0.024411	0.028793	0.011752	0.012796
356	na	2.932047	0.022498	0.011164	0.024505	0.017154	0.013352	0.500950	0.018236	0.013961	0.029137	0.074390	0.007040	0.017400	0.020233	0.020334	0.100428	0.036452	0.017977	0.014782	0.012597	0.027412
357	na	3.728641	0.041802	0.032375	0.015291	0.080904	0.019667	0.046908	0.025059	0.034349	0.290732	0.051515	0.012931	0.076379	0.022866	0.019986	0.060192	0.038692	0.025500	0.028413	0.009623	0.066817
358	na	2.510209	0.007163	0.013574	0.005416	0.020814	0.014419	0.009227	0.012330	0.060298	0.005788	0.575430	0.012176	0.013575	0.014441	0.004761	0.035055	0.013275	0.096538	0.069800	0.009662	0.006259
359	na	3.162888	0.045115	0.018451	0.002095	0.002924	0.006810	0.024360	0.033753	0.076589	0.004588	0.034496	0.001609	0.021495	0.013700	0.002767	0.250463	0.170332	0.048958	0.226784	0.006061	0.008647
360	na	3.033251	0.031578	0.127449	0.004639	0.004527	0.045046	0.043643	0.012070	0.011543	0.016258	0.014226	0.002117	0.007817	0.021350	0.004960	0.010780	0.117553	0.370348	0.138721	0.002532	0.012844
361	na	1.830508	0.007587	0.004155	0.002141	0.006286	0.009294	0.007609	0.007317	0.006660	0.008019	0.017704	0.001367	0.007929	0.010112	0.026943	0.651735	0.008716	0.005737	0.203765	0.001985	0.004939
362	na	2.529772	0.021163	0.005348	0.120603	0.015379	0.013401	0.577674	0.017916	0.015716	0.009548	0.034317	0.006078	0.019526	0.010674	0.016674	0.023289	0.031288	0.041193	0.007310	0.004518	0.008386
363	na	2.931495	0.063379	0.058154	0.024053	0.006427	0.016020	0.006393	0.004888	0.196165	0.007121	0.247880	0.006675	0.010919	0.008399	0.011138	0.014032	0.015786	0.012379	0.284210	0.001853	0.004128
364	na	3.257098	0.056781	0.040734	0.001872	0.002971	0.135996	0.022899	0.023214	0.027483	0.005481	0.122272	0.007636	0.009717	0.013330	0.108033	0.012261	0.062150	0.315679	0.018987	0.001728	0.010775
365	na	3.058765	0.048815	0.022378	0.009237	0.016278	0.044987	0.038489	0.010677	0.396975	0.008763	0.214367	0.012485	0.018325	0.009567	0.013629	0.033408	0.032779	0.013492	0.019953	0.030310	0.005086
366	na	2.537392	0.556155	0.009150	0.015808	0.023222	0.011513	0.017966	0.019892	0.015767	0.008626	0.028031	0.004379	0.011041	0.027589	0.006923	0.025345	0.154882	0.041496	0.008792	0.003674	0.009749
367	na	3.017421	0.123373	0.008678	0.004523	0.007376	0.010544	0.082013	0.011460	0.003062	0.020318	0.023998	0.008314	0.073328	0.006491	0.024107	0.035788	0.430569	0.073013	0.018710	0.015388	0.018946
368	na	3.677830	0.038618	0.006769	0.006342	0.052382	0.003894	0.199036	0.027444	0.100843	0.009793	0.054557	0.023424	0.091814	0.025099	0.028106	0.025043	0.085473	0.106222	0.106148	0.002246	0.006747
369	na	3.587891	0.016678	0.010499	0.022594	0.220356	0.008825	0.063856	0.156232	0.055672	0.021225	0.083636	0.006733	0.007934	0.096291	0.014016	0.010239	0.091718	0.032413	0.016796	0.003969	0.060316
370	na	3.433447	0.293090	0.025670	0.016079	0.008586	0.008432	0.012682	0.035381	0.013840	0.018381	0.110153	0.002957	0.084854	0.120195	0.011819	0.076712	0.027147	0.059480	0.062905	0.003515	0.008122
371	na	2.975308	0.243454	0.029942	0.002287	0.006723	0.004262	0.012472	0.009951	0.138162	0.003806	0.314550	0.032612	0.008524	0.037355	0.016112	0.009201	0.062248	0.004331	0.056750	0.001575	0.005686
372	na	3.585502	0.035303	0.041088	0.269661	0.155038	0.053555	0.019267	0.017592	0.038316	0.010398	0.061962	0.007628	0.107135	0.022292	0.023627	0.028269	0.046558	0.029408	0.011696	0.008104	0.013104
373	na	2.991359	0.134590	0.019117	0.006960	0.003010	0.018339	0.008861	0.016106	0.019735	0.002152	0.059369	0.039840	0.079806	0.011085	0.003722	0.019805	0.425126	0.076451	0.044101	0.003191	0.008634
374	na	3.353684	0.017363	0.225268	0.015530	0.012918	0.022166	0.048093	0.017077	0.310562	0.039170	0.031461	0.058791	0.043917	0.009016	0.030382	0.032762	0.022305	0.030181	0.007168	0.005944	0.019926
375	na	3.097902	0.013223	0.008544	0.098256	0.166125	0.009016	0.061240	0.007374	0.026298	0.026313	0.386085	0.003587	0.050664	0.014328	0.004191	0.007609	0.034224	0.036854	0.024401	0.005020	0.016645
376	na	3.145885	0.049589	0.024034	0.007331	0.005638	0.010975	0.149318	0.013610	0.010029	0.018976	0.031005	0.001747	0.029516	0.183108	0.008997	0.017040	0.321486	0.063543	0.048985	0.002384	0.002688
377	na	3.286833	0.078783	0.009189	0.005276	0.040618	0.037613	0.020049	0.014588	0.025697	0.003943	0.036334	0.044610	0.045507	0.024048	0.003915	0.036005	0.377872	0.109570	0.072933	0.003878	0.009571
378	na	2.957154	0.073073	0.004981	0.003013	0.007239	0.005009	0.032586	0.002489	0.010733	0.043494	0.027401	0.008700	0.004359	0.044788	0.007906	0.220844	0.280969	0.204813	0.011708	0.001010	0.004886
379	na	2.915898	0.014433	0.005034	0.006480	0.011773	0.012586	0.016011	0.010677	0.140800	0.007684	0.443180	0.114445	0.016054	0.018471	0.008987	0.017145	0.041491	0.031078	0.061536	0.002871	0.019262
380	na	3.385647	0.010197	0.068422	0.040264	0.308865	0.014736	0.029543	0.010958	0.018309	0.030027	0.016010	0.010170	0.015914	0.031484	0.208308	0.020388	0.029147	0.018233	0.029751	0.074531	0.014743
381	na	2.998445	0.004107	0.048499	0.003641	0.007932	0.039336	0.010270	0.007910	0.019417	0.008683	0.412251	0.032043	0.096209	0.011077	0.106965	0.007229	0.049419	0.115458	0.010613	0.004217	0.004724
382	na	1.991410	0.013822	0.004445	0.005763	0.009717	0.007406	0.026410	0.006700	0.011425	0.027533	0.043413	0.005758	0.005557	0.011810	0.007169	0.708931	0.047835	0.012155	0.023368	0.006317	0.014467
383	na	3.054215	0.050992	0.038457	0.065177	0.003217	0.002411	0.034481	0.001996	0.002152	0.006308	0.003900	0.003235	0.081346	0.013621	0.100964	0.011923	0.361604	0.140958	0.070601	0.001599	0.005059
384	na	3.246771	0.029350	0.039070	0.002463	0.003598	0.011940	0.059828	0.035104	0.010764	0.267492	0.026237	0.004421	0.017713	0.113167	0.010211	0.249027	0.041396	0.022081	0.044365	0.004272	0.007504
385	na	3.275869	0.013832	0.004275	0.066606	0.005092	0.043765	0.016339	0.008993	0.023171	0.009425	0.023290	0.071941	0.012917	0.358238	0.013996	0.102409	0.035889	0.027969	0.018730	0.010267	0.132856
386	na	3.735398	0.052614	0.023666	0.005587	0.015510	0.010515	0.073184	0.125158	0.028754	0.041848	0.121520	0.006822	0.011984	0.018667	0.009676	0.062919	0.038126	0.044616	0.036500	0.212745	0.059588
387	na	2.617033	0.415997	0.006074	0.006040	0.002191	0.013671	0.127948	0.005058	0.004126	0.025646	0.006498	0.001942	0.004164	0.016808	0.002731	0.012163	0.228466	0.050266	0.062895	0.003479	0.003836
388	na	2.720536	0.016959	0.006390	0.079326	0.009495	0.004300	0.034899	0.011887	0.538565	0.038850	0.053971	0.001273	0.007150	0.028245	0.010149	0.054435	0.046556	0.020914	0.018846	0.003642	0.014149
389	na	1.641525	0.023576	0.003744	0.010820	0.006316	0.003860	0.004612	0.003427	0.008192	0.059360	0.020602	0.002653	0.021893	0.009814	0.003688	0.766554	0.014067	0.016894	0.003799	0.012162	0.003964
390	na	2.047082	0.008433	0.014078	0.006832	0.003606	0.001877	0.017831	0.004600	0.004915	0.008767	0.010383	0.001638	0.027862	0.010800	0.004404	0.018370	0.263745	0.566903	0.018342	0.003377	0.003235
391	na	1.563878	0.009805	0.008140	0.002962	0.008226	0.001938	0.019911	0.003778	0.012682	0.047012	0.012447	0.003835	0.010327	0.011227	0.007388	0.788427	0.013276	0.010999	0.013156	0.007649	0.006817
392	na	2.381725	0.082914	0.012247	0.002926	0.004958	0.002788	0.066986	0.008538	0.034280	0.023108	0.011082	0.001664	0.012953	0.015728	0.008113	0.025217	0.604375	0.033205	0.040329	0.006696	0.001893
393	na	2.550922	0.290651	0.012706	0.004160	0.016957	0.009909	0.421245	0.007337	0.015510	0.009312	0.016343	0.003691	0.008747	0.005912	0.005440	0.013612	0.096552	0.014572	0.038249	0.005654	0.003440
394	na	2.273720	0.013699	0.004605	0.023756	0.031587	0.008674	0.641753	0.007895	0.084269	0.010309	0.010280	0.004266	0.029416	0.014029	0.018292	0.049992	0.012254	0.008929	0.012811	0.005536	0.007647
395	na	3.398180	0.061712	0.037496	0.002157	0.019931	0.015474	0.048309	0.090460	0.005237	0.026465	0.007532	0.004810	0.146429	0.023132	0.016616	0.298543	0.096497	0.056985	0.018484	0.001626	0.022105
396	na	3.100418	0.119761	0.013527	0.002438	0.000194	0.016759	0.040569	0.013368	0.005125	0.017420	0.098690	0.001578	0.016719	0.010031	0.013201	0.294988	0.234355	0.051018	0.016646	0.012071	0.021544
397	na	3.293226	0.027704	0.030180	0.004795	0.002203	0.058439	0.015264	0.029720	0.027174	0.140692	0.048561	0.002335	0.094830	0.013307	0.005329	0.344518	0.042465	0.054973	0.045647	0.009168	0.002697
398	na	3.170150	0.062373	0.023025	0.007599	0.001242	0.050208	0.013519	0.059950	0.022584	0.116021	0.089724	0.003469	0.006960	0.004357	0.058782	0.386670	0.025801	0.012222	0.040295	0.009543	0.005654
399	na	2.761359	0.047956	0.014674	0.014230	0.010231	0.003592	0.044821	0.013838	0.009712	0.104024	0.038562	0.001605	0.001148	0.080909	0.024509	0.509158	0.017668	0.026736	0.026164	0.004453	0.006011
400	na	2.541880	0.020412	0.021792	0.014597	0.016487	0.004538	0.030851	0.022325	0.013507	0.105631	0.018687	0.003046	0.004261	0.010694	0.007264	0.571956	0.047501	0.058309	0.014354	0.003557	0.010231
401	na	1.928454	0.036147	0.006962	0.006623	0.018961	0.002091	0.006184	0.004958	0.005917	0.028768	0.002292	0.000865	0.088005	0.054547	0.003954	0.687835	0.025382	0.009385	0.002340	0.005252	0.003532
402	na	3.161139	0.031151	0.008587	0.005711	0.017384	0.007878	0.013624	0.038479	0.006404	0.093156	0.021897	0.000980	0.003588	0.016889	0.013571	0.269194	0.190231	0.167220	0.082356	0.000895	0.010806
403	na	3.184416	0.259896	0.034794	0.011622	0.010910	0.004396	0.031738	0.024429	0.011241	0.030258	0.022216	0.001200	0.017131	0.012480	0.011722	0.083182	0.258081	0.133626	0.019568	0.001242	0.020267
404	na	3.403520	0.114157	0.023330	0.027634	0.003765	0.010987	0.329717	0.059104	0.017225	0.016352	0.020045	0.036643	0.018790	0.013685	0.012188	0.039468	0.126001	0.058006	0.051941	0.003066	0.017895
405	na	3.134470	0.086247	0.026245	0.009772	0.010913	0.006020	0.041258	0.009010	0.004965	0.208000	0.048460	0.012112	0.005825	0.040215	0.345640	0.014994	0.078092	0.016928	0.014348	0.012905	0.008051
406	na	3.457121	0.138457	0.031111	0.011492	0.011006	0.005238	0.015285	0.015372	0.266220	0.021613	0.036825	0.011831	0.047011	0.037305	0.024682	0.056916	0.125659	0.014614	0.119746	0.004431	0.005187
407	na	2.883646	0.011181	0.072873	0.015628	0.006396	0.005235	0.025180	0.012431	0.006385	0.018083	0.061214	0.013710	0.076867	0.010397	0.012423	0.015535	0.400348	0.219069	0.006579	0.004787	0.005678
408	na	3.199151	0.219090	0.022314	0.006712	0.019396	0.011732	0.007564	0.013556	0.018050	0.009070	0.116841	0.046289	0.013691	0.011624	0.012375	0.011653	0.156213	0.026354	0.258760	0.002552	0.016165
409	na	3.272099	0.266015	0.111476	0.001353	0.006216	0.002676	0.025878	0.029869	0.036749	0.001775	0.012396	0.004964	0.015843	0.000717	0.037309	0.007109	0.194123	0.095962	0.083184	0.023668	0.042718
410	na	2.195587	0.512076	0.031062	0.001973	0.003976	0.004439	0.010361	0.007890	0.002854	0.001385	0.011395	0.004341	0.005464	0.257390	0.007453	0.011700	0.091644	0.025299	0.007771	0.000508	0.001018
411	na	2.555826	0.244210	0.137802	0.003374	0.001970	0.003297	0.007222	0.004470	0.003401	0.003430	0.057211	0.002060	0.003340	0.009151	0.002807	0.013289	0.397937	0.046191	0.054761	0.002498	0.001579
412	na	2.896466	0.038463	0.007881	0.005471	0.001366	0.183270	0.008600	0.012528	0.076786	0.013896	0.436985	0.025438	0.030460	0.015514	0.010923	0.022099	0.009775	0.006680	0.018054	0.014490	0.061319
413	na	2.136863	0.024967	0.009814	0.001871	0.003172	0.013488	0.018306	0.008421	0.012165	0.009030	0.047962	0.005616	0.014384	0.010639	0.007729	0.076550	0.668528	0.030506	0.023403	0.002233	0.011216
414	na	2.773859	0.032270	0.157078	0.002991	0.002675	0.011666	0.008259	0.001636	0.018723	0.001375	0.124734	0.041402	0.004079	0.003736	0.002179	0.009422	0.019468	0.289969	0.264735	0.002107	0.001495
415	na	2.711294	0.155391	0.003181	0.002548	0.005609	0.017545	0.045716	0.004480	0.007612	0.021355	0.053404	0.005106	0.013878	0.001546	0.019970	0.116204	0.456917	0.013799	0.052949	0.001553	0.001236
416	na	1.973449	0.016435	0.010730	0.004331	0.011811	0.002385	0.007318	0.034419	0.004437	0.039363	0.008909	0.005042	0.008112	0.011841	0.029952	0.703427	0.060958	0.021942	0.011238	0.001955	0.005395
417	na	3.268030	0.007797	0.011874	0.002304	0.005480	0.002287	0.037394	0.030201	0.038383	0.062328	0.356754	0.002564	0.022962	0.078960	0.040512	0.145926	0.040917	0.035120	0.053657	0.017987	0.006590
418	na	2.925975	0.017667	0.085964	0.002160	0.002895	0.006347	0.006659	0.005967	0.092655	0.003750	0.371926	0.063506	0.002763	0.022694	0.020707	0.010633	0.030478	0.052176	0.197199	0.002440	0.001413
419	na	3.188985	0.090255	0.024638	0.002668	0.015691	0.007201	0.084943	0.031925	0.017518	0.043718	0.044152	0.033661	0.002596	0.350705	0.021650	0.040918	0.013249	0.004297	0.164551	0.004454	0.001209
420	na	2.888840	0.070652	0.012444	0.004197	0.003023	0.054781	0.006822	0.040720	0.014518	0.000869	0.033463	0.010093	0.028629	0.001446	0.003209	0.019201	0.388599	0.217498	0.073756	0.001799	0.014281
421	na	3.543445	0.142810	0.008954	0.021609	0.007711	0.018319	0.005307	0.075070	0.035627	0.002418	0.190609	0.027252	0.059590	0.000523	0.036035	0.012207	0.084066	0.129602	0.112458	0.000776	0.029057
422	na	3.010010	0.068232	0.037607	0.016793	0.007927	0.031272	0.077181	0.005384	0.008076	0.030445	0.124887	0.014848	0.025834	0.000871	0.008896	0.434899	0.041417	0.044595	0.011513	0.000167	0.009155
423	na	3.394447	0.020624	0.003138	0.004583	0.007722	0.003768	0.114471	0.040417	0.021483	0.039645	0.010653	0.009327	0.007764	0.089713	0.029148	0.218265	0.142018	0.043196	0.174989	0.003097	0.015978
424	na	3.312929	0.075821	0.012051	0.067154	0.030308	0.007900	0.009193	0.026144	0.018632	0.003903	0.297937	0.004653	0.014512	0.034228	0.016107	0.010774	0.098260	0.151924	0.110185	0.002133	0.008180
425	na	3.006750	0.141814	0.032184	0.004291	0.006344	0.003283	0.006294	0.004199	0.240396	0.002764	0.058655	0.007592	0.038069	0.006180	0.008727	0.005401	0.022245	0.243526	0.155796	0.003574	0.008665
426	na	3.557511	0.045497	0.126203	0.003185	0.008032	0.005557	0.008502	0.009114	0.086355	0.013340	0.103879	0.035974	0.049635	0.010740	0.037467	0.028798	0.115407	0.189763	0.117075	0.002155	0.003323
427	na	3.312559	0.076562	0.060148	0.004242	0.002036	0.004152	0.202323	0.007845	0.027490	0.003593	0.270702	0.015460	0.032762	0.065350	0.037524	0.016113	0.109848	0.023656	0.028178	0.006196	0.005819
428	na	3.499030	0.232638	0.150849	0.002931	0.013174	0.024976	0.029243	0.033178	0.024992	0.019358	0.036980	0.010940	0.035819	0.014217	0.016640	0.077686	0.060372	0.178445	0.022236	0.002159	0.013166
429	na	2.627106	0.011319	0.081178	0.007124	0.009259	0.154548	0.019122	0.004702	0.011213	0.004426	0.054566	0.013852	0.003339	0.012673	0.007008	0.032712	0.029269	0.014878	0.008191	0.007649	0.512970
430	na	3.244658	0.215770	0.013823	0.001579	0.000922	0.002675	0.093326	0.002043	0.003670	0.024214	0.012866	0.008031	0.090723	0.124712	0.004540	0.146720	0.157710	0.065088	0.020840	0.008776	0.001971
431	na	3.713699	0.078005	0.011849	0.002758	0.015064	0.100628	0.132326	0.006756	0.053064	0.002510	0.108046	0.033674	0.025192	0.036869	0.063986	0.031005	0.035495	0.029488	0.030001	0.008638	0.194645
432	na	3.978587	0.049008	0.119955	0.004947	0.002584	0.085574	0.024642	0.047959	0.023192	0.049344	0.060311	0.021918	0.065277	0.032676	0.101520	0.057282	0.060564	0.089891	0.078915	0.006609	0.017832
433	na	3.181902	0.033473	0.006645	0.007564	0.012153	0.017911	0.018101	0.016777	0.160754	0.005329	0.270989	0.004991	0.002575	0.033128	0.013767	0.224016	0.014476	0.045309	0.049694	0.001384	0.060962
434	na	3.066049	0.071211	0.014068	0.004599	0.078343	0.001240	0.014200	0.009455	0.005109	0.030682	0.045027	0.002102	0.013577	0.072857	0.052611	0.020331	0.421310	0.091060	0.040630	0.002548	0.009038
435	na	2.306436	0.031051	0.015523	0.011066	0.025362	0.017757	0.646357	0.008584	0.014342	0.007112	0.022090	0.007430	0.007645	0.011258	0.004028	0.030762	0.070879	0.035419	0.010344	0.014778	0.008213
436	na	1.445976	0.009977	0.005664	0.005947	0.017650	0.004064	0.012416	0.004796	0.006078	0.013943	0.024058	0.002760	0.006841	0.016401	0.005415	0.812365	0.015982	0.013779	0.014557	0.003267	0.004038
437	na	2.708259	0.076084	0.008801	0.113963	0.005251	0.006970	0.013024	0.009732	0.019461	0.005843	0.024802	0.002853	0.021850	0.003635	0.008742	0.014419	0.427583	0.212981	0.010203	0.003749	0.010052
438	na	2.955634	0.100016	0.005481	0.004057	0.001862	0.001796	0.265358	0.136856	0.002930	0.004332	0.006703	0.003395	0.111663	0.010999	0.004916	0.012435	0.204222	0.009341	0.104777	0.006305	0.002558
439	na	2.276375	0.005966	0.002849	0.156557	0.015629	0.004989	0.011955	0.009872	0.592789	0.007234	0.025843	0.003960	0.023961	0.003781	0.010895	0.061159	0.021662	0.020321	0.013941	0.000918	0.005720
440	na	3.797596	0.205985	0.019252	0.049989	0.014378	0.013685	0.065696	0.039079	0.014110	0.019013	0.037997	0.061887	0.009293	0.007849	0.043353	0.039653	0.140041	0.060520	0.021748	0.035437	0.101036
441	na	2.250520	0.037638	0.004290	0.020497	0.007015	0.008426	0.007548	0.103409	0.010030	0.018420	0.020709	0.003939	0.015641	0.014498	0.016935	0.643445	0.020398	0.015605	0.016220	0.007199	0.008139
442	na	2.956777	0.055630	0.014802	0.007363	0.003809	0.003587	0.074145	0.001385	0.076756	0.006238	0.043043	0.003767	0.029968	0.003532	0.004007	0.017363	0.247839	0.320817	0.080589	0.001067	0.004293
443	na	3.380510	0.044520	0.008775	0.073501	0.392846	0.007261	0.062625	0.020411	0.025886	0.039443	0.018543	0.030208	0.039094	0.022291	0.014510	0.049729	0.067352	0.028670	0.032672	0.006450	0.015212
444	na	3.428036	0.041358	0.030736	0.009049	0.003621	0.008913	0.019897	0.005429	0.195861	0.009515	0.201429	0.027980	0.003030	0.007705	0.123279	0.049072	0.023423	0.102885	0.105055	0.028538	0.003223
445	na	3.170902	0.066230	0.075643	0.005884	0.011557	0.006733	0.037523	0.006995	0.395494	0.018138	0.088826	0.000695	0.006622	0.011613	0.006721	0.074641	0.076400	0.026661	0.049426	0.009604	0.024594
446	na	3.453640	0.054164	0.025068	0.196729	0.091447	0.002281	0.023090	0.012909	0.020444	0.037829	0.028483	0.004291	0.017211	0.007779	0.016006	0.169543	0.086495	0.175151	0.023203	0.000840	0.007038
447	na	3.530963	0.024569	0.028066	0.004564	0.008056	0.058184	0.012037	0.021757	0.222991	0.013623	0.152308	0.034658	0.005206	0.003755	0.079659	0.119823	0.105065	0.060407	0.025963	0.011492	0.007818
448	na	3.674337	0.043338	0.005964	0.022333	0.025862	0.006809	0.018388	0.019106	0.079362	0.025428	0.110951	0.119268	0.020875	0.028103	0.205095	0.046475	0.075786	0.117733	0.018247	0.006105	0.004771
449	na	3.519674	0.042938	0.009696	0.017698	0.177333	0.015475	0.052556	0.008362	0.015570	0.033963	0.068719	0.011112	0.060988	0.132612	0.031669	0.018980	0.030977	0.235101	0.031550	0.001643	0.003057
450	na	3.489174	0.005983	0.032354	0.004464	0.002926	0.007373	0.066987	0.016278	0.014488	0.002384	0.152848	0.022571	0.078172	0.070891	0.009930	0.037828	0.092501	0.214884	0.020085	0.009562	0.137491
451	na	3.579420	0.030499	0.007133	0.041843	0.014720	0.048112	0.253204	0.064004	0.046953	0.012794	0.088707	0.011962	0.046249	0.013283	0.015621	0.169710	0.011753	0.006942	0.067176	0.038924	0.010411
452	na	3.763187	0.016203	0.004909	0.004569	0.011395	0.091916	0.055132	0.018089	0.045680	0.110450	0.045325	0.006828	0.049444	0.085462	0.018734	0.172130	0.098790	0.019027	0.091346	0.003124	0.051446
453	na	3.712778	0.036312	0.006359	0.050656	0.004663	0.008636	0.115084	0.009292	0.019699	0.019685	0.051570	0.013333	0.126926	0.113141	0.054790	0.189574	0.072017	0.042632	0.037744	0.020676	0.007210
454	na	3.593677	0.118124	0.099013	0.011869	0.022094	0.007831	0.099044	0.009325	0.023672	0.024217	0.139226	0.001837	0.001378	0.027753	0.070064	0.009723	0.035967	0.146533	0.133162	0.006501	0.012666
455	na	3.743149	0.020002	0.027913	0.006667	0.020182	0.015393	0.123646	0.044179	0.060081	0.008843	0.174666	0.004343	0.041596	0.025250	0.100977	0.103159	0.063063	0.089192	0.057571	0.000450	0.012828
456	na	3.338775	0.076196	0.038796	0.000506	0.000803	0.004354	0.195626	0.008600	0.009762	0.045938	0.014619	0.011181	0.060888	0.005176	0.053821	0.283039	0.058841	0.007564	0.059225	0.046364	0.018702
457	na	2.952071	0.026271	0.003389	0.028697	0.012679	0.007936	0.190204	0.010827	0.007394	0.001842	0.081041	0.003491	0.106068	0.033693	0.042233	0.015281	0.381558	0.031791	0.013340	0.000620	0.001644
458	na	3.277575	0.015408	0.009225	0.009924	0.015597	0.321073	0.021086	0.006562	0.048183	0.008757	0.155730	0.005967	0.006006	0.027880	0.023828	0.019876	0.060183	0.021751	0.016891	0.057991	0.148081
459	na	3.124285	0.009527	0.004200	0.012203	0.017715	0.011660	0.164985	0.043019	0.017530	0.029828	0.039353	0.012216	0.012895	0.054990	0.046682	0.399703	0.029695	0.065356	0.015281	0.000769	0.012394
460	na	2.628793	0.091220	0.045778	0.002775	0.002831	0.008910	0.154643	0.019885	0.000948	0.014466	0.034499	0.010688	0.008109	0.009240	0.007225	0.492075	0.066850	0.013897	0.009227	0.002349	0.004386
461	na	1.657339	0.061148	0.003436	0.003388	0.018156	0.004505	0.016636	0.004408	0.004710	0.008285	0.016928	0.002287	0.005287	0.005420	0.025388	0.760236	0.033372	0.006212	0.009824	0.006975	0.003399
462	na	2.892333	0.072039	0.019452	0.007695	0.044525	0.029397	0.490768	0.012510	0.005300	0.013171	0.050124	0.002219	0.007026	0.049257	0.004837	0.078610	0.030357	0.044248	0.006605	0.003303	0.028557
463	na	2.904624	0.070753	0.018338	0.004436	0.005652	0.003800	0.043005	0.003120	0.144695	0.012094	0.098611	0.012862	0.004534	0.003810	0.002409	0.030234	0.054548	0.051415	0.421614	0.002092	0.011979
464	na	2.544974	0.011219	0.005746	0.005206	0.021744	0.486905	0.017775	0.080646	0.008180	0.004776	0.017131	0.002609	0.003703	0.196197	0.014877	0.005168	0.078762	0.024894	0.006784	0.002503	0.005177
465	na	2.238901	0.015241	0.002470	0.014000	0.498964	0.002605	0.073965	0.002697	0.003452	0.007089	0.002940	0.068148	0.002285	0.005118	0.004219	0.261287	0.004157	0.009593	0.010155	0.007800	0.003816
466	na	3.709612	0.030239	0.019435	0.003164	0.003327	0.123986	0.005862	0.054216	0.105746	0.002977	0.111909	0.062124	0.004474	0.064330	0.074908	0.019180	0.029268	0.055674	0.026740	0.025740	0.176700
467	na	3.381231	0.007070	0.009775	0.020520	0.034533	0.017971	0.089876	0.021693	0.065470	0.088392	0.034965	0.030226	0.031920	0.018096	0.008549	0.044781	0.367380	0.032374	0.064217	0.006920	0.005273
468	na	2.915380	0.012831	0.168556	0.352499	0.016604	0.003959	0.006347	0.008609	0.007480	0.005626	0.012806	0.002951	0.035460	0.071522	0.009930	0.006017	0.067729	0.184152	0.019725	0.003294	0.003903
469	na	3.302313	0.081415	0.010373	0.046312	0.363116	0.002564	0.050198	0.007741	0.011706	0.030124	0.078975	0.008593	0.022991	0.005644	0.063847	0.034376	0.099544	0.016173	0.053391	0.005309	0.007608
470	na	0.839389	0.001683	0.002918	0.001643	0.001128	0.001419	0.001593	0.001151	0.001376	0.017910	0.007733	0.002520	0.005371	0.008061	0.003573	0.890895	0.042979	0.002555	0.001037	0.002744	0.001711
471	na	1.391284	0.811895	0.011167	0.009095	0.004574	0.004057	0.015587	0.008498	0.015589	0.003703	0.005914	0.001787	0.002595	0.001744	0.007990	0.025218	0.004298	0.025784	0.003927	0.000893	0.035686
472	na	3.154077	0.311352	0.008167	0.014800	0.045148	0.007586	0.007061	0.009295	0.006645	0.014621	0.019807	0.002918	0.036180	0.026300	0.014538	0.034783	0.092529	0.259533	0.032764	0.031394	0.024579
473	na	2.805386	0.004563	0.004601	0.002162	0.001810	0.057006	0.005850	0.027873	0.005929	0.005693	0.136425	0.041201	0.041965	0.004757	0.089328	0.453917	0.032955	0.063737	0.015118	0.003359	0.001750
474	na	2.436583	0.123540	0.003068	0.003308	0.002243	0.006077	0.001328	0.004016	0.008200	0.002535	0.009930	0.008222	0.003545	0.397091	0.003284	0.216369	0.017322	0.178407	0.003755	0.003212	0.004549
475	na	2.349578	0.095931	0.010565	0.004911	0.003011	0.004906	0.053062	0.005932	0.605625	0.004437	0.015468	0.026815	0.004314	0.012982	0.005051	0.015311	0.016979	0.061655	0.027426	0.001755	0.023864
476	na	2.684652	0.336313	0.011223	0.001286	0.060428	0.001539	0.060720	0.001609	0.001623	0.001180	0.056888	0.002941	0.002416	0.102483	0.007020	0.022734	0.011110	0.022353	0.294193	0.000368	0.001571
477	na	0.987579	0.021737	0.008738	0.004138	0.003762	0.003842	0.003281	0.005746	0.003966	0.003894	0.005825	0.003965	0.006095	0.883220	0.004104	0.005290	0.008655	0.010985	0.004955	0.002788	0.005015
478	na	2.617804	0.002200	0.003580	0.001730	0.001239	0.030836	0.009357	0.019157	0.007834	0.016255	0.083658	0.003857	0.004516	0.048802	0.151974	0.070265	0.496777	0.008507	0.009755	0.009354	0.020347
479	na	3.504033	0.053609	0.076055	0.005169	0.003024	0.080142	0.035275	0.077564	0.286202	0.003091	0.057856	0.000927	0.019198	0.062942	0.004940	0.077479	0.044206	0.070683	0.017912	0.001321	0.022405
480	na	3.782000	0.196169	0.011885	0.064320	0.008072	0.084249	0.042801	0.053679	0.002253	0.107581	0.038751	0.007048	0.042296	0.082918	0.023808	0.018001	0.078035	0.040029	0.015964	0.004831	0.077309
481	na	3.011817	0.016102	0.010429	0.003333	0.009277	0.005646	0.106365	0.019470	0.019553	0.038458	0.051351	0.094520	0.018610	0.003095	0.020187	0.442221	0.017400	0.014168	0.024090	0.077807	0.007917
482	na	1.731928	0.002054	0.005449	0.084654	0.013723	0.004263	0.000462	0.004816	0.012496	0.013784	0.006154	0.002183	0.059516	0.002921	0.004372	0.039926	0.721313	0.012600	0.003702	0.000965	0.004648
483	na	2.920317	0.010587	0.003722	0.014478	0.013178	0.010422	0.006459	0.023420	0.096725	0.061469	0.324108	0.034221	0.298320	0.011691	0.022021	0.006820	0.010791	0.020377	0.006653	0.002171	0.022366
484	na	2.854791	0.048471	0.002031	0.008742	0.060090	0.008809	0.022078	0.001616	0.003195	0.038424	0.005098	0.009210	0.012173	0.270240	0.004932	0.006335	0.044973	0.094632	0.345987	0.009550	0.003413
485	na	3.112784	0.008115	0.032377	0.005729	0.004575	0.096199	0.229127	0.004759	0.007521	0.009345	0.046860	0.008544	0.003756	0.003496	0.016119	0.312548	0.032996	0.013585	0.022888	0.057500	0.083960
486	na	1.491260	0.009848	0.010348	0.004827	0.004741	0.009466	0.013030	0.004781	0.032254	0.007225	0.014596	0.005832	0.007749	0.008969	0.005915	0.022036	0.804246	0.013874	0.004004	0.002793	0.013466
487	na	2.542543	0.024364	0.016879	0.016198	0.009910	0.013689	0.006478	0.073020	0.040578	0.009945	0.032134	0.008576	0.029963	0.023893	0.017030	0.018831	0.020631	0.018866	0.011512	0.005890	0.601613
488	na	2.519695	0.017718	0.013984	0.010307	0.008699	0.601798	0.038441	0.013409	0.059447	0.010437	0.054894	0.007793	0.010517	0.021271	0.016658	0.013900	0.050161	0.013244	0.015651	0.005936	0.015736
489	na	2.672909	0.012675	0.024399	0.014440	0.013797	0.564596	0.005532	0.087256	0.020038	0.013556	0.062104	0.009418	0.017084	0.022066	0.014061	0.017924	0.032778	0.019526	0.015990	0.006448	0.026314
490	na	1.561191	0.008740	0.008999	0.007794	0.011705	0.006664	0.799318	0.013177	0.008303	0.009573	0.013783	0.007066	0.011433	0.010586	0.009619	0.014374	0.017850	0.009086	0.011793	0.004056	0.016082
491	na	3.047835	0.018209	0.042964	0.466995	0.028018	0.014657	0.038636	0.013533	0.020750	0.008568	0.023335	0.010495	0.025184	0.013781	0.010459	0.049463	0.062325	0.015361	0.109481	0.015256	0.012529
492	na	3.075258	0.014139	0.040026	0.017125	0.009328	0.006165	0.006645	0.015272	0.010498	0.065050	0.038085	0.012944	0.357655	0.013533	0.022126	0.244416	0.048117	0.036509	0.026030	0.006071	0.010267
493	na	3.431249	0.241803	0.007137	0.002023	0.005767	0.021775	0.008246	0.024847	0.019277	0.076940	0.025879	0.007855	0.096562	0.006538	0.016473	0.057388	0.034818	0.197614	0.065281	0.006666	0.077113
494	na	3.421204	0.084214	0.004660	0.024004	0.305409	0.006080	0.047031	0.016189	0.083165	0.054598	0.019582	0.005696	0.100048	0.119585	0.008170	0.019118	0.020441	0.034219	0.036950	0.005187	0.005653
495	na	3.261514	0.008396	0.003390	0.007351	0.069618	0.001251	0.032556	0.004980	0.012205	0.045772	0.051575	0.024493	0.172395	0.010200	0.004190	0.028814	0.175612	0.120201	0.222978	0.001998	0.002026
496	na	3.666291	0.056054	0.038393	0.010270	0.003787	0.174781	0.051589	0.008394	0.016814	0.040172	0.063316	0.013039	0.022624	0.003161	0.005476	0.048482	0.074065	0.019244	0.109193	0.052709	0.188438
497	na	3.711025	0.044540	0.031791	0.059233	0.020137	0.048289	0.130486	0.025416	0.072264	0.002123	0.087161	0.037293	0.060200	0.001626	0.005601	0.003378	0.124907	0.033639	0.177183	0.002587	0.032146
498	na	3.322937	0.021668	0.008351	0.000740	0.003901	0.005064	0.035736	0.022064	0.092662	0.214818	0.029017	0.011777	0.049191	0.003843	0.034534	0.240771	0.072918	0.117192	0.023309	0.001471	0.010973
