#SITE	WT_AA	SITE_ENTROPY	PI_A	PI_C	PI_D	PI_E	PI_F	PI_G	PI_H	PI_I	PI_K	PI_L	PI_M	PI_N	PI_P	PI_Q	PI_R	PI_S	PI_T	PI_V	PI_W	PI_Y
1	na	4.106695	0.053206	0.037081	0.034533	0.027818	0.033778	0.045948	0.045166	0.038157	0.032786	0.072090	0.179330	0.033800	0.048991	0.034749	0.073516	0.049615	0.061725	0.045806	0.022423	0.029481
2	na	1.353767	0.804101	0.004603	0.005151	0.009860	0.006123	0.013732	0.003091	0.005705	0.005158	0.004916	0.010425	0.003813	0.001631	0.003788	0.009359	0.007140	0.006921	0.084734	0.004899	0.004851
3	na	2.778048	0.039801	0.002215	0.001867	0.005256	0.128758	0.001847	0.014529	0.007933	0.001571	0.412170	0.005394	0.017455	0.006209	0.010255	0.013283	0.168711	0.021682	0.009201	0.025825	0.106037
4	na	3.661359	0.015403	0.012209	0.005067	0.034620	0.099269	0.017346	0.027964	0.114546	0.015132	0.199259	0.006601	0.052777	0.000943	0.004930	0.077162	0.127926	0.047805	0.034527	0.028512	0.078003
5	na	3.066281	0.069593	0.039310	0.002639	0.001326	0.005608	0.099528	0.014501	0.008921	0.001100	0.002470	0.002359	0.028508	0.137901	0.000550	0.147717	0.316419	0.074799	0.001481	0.037742	0.007528
6	na	1.276636	0.005462	0.006770	0.004913	0.004025	0.004540	0.008120	0.010823	0.045159	0.003526	0.015035	0.004407	0.006234	0.013737	0.003635	0.008771	0.007388	0.833609	0.004799	0.004807	0.004242
7	na	1.670406	0.007507	0.020368	0.009499	0.012246	0.007353	0.006737	0.014378	0.011313	0.776426	0.009039	0.005707	0.037321	0.007208	0.014375	0.017634	0.007087	0.011513	0.008004	0.009594	0.006691
8	na	1.335243	0.004411	0.010322	0.004424	0.003642	0.003693	0.017552	0.002563	0.003425	0.003063	0.031907	0.003334	0.002934	0.010108	0.048524	0.817385	0.004479	0.009662	0.007833	0.008089	0.002651
9	na	2.602402	0.242727	0.002101	0.001466	0.000537	0.028562	0.005934	0.001829	0.003832	0.000764	0.356730	0.024671	0.162603	0.011798	0.000608	0.004201	0.111541	0.008999	0.009268	0.010638	0.011191
10	na	3.319278	0.118718	0.008326	0.001282	0.001653	0.004918	0.006942	0.077844	0.145750	0.094949	0.165642	0.007010	0.012180	0.018593	0.027290	0.004093	0.018768	0.025769	0.213932	0.000520	0.045821
11	na	3.630214	0.037820	0.040166	0.045892	0.209548	0.011111	0.035999	0.008888	0.036943	0.014726	0.031545	0.009734	0.019562	0.009637	0.018230	0.113371	0.176181	0.042355	0.109336	0.010181	0.018776
12	na	2.709071	0.011477	0.006246	0.001909	0.002763	0.018267	0.001850	0.136087	0.009014	0.173565	0.041347	0.007580	0.051982	0.004554	0.009781	0.419467	0.086060	0.006220	0.005841	0.002254	0.003736
13	na	3.469399	0.041579	0.012920	0.087565	0.051730	0.028427	0.020001	0.007755	0.083349	0.013530	0.060222	0.348385	0.016450	0.017627	0.023873	0.028031	0.061442	0.021295	0.057363	0.012263	0.006193
14	na	3.551370	0.019123	0.059091	0.049990	0.299927	0.050134	0.029921	0.005503	0.048496	0.032691	0.044000	0.007967	0.085371	0.002844	0.026935	0.042269	0.031748	0.122215	0.030141	0.005471	0.006163
15	na	2.799045	0.012681	0.010763	0.009579	0.015833	0.008136	0.010141	0.037456	0.131538	0.006633	0.174896	0.005085	0.019857	0.004776	0.010802	0.017912	0.029042	0.439003	0.044623	0.004328	0.006916
16	na	3.412719	0.063552	0.017901	0.320869	0.041492	0.011551	0.190068	0.029821	0.018189	0.008983	0.025893	0.027642	0.039949	0.020479	0.036166	0.036116	0.058464	0.019305	0.013034	0.008434	0.012092
17	na	3.272583	0.092190	0.166533	0.003493	0.014073	0.005938	0.297246	0.008685	0.008063	0.025205	0.013802	0.014829	0.010900	0.131032	0.025831	0.077531	0.045328	0.030004	0.017598	0.004866	0.006852
18	na	3.804519	0.051844	0.013878	0.040111	0.153843	0.019144	0.027770	0.073115	0.032170	0.014188	0.154813	0.002982	0.016748	0.068612	0.010165	0.031057	0.067911	0.107423	0.083919	0.013122	0.017185
19	na	1.488843	0.010045	0.013612	0.020834	0.006064	0.005354	0.006884	0.015094	0.006394	0.012374	0.007114	0.007059	0.005455	0.005420	0.011587	0.807796	0.007477	0.013498	0.022195	0.003183	0.012562
20	na	2.614768	0.013385	0.012821	0.005668	0.007764	0.004686	0.009370	0.006149	0.005735	0.005893	0.042454	0.005632	0.009696	0.245410	0.439029	0.068461	0.079482	0.019049	0.007506	0.004579	0.007232
21	na	3.345214	0.010932	0.002983	0.011062	0.002761	0.003053	0.009266	0.011809	0.004791	0.113731	0.113504	0.084458	0.071785	0.155549	0.006300	0.123155	0.204332	0.045810	0.018457	0.003275	0.002987
22	na	3.072228	0.186302	0.003946	0.001535	0.015277	0.010813	0.009178	0.005984	0.009604	0.065194	0.014789	0.001765	0.004307	0.021534	0.008771	0.180964	0.251800	0.065047	0.133630	0.005203	0.004357
23	na	3.534594	0.101600	0.031282	0.003177	0.001442	0.039891	0.022153	0.155362	0.017143	0.010075	0.116065	0.002513	0.006408	0.004149	0.083735	0.115474	0.168939	0.065433	0.026961	0.002932	0.025266
24	na	3.441096	0.044545	0.020615	0.013600	0.271537	0.008722	0.011840	0.046199	0.045581	0.004401	0.042044	0.009813	0.006650	0.040183	0.178959	0.066975	0.030448	0.025705	0.117751	0.007656	0.006777
25	na	2.802849	0.007270	0.002701	0.004375	0.018987	0.004531	0.295146	0.004303	0.155448	0.005207	0.008384	0.004667	0.002696	0.004293	0.137591	0.240793	0.040289	0.005812	0.051138	0.004945	0.001426
26	na	2.268988	0.006902	0.004704	0.007264	0.007872	0.004716	0.010717	0.005516	0.014105	0.016886	0.044528	0.003886	0.002843	0.011429	0.002355	0.492085	0.301318	0.020923	0.018453	0.005214	0.018286
27	na	3.199260	0.163755	0.005272	0.004287	0.014195	0.002945	0.010909	0.072357	0.004703	0.048757	0.057657	0.005479	0.026314	0.001115	0.030576	0.096287	0.113200	0.031128	0.304854	0.002595	0.003616
28	na	2.843297	0.079754	0.027825	0.002726	0.002526	0.007350	0.082802	0.016747	0.008423	0.019172	0.040248	0.005687	0.009067	0.006987	0.112264	0.089792	0.455729	0.009292	0.012929	0.004012	0.006669
29	na	2.924543	0.014710	0.014216	0.060794	0.003941	0.020129	0.016250	0.004026	0.101234	0.004411	0.020443	0.015890	0.006333	0.028625	0.004833	0.101635	0.113477	0.024950	0.434634	0.005539	0.003931
30	na	3.377403	0.079641	0.055094	0.003135	0.015582	0.012691	0.327357	0.001843	0.006791	0.030334	0.011454	0.008407	0.039773	0.020608	0.109071	0.051798	0.074227	0.096829	0.033159	0.006185	0.016022
31	na	3.003450	0.020799	0.049979	0.004584	0.022476	0.006044	0.030186	0.011238	0.048973	0.161798	0.033888	0.009841	0.040705	0.027150	0.009798	0.438193	0.031754	0.031708	0.014364	0.002134	0.004388
32	na	3.321635	0.015766	0.009121	0.023834	0.017481	0.043124	0.060859	0.025219	0.013177	0.010585	0.011214	0.139486	0.351252	0.045482	0.009454	0.041968	0.063171	0.089501	0.018978	0.005618	0.004712
33	na	3.455957	0.093101	0.076660	0.007191	0.029147	0.004479	0.159066	0.002025	0.211071	0.003903	0.053653	0.026066	0.008003	0.019827	0.004661	0.013790	0.076991	0.103413	0.097816	0.002169	0.006968
34	na	3.690616	0.187744	0.055363	0.071277	0.090951	0.051281	0.042050	0.011111	0.153464	0.004768	0.048307	0.012641	0.029032	0.003054	0.007630	0.034148	0.060031	0.025358	0.099257	0.004323	0.008210
35	na	3.086253	0.059513	0.017374	0.003647	0.006457	0.012359	0.373526	0.026175	0.017924	0.014098	0.047701	0.003214	0.011847	0.027720	0.009333	0.030911	0.216360	0.063635	0.024650	0.009398	0.024158
36	na	3.449173	0.105995	0.012083	0.017913	0.010339	0.143603	0.057439	0.003616	0.166425	0.007001	0.070123	0.005021	0.004224	0.015961	0.020917	0.038374	0.074296	0.210289	0.022029	0.008027	0.006323
37	na	2.992649	0.054317	0.025026	0.017882	0.007082	0.009480	0.223288	0.007570	0.010562	0.010999	0.023218	0.003583	0.002572	0.054582	0.009069	0.019627	0.332771	0.008172	0.156037	0.013488	0.010676
38	na	3.297697	0.020872	0.022049	0.032407	0.008726	0.019969	0.047807	0.043968	0.011885	0.048581	0.046233	0.013025	0.009981	0.080303	0.046038	0.421305	0.024450	0.045928	0.023291	0.012647	0.020537
39	na	3.793177	0.093450	0.056338	0.009361	0.007166	0.132945	0.010728	0.012909	0.027476	0.011061	0.058736	0.012706	0.109800	0.048362	0.019362	0.056629	0.164654	0.021457	0.051650	0.081900	0.013309
40	na	3.223886	0.095701	0.006217	0.010980	0.007378	0.014218	0.018305	0.154691	0.022068	0.004483	0.040158	0.006068	0.004930	0.034374	0.021656	0.319445	0.029465	0.012576	0.047643	0.005662	0.143983
41	na	3.517412	0.028534	0.017549	0.029315	0.005489	0.052867	0.071009	0.006305	0.071043	0.001582	0.022136	0.006276	0.002488	0.114313	0.042873	0.032426	0.286590	0.093154	0.073018	0.024534	0.018500
42	na	3.291996	0.067300	0.015137	0.008078	0.042819	0.018488	0.037246	0.027213	0.018961	0.019898	0.029164	0.009824	0.011282	0.079841	0.410040	0.024907	0.088345	0.022676	0.024280	0.014347	0.030156
43	na	3.910888	0.121371	0.025599	0.029357	0.030843	0.054088	0.039107	0.022489	0.032256	0.029018	0.085781	0.093334	0.031378	0.023799	0.007206	0.040539	0.061691	0.184222	0.051002	0.004994	0.031926
44	na	3.705222	0.110195	0.108469	0.007311	0.049224	0.011298	0.119962	0.026403	0.183743	0.003945	0.106839	0.007409	0.028008	0.019499	0.018918	0.013360	0.062401	0.061030	0.026775	0.011895	0.023316
45	na	2.540126	0.025266	0.013248	0.005293	0.006589	0.013006	0.007798	0.006513	0.011380	0.006277	0.040416	0.009990	0.049713	0.023701	0.004904	0.015405	0.407572	0.331044	0.013505	0.003972	0.004408
46	na	3.326994	0.015357	0.051982	0.030062	0.243150	0.099547	0.015339	0.027804	0.011264	0.011347	0.032354	0.009723	0.036237	0.269708	0.024694	0.021187	0.010026	0.066237	0.009272	0.007536	0.007172
47	na	3.293237	0.005183	0.028034	0.036979	0.020151	0.003015	0.094543	0.009550	0.054116	0.002614	0.240944	0.003149	0.006363	0.116463	0.003517	0.077148	0.058895	0.031123	0.201664	0.003120	0.003427
48	na	3.632494	0.063709	0.011156	0.007371	0.009412	0.025079	0.045978	0.048880	0.045644	0.149959	0.131483	0.010320	0.009406	0.023434	0.149245	0.029030	0.017063	0.161299	0.049886	0.007539	0.004106
49	na	3.430852	0.034344	0.026417	0.013383	0.011916	0.127861	0.019016	0.010194	0.038325	0.006660	0.299950	0.014395	0.023185	0.059940	0.009883	0.063194	0.046689	0.139034	0.044297	0.006080	0.005238
50	na	3.617239	0.173427	0.013479	0.005507	0.009010	0.066703	0.075882	0.034169	0.003708	0.003596	0.071340	0.021088	0.008894	0.132995	0.132334	0.083900	0.089738	0.030370	0.034507	0.001287	0.008065
51	na	3.506216	0.049100	0.018393	0.038173	0.011927	0.001020	0.141735	0.009666	0.043422	0.002870	0.142134	0.004880	0.035513	0.014075	0.075328	0.042898	0.047305	0.206033	0.111867	0.001546	0.002114
52	na	3.246863	0.364944	0.012765	0.003041	0.057024	0.008710	0.047047	0.012595	0.015610	0.001088	0.019654	0.007532	0.070073	0.005234	0.003395	0.066071	0.048741	0.107832	0.070782	0.011860	0.066001
53	na	3.272333	0.276608	0.027166	0.024803	0.132350	0.010078	0.023718	0.002949	0.010248	0.002886	0.017592	0.011084	0.020096	0.015499	0.049499	0.040725	0.220681	0.070676	0.021911	0.003373	0.018057
54	na	3.364772	0.055924	0.015766	0.045392	0.017688	0.008884	0.297105	0.010514	0.008108	0.006317	0.027651	0.006614	0.014355	0.061616	0.039060	0.075135	0.180361	0.092270	0.021502	0.004574	0.011165
55	na	3.435693	0.033198	0.011448	0.019483	0.003479	0.034594	0.007128	0.049590	0.042073	0.228101	0.038986	0.010389	0.007663	0.074438	0.009057	0.261846	0.032554	0.029693	0.048713	0.008560	0.049006
56	na	3.515538	0.055146	0.016468	0.007616	0.036199	0.009656	0.051347	0.008910	0.040837	0.006608	0.218908	0.012074	0.181549	0.026898	0.014336	0.033831	0.155159	0.073316	0.025711	0.004918	0.020514
57	na	3.288445	0.087799	0.014923	0.010345	0.019777	0.012909	0.038039	0.008123	0.163346	0.011679	0.115630	0.006043	0.027661	0.033419	0.004966	0.037642	0.033013	0.041172	0.321617	0.002546	0.009348
58	na	3.782486	0.036737	0.015158	0.039424	0.013041	0.011316	0.056692	0.010074	0.034757	0.069082	0.040496	0.003966	0.098303	0.088108	0.224834	0.088668	0.065822	0.035850	0.033511	0.009269	0.024893
59	na	3.372879	0.035088	0.009440	0.067639	0.014098	0.008008	0.300637	0.029745	0.006904	0.013208	0.025991	0.006451	0.139213	0.035028	0.012419	0.047364	0.029341	0.143196	0.064138	0.006075	0.006016
60	na	3.266758	0.033567	0.031441	0.008334	0.004872	0.008570	0.164539	0.004568	0.015989	0.008674	0.082291	0.014331	0.034989	0.013704	0.016581	0.090411	0.324321	0.089078	0.038628	0.004053	0.011058
61	na	2.998737	0.022481	0.002630	0.132094	0.004225	0.009461	0.055328	0.017592	0.014381	0.010789	0.264694	0.005987	0.018262	0.015290	0.027271	0.019214	0.032965	0.024833	0.315392	0.003658	0.003451
62	na	3.423356	0.062883	0.015838	0.014450	0.066063	0.007364	0.101507	0.017871	0.006296	0.005405	0.018460	0.002500	0.151729	0.028347	0.008927	0.082055	0.174362	0.205304	0.014011	0.008328	0.008300
63	na	3.318732	0.209082	0.041558	0.003436	0.005117	0.023093	0.006682	0.006177	0.103911	0.016087	0.257019	0.025634	0.003195	0.055135	0.018145	0.103171	0.042451	0.054033	0.004795	0.006633	0.014647
64	na	3.754003	0.023907	0.031086	0.049525	0.211982	0.018510	0.165820	0.030509	0.042068	0.011767	0.063377	0.007361	0.026262	0.042607	0.007789	0.073860	0.084498	0.043041	0.029167	0.011869	0.024996
65	na	2.329752	0.025015	0.010138	0.006962	0.021428	0.004051	0.017391	0.007105	0.007362	0.036386	0.016832	0.004690	0.024407	0.050650	0.010232	0.640253	0.024838	0.034016	0.048030	0.005364	0.004852
66	na	4.010441	0.081321	0.039392	0.030669	0.016340	0.031818	0.064523	0.019751	0.042003	0.045592	0.050799	0.078830	0.034462	0.025365	0.054923	0.054574	0.186338	0.054214	0.062934	0.008989	0.017163
67	na	3.737043	0.061167	0.023182	0.023466	0.038437	0.018442	0.059650	0.024063	0.027936	0.021537	0.029290	0.019701	0.142512	0.020445	0.025985	0.026247	0.086959	0.050743	0.251053	0.005677	0.043508
68	na	3.448723	0.027927	0.021968	0.010840	0.013370	0.021453	0.053733	0.022826	0.072369	0.030279	0.321452	0.006277	0.035873	0.044920	0.031487	0.039364	0.173613	0.030453	0.018537	0.007825	0.015433
69	na	2.490229	0.016390	0.023010	0.014820	0.014477	0.010008	0.060478	0.005397	0.010485	0.007310	0.040845	0.010312	0.019786	0.051804	0.008185	0.039622	0.605871	0.018363	0.030692	0.003208	0.008938
70	na	2.835995	0.214853	0.010862	0.021808	0.005251	0.005914	0.164608	0.011326	0.005628	0.010986	0.012524	0.002478	0.007727	0.012706	0.008597	0.031595	0.363789	0.076209	0.006150	0.004911	0.022078
71	na	3.627602	0.060213	0.010217	0.035405	0.019441	0.181778	0.029225	0.018799	0.010803	0.072245	0.035406	0.004153	0.039275	0.064638	0.048555	0.252362	0.031148	0.019796	0.023718	0.015384	0.027440
72	na	3.476052	0.026676	0.036544	0.268866	0.021149	0.029855	0.018072	0.008740	0.030891	0.024589	0.024419	0.026066	0.013498	0.023852	0.011406	0.219975	0.032678	0.083881	0.070256	0.006112	0.022475
73	na	2.700602	0.015870	0.009821	0.026465	0.021621	0.008278	0.003909	0.004270	0.061236	0.011448	0.442722	0.003905	0.002423	0.000822	0.018547	0.018765	0.053543	0.203705	0.087818	0.001960	0.002872
74	na	2.840486	0.034372	0.004727	0.088403	0.011340	0.005699	0.008223	0.006887	0.007658	0.013851	0.148530	0.003336	0.010996	0.011246	0.074662	0.442760	0.029846	0.009566	0.075830	0.004049	0.008019
75	na	2.502815	0.009023	0.012008	0.032184	0.007552	0.005537	0.034059	0.023009	0.007674	0.174550	0.008876	0.006838	0.011624	0.019436	0.003868	0.544175	0.012077	0.007981	0.023518	0.006695	0.049317
76	na	3.613120	0.025315	0.037788	0.011600	0.034845	0.011526	0.024746	0.005599	0.205612	0.023097	0.199670	0.048364	0.141860	0.007468	0.032300	0.024547	0.033615	0.033489	0.026740	0.056531	0.015290
77	na	3.885965	0.079871	0.043009	0.001987	0.005122	0.007376	0.053748	0.107054	0.056195	0.060468	0.061302	0.040426	0.085957	0.013916	0.029528	0.126342	0.073764	0.099747	0.042591	0.005992	0.005602
78	na	3.517658	0.057680	0.013188	0.006849	0.060845	0.035714	0.021458	0.097847	0.029672	0.009919	0.029372	0.002493	0.019873	0.023338	0.013857	0.088729	0.038660	0.023458	0.097271	0.017540	0.312237
79	na	2.361089	0.031488	0.011960	0.006440	0.016708	0.025103	0.029196	0.013506	0.034894	0.008079	0.650367	0.020326	0.025407	0.028941	0.009859	0.021231	0.018555	0.014466	0.016356	0.004404	0.012713
80	na	3.765592	0.046372	0.013993	0.040525	0.268738	0.071200	0.032715	0.017262	0.066506	0.028592	0.049100	0.010413	0.025670	0.009405	0.044158	0.023533	0.075343	0.035466	0.033316	0.016990	0.090701
81	na	3.731744	0.019307	0.032673	0.076496	0.212485	0.018733	0.035869	0.026912	0.025642	0.015229	0.057623	0.019164	0.028213	0.014308	0.011568	0.044849	0.118660	0.042414	0.152530	0.003886	0.043436
82	na	3.734728	0.017826	0.070242	0.004258	0.004480	0.192202	0.005368	0.073358	0.030126	0.019229	0.014019	0.048616	0.031572	0.002916	0.131473	0.067574	0.098516	0.063156	0.055663	0.013541	0.055866
83	na	3.122932	0.073702	0.055728	0.004139	0.006051	0.020264	0.012433	0.024409	0.009337	0.004158	0.018135	0.025530	0.018443	0.210218	0.353670	0.021594	0.078953	0.019372	0.029342	0.011681	0.002842
84	na	2.631881	0.492561	0.011442	0.001644	0.004727	0.001074	0.044385	0.008203	0.004037	0.004473	0.025857	0.020848	0.101862	0.007456	0.007542	0.015428	0.155083	0.047992	0.014982	0.028360	0.002043
85	na	3.758271	0.179929	0.020524	0.005536	0.010728	0.023123	0.122678	0.015083	0.039573	0.014580	0.057668	0.008351	0.055162	0.018698	0.070912	0.085784	0.122872	0.067643	0.051425	0.002270	0.027463
86	na	3.413894	0.084083	0.008865	0.006983	0.007935	0.007854	0.232183	0.032886	0.006413	0.019425	0.067765	0.001966	0.066950	0.069360	0.026014	0.158057	0.144697	0.041338	0.009331	0.001882	0.006013
87	na	3.222250	0.023931	0.027580	0.006798	0.044260	0.009269	0.031113	0.022896	0.033663	0.442536	0.021211	0.015086	0.011188	0.035319	0.021079	0.046378	0.055300	0.042486	0.066061	0.003595	0.040253
88	na	3.402974	0.010514	0.047084	0.257021	0.025387	0.018977	0.050663	0.006321	0.045570	0.009458	0.028553	0.009434	0.172982	0.019571	0.051893	0.020198	0.171684	0.021764	0.024031	0.006056	0.002838
89	na	3.425082	0.118619	0.071673	0.010775	0.008207	0.027472	0.039147	0.006845	0.019956	0.003773	0.100700	0.004423	0.012248	0.226142	0.003954	0.021763	0.057031	0.016327	0.199026	0.038787	0.013131
90	na	3.498291	0.027528	0.005356	0.007303	0.000961	0.004900	0.016788	0.031537	0.132682	0.062807	0.045799	0.005130	0.074712	0.002981	0.138677	0.213081	0.061356	0.112510	0.036308	0.006614	0.012968
91	na	2.806958	0.031370	0.038670	0.016227	0.005926	0.008317	0.008612	0.018468	0.007766	0.285603	0.019777	0.005420	0.021786	0.032841	0.011412	0.398620	0.037648	0.015009	0.010336	0.007424	0.018768
92	na	2.901781	0.045383	0.010069	0.019881	0.008196	0.028148	0.031456	0.011155	0.029271	0.010683	0.073199	0.020567	0.088030	0.020762	0.013638	0.028206	0.025232	0.506531	0.016120	0.006835	0.006639
93	na	3.130288	0.024166	0.007859	0.027340	0.026567	0.030695	0.465497	0.028518	0.023568	0.023393	0.043536	0.020441	0.007600	0.017233	0.063927	0.048041	0.033819	0.071641	0.014711	0.013964	0.007484
94	na	2.980829	0.024017	0.012410	0.030224	0.048058	0.008929	0.501933	0.009148	0.034686	0.017954	0.063931	0.022647	0.017164	0.020120	0.015668	0.053627	0.037328	0.047008	0.019805	0.006628	0.008716
95	na	3.270349	0.033479	0.041853	0.024777	0.008117	0.008215	0.230984	0.018424	0.007692	0.013840	0.025575	0.008414	0.010308	0.308578	0.016346	0.045695	0.080194	0.029002	0.061821	0.007035	0.019651
96	na	3.407427	0.017081	0.029311	0.004784	0.018887	0.040378	0.015013	0.005552	0.167805	0.009810	0.253530	0.013504	0.007969	0.030334	0.010634	0.022236	0.056135	0.099745	0.150879	0.006618	0.039794
97	na	3.860314	0.054220	0.008633	0.010960	0.062300	0.075210	0.033598	0.033985	0.025244	0.147868	0.054771	0.003434	0.047098	0.024204	0.062013	0.040375	0.034424	0.030131	0.070253	0.005045	0.176233
98	na	3.613293	0.036902	0.028657	0.009984	0.008301	0.007315	0.022015	0.029487	0.018504	0.081958	0.072358	0.016221	0.046786	0.024750	0.030806	0.221457	0.193232	0.076594	0.057326	0.011528	0.005820
99	na	2.679798	0.016881	0.027644	0.012289	0.017934	0.007165	0.024108	0.008592	0.009863	0.060501	0.025738	0.004566	0.014518	0.019054	0.004974	0.533593	0.018210	0.129900	0.015881	0.004004	0.044584
100	na	3.405047	0.129705	0.013134	0.002867	0.018227	0.006767	0.033674	0.098409	0.019486	0.004057	0.287607	0.009397	0.020113	0.060728	0.018597	0.091535	0.046218	0.037512	0.093833	0.007152	0.000985
101	na	3.514200	0.076956	0.014112	0.149587	0.026572	0.004156	0.022633	0.017682	0.054639	0.011786	0.101991	0.005967	0.011534	0.159547	0.011529	0.028729	0.077202	0.193999	0.024580	0.003696	0.003102
102	na	3.103816	0.007341	0.010124	0.006146	0.012026	0.026104	0.023241	0.041350	0.007912	0.038962	0.134104	0.002152	0.012818	0.016786	0.010001	0.388406	0.128217	0.008185	0.014317	0.063775	0.048035
103	na	3.702216	0.036066	0.021172	0.012288	0.018230	0.008101	0.022761	0.078107	0.020675	0.159191	0.044731	0.014828	0.168513	0.021060	0.012668	0.090374	0.076050	0.059994	0.122661	0.004737	0.007792
104	na	3.794064	0.049660	0.014044	0.024191	0.013954	0.135077	0.025364	0.015169	0.103885	0.010733	0.060792	0.004562	0.019172	0.034062	0.008730	0.055997	0.040085	0.071169	0.173233	0.107957	0.032162
105	na	3.610592	0.029940	0.031642	0.018173	0.015495	0.074350	0.024097	0.036596	0.034719	0.040004	0.323789	0.070750	0.038998	0.015304	0.031541	0.026067	0.098024	0.011488	0.038822	0.008002	0.032199
106	na	2.666084	0.019931	0.006705	0.020635	0.034476	0.008216	0.018885	0.004793	0.033539	0.022344	0.093719	0.005609	0.005968	0.019724	0.014103	0.560268	0.024410	0.040792	0.042913	0.007997	0.014973
107	na	3.440265	0.096886	0.007176	0.233006	0.216455	0.009925	0.027385	0.008862	0.023997	0.018933	0.010075	0.012185	0.024575	0.051517	0.011124	0.039202	0.109564	0.055571	0.026236	0.009136	0.008191
108	na	2.673545	0.026079	0.008201	0.005361	0.013943	0.024029	0.029379	0.008338	0.034829	0.035901	0.574450	0.009569	0.010472	0.047274	0.017645	0.019478	0.059566	0.029914	0.018236	0.005881	0.021455
109	na	3.531414	0.043878	0.124388	0.012574	0.070901	0.011804	0.040459	0.008829	0.055238	0.018683	0.140803	0.005511	0.005710	0.013812	0.031677	0.041569	0.041812	0.059635	0.259960	0.005727	0.007030
110	na	2.245395	0.010819	0.008066	0.025650	0.004607	0.013861	0.014780	0.006600	0.014328	0.031448	0.639376	0.004936	0.006344	0.097672	0.006921	0.051170	0.021811	0.018087	0.013238	0.005616	0.004669
111	na	3.171836	0.018805	0.004121	0.019704	0.012816	0.014291	0.018024	0.042116	0.035488	0.006083	0.073442	0.023623	0.006466	0.038498	0.019884	0.003613	0.116852	0.405765	0.037103	0.014508	0.088796
112	na	3.652465	0.033987	0.022111	0.182844	0.034130	0.009325	0.036931	0.021240	0.025079	0.011709	0.157273	0.005985	0.083191	0.016327	0.013468	0.140414	0.022350	0.020637	0.078356	0.002694	0.081951
113	na	3.300044	0.017845	0.012648	0.031657	0.019845	0.040666	0.014300	0.031255	0.012200	0.393530	0.073213	0.004960	0.026523	0.020026	0.053395	0.060863	0.116135	0.021500	0.022166	0.012283	0.014991
114	na	3.777379	0.014747	0.020693	0.059642	0.241553	0.038357	0.061371	0.020642	0.060648	0.059329	0.042106	0.008387	0.009706	0.020471	0.039379	0.025526	0.025309	0.029686	0.015482	0.102409	0.104558
115	na	3.293531	0.050026	0.015650	0.027395	0.387511	0.013379	0.015584	0.022106	0.056080	0.021743	0.088484	0.007180	0.026150	0.021337	0.016775	0.114028	0.051148	0.032937	0.018290	0.004431	0.009766
116	na	2.765603	0.031045	0.029577	0.016280	0.009261	0.012356	0.026053	0.002912	0.181424	0.004817	0.024733	0.001516	0.034371	0.014522	0.007271	0.021800	0.022210	0.086986	0.465072	0.001813	0.005981
117	na	3.581196	0.019298	0.022498	0.003377	0.014628	0.012055	0.014641	0.018315	0.056866	0.017825	0.115134	0.054982	0.008859	0.004283	0.132432	0.220105	0.127665	0.064389	0.048082	0.006272	0.038294
118	na	3.061817	0.033198	0.013047	0.014834	0.012654	0.023360	0.043690	0.021520	0.045205	0.031393	0.070734	0.005812	0.005538	0.038448	0.015104	0.482096	0.044099	0.030261	0.033693	0.006510	0.028802
119	na	3.294197	0.017919	0.018366	0.026692	0.013774	0.015551	0.058113	0.017674	0.399749	0.011590	0.053890	0.021878	0.021756	0.033848	0.016264	0.026157	0.037816	0.043365	0.133084	0.012336	0.020177
120	na	3.916524	0.042923	0.035291	0.025554	0.016882	0.051392	0.050279	0.015488	0.033979	0.049327	0.037119	0.027176	0.011756	0.057167	0.043176	0.036381	0.032252	0.025386	0.064958	0.128702	0.214813
121	na	3.049118	0.030091	0.018439	0.010578	0.010281	0.018211	0.018231	0.036100	0.017140	0.036129	0.118014	0.005290	0.026184	0.011793	0.009662	0.409616	0.161484	0.023186	0.016692	0.003153	0.019727
122	na	3.116173	0.011420	0.036967	0.002653	0.005392	0.005560	0.005549	0.020259	0.179995	0.004267	0.147482	0.017191	0.002875	0.027958	0.097076	0.061816	0.036879	0.018967	0.308257	0.001067	0.008369
123	na	3.023213	0.292255	0.006087	0.006888	0.004973	0.006287	0.259666	0.010220	0.009080	0.004876	0.075762	0.003180	0.014649	0.027154	0.009964	0.087309	0.100556	0.026629	0.046069	0.002380	0.006015
124	na	3.539454	0.045167	0.051113	0.021633	0.027187	0.052867	0.004580	0.019279	0.025188	0.013232	0.026339	0.022140	0.158152	0.039514	0.018307	0.034976	0.294248	0.021291	0.010524	0.016193	0.098068
125	na	3.857912	0.040951	0.023577	0.006989	0.014223	0.044020	0.051380	0.010195	0.048630	0.018577	0.135918	0.025981	0.156562	0.014812	0.023433	0.075071	0.100751	0.067790	0.071311	0.003165	0.066665
126	na	3.167662	0.117015	0.049689	0.006056	0.004478	0.002809	0.172575	0.010299	0.007684	0.006374	0.268045	0.025253	0.010129	0.011810	0.002725	0.166375	0.028120	0.069648	0.031798	0.005499	0.003619
127	na	3.850336	0.060292	0.013271	0.043700	0.021532	0.023764	0.073969	0.029188	0.041069	0.020123	0.217324	0.012306	0.014460	0.026549	0.086490	0.077634	0.071312	0.040157	0.091829	0.025279	0.009752
128	na	3.475399	0.179504	0.005805	0.029787	0.021525	0.138195	0.028680	0.212919	0.008903	0.007622	0.058698	0.003815	0.006205	0.011490	0.008078	0.020421	0.059930	0.071547	0.031170	0.005338	0.090368
129	na	3.440475	0.185228	0.030178	0.006646	0.008725	0.013894	0.186350	0.016407	0.009055	0.121350	0.066943	0.010087	0.015836	0.010335	0.010998	0.155904	0.034063	0.062189	0.049032	0.002456	0.004324
130	na	3.463975	0.018634	0.059810	0.012692	0.007997	0.010260	0.011096	0.050355	0.014099	0.078552	0.117357	0.021192	0.010352	0.018340	0.010371	0.066630	0.061524	0.265917	0.151465	0.003902	0.009454
131	na	2.856292	0.215771	0.012781	0.007544	0.022535	0.005091	0.032341	0.053199	0.010854	0.004300	0.022345	0.005237	0.012265	0.385674	0.003620	0.013394	0.140627	0.019824	0.022414	0.005633	0.004552
132	na	3.066236	0.022390	0.013652	0.028543	0.008386	0.005870	0.341829	0.013132	0.270927	0.007057	0.048722	0.018671	0.017789	0.024898	0.015446	0.043482	0.060175	0.018143	0.024202	0.006529	0.010157
133	na	2.438532	0.024937	0.003881	0.010450	0.004678	0.008922	0.019812	0.002288	0.470444	0.039927	0.290075	0.013504	0.008630	0.021277	0.014378	0.008592	0.016596	0.013440	0.022305	0.003272	0.002590
134	na	2.898384	0.061188	0.060142	0.011488	0.005571	0.023785	0.019807	0.005879	0.011172	0.004274	0.040362	0.006747	0.006804	0.032545	0.006146	0.021684	0.124365	0.462238	0.079193	0.005496	0.011112
135	na	3.680646	0.052331	0.010308	0.018102	0.026638	0.017252	0.058767	0.291648	0.024245	0.044845	0.041407	0.014937	0.032730	0.082068	0.029760	0.091469	0.073529	0.034093	0.023854	0.004840	0.027178
136	na	3.753114	0.136802	0.039441	0.006415	0.037527	0.026204	0.045570	0.020021	0.185868	0.003707	0.077245	0.063234	0.009728	0.023250	0.109281	0.011935	0.063338	0.043646	0.074144	0.002779	0.019865
137	na	3.725411	0.039941	0.010212	0.014375	0.011085	0.028646	0.026307	0.011532	0.083080	0.086222	0.091441	0.212137	0.008891	0.074727	0.013937	0.022946	0.106985	0.091922	0.035375	0.007377	0.022862
138	na	2.842821	0.024920	0.006832	0.013249	0.007573	0.017216	0.038542	0.006454	0.510877	0.019585	0.082167	0.019886	0.018063	0.092979	0.006851	0.022130	0.043462	0.019292	0.031957	0.007645	0.010321
139	na	3.741218	0.038880	0.025859	0.008205	0.022189	0.011657	0.036660	0.041649	0.046037	0.021302	0.271552	0.014921	0.018004	0.034957	0.034052	0.061579	0.062801	0.100604	0.044884	0.087120	0.017088
140	na	3.884807	0.052331	0.023715	0.047631	0.040999	0.018243	0.072267	0.240236	0.062624	0.012437	0.069952	0.014934	0.056955	0.028361	0.053507	0.031957	0.058638	0.027149	0.048768	0.009329	0.029966
141	na	2.690085	0.025165	0.018016	0.021987	0.007017	0.054973	0.051221	0.020500	0.028634	0.010075	0.014278	0.004450	0.010433	0.060022	0.005612	0.022754	0.558476	0.053669	0.019760	0.005701	0.007257
142	na	3.599883	0.021716	0.022556	0.014039	0.011156	0.017431	0.044009	0.027400	0.026190	0.027290	0.110164	0.024267	0.312039	0.084637	0.026250	0.058757	0.067998	0.028571	0.042673	0.007212	0.025645
143	na	3.003373	0.012358	0.013961	0.004661	0.005470	0.008998	0.058482	0.030462	0.071335	0.017659	0.425173	0.008549	0.012710	0.039351	0.006896	0.048757	0.167507	0.024545	0.018721	0.015835	0.008571
144	na	3.451538	0.178089	0.033017	0.014182	0.021470	0.020640	0.025885	0.011775	0.066967	0.023073	0.039231	0.073181	0.304941	0.047314	0.009219	0.010619	0.012964	0.060511	0.012028	0.011350	0.023544
145	na	3.589174	0.073158	0.021931	0.277958	0.024643	0.005500	0.118372	0.011504	0.021628	0.040252	0.063861	0.023680	0.011316	0.025959	0.020580	0.084062	0.027391	0.101421	0.020803	0.009166	0.016815
146	na	2.866212	0.318485	0.019813	0.015567	0.008652	0.008039	0.031366	0.006631	0.006815	0.019192	0.026341	0.003411	0.005879	0.008121	0.017287	0.023462	0.122141	0.310712	0.032213	0.004174	0.011701
147	na	3.084389	0.018222	0.072186	0.006029	0.013684	0.023422	0.022047	0.016929	0.098266	0.014154	0.020961	0.012036	0.029752	0.020617	0.029218	0.027882	0.015088	0.446958	0.092842	0.011907	0.007800
148	na	3.157946	0.043126	0.017804	0.024306	0.009575	0.014858	0.022377	0.032898	0.060508	0.009632	0.051033	0.011767	0.037870	0.030361	0.007257	0.031866	0.056816	0.066497	0.012344	0.007392	0.451713
149	na	3.203074	0.028656	0.018643	0.009035	0.013161	0.033160	0.046159	0.017376	0.053555	0.023501	0.019996	0.007102	0.020660	0.033790	0.450465	0.052349	0.029037	0.052455	0.057145	0.007144	0.026612
150	na	2.464232	0.027814	0.014775	0.016676	0.019646	0.006261	0.027743	0.015317	0.008868	0.040625	0.026094	0.006835	0.004578	0.054778	0.015183	0.617428	0.048566	0.010853	0.010604	0.007957	0.019401
151	na	2.545685	0.030968	0.010023	0.015483	0.030878	0.015351	0.028077	0.007086	0.009970	0.059231	0.053474	0.008384	0.008706	0.014184	0.026946	0.018609	0.023550	0.599313	0.027672	0.006270	0.005823
152	na	1.854302	0.007407	0.004936	0.005515	0.017921	0.005560	0.002720	0.033767	0.005954	0.034240	0.027063	0.004163	0.003989	0.026203	0.019609	0.734597	0.021768	0.011629	0.008666	0.002661	0.021633
153	na	2.817646	0.510894	0.010362	0.007781	0.012882	0.045845	0.037307	0.004188	0.020021	0.010023	0.036740	0.002713	0.008211	0.027735	0.016404	0.037651	0.103549	0.063832	0.022630	0.005558	0.015675
154	na	2.434543	0.009053	0.020616	0.003537	0.009057	0.004203	0.011990	0.002703	0.240012	0.023220	0.487768	0.004944	0.008493	0.012130	0.003792	0.018374	0.016308	0.010471	0.098692	0.007102	0.007534
155	na	2.413156	0.039399	0.008897	0.017727	0.008100	0.008928	0.066651	0.004747	0.038929	0.006199	0.025139	0.006340	0.010652	0.016623	0.007888	0.027976	0.053217	0.023463	0.615907	0.003448	0.009768
156	na	1.958817	0.030479	0.013275	0.001985	0.006327	0.003956	0.015790	0.021097	0.015756	0.010875	0.012030	0.001647	0.004568	0.012595	0.052578	0.711862	0.034174	0.010921	0.025966	0.002329	0.011791
157	na	2.789510	0.062535	0.014379	0.020715	0.005635	0.004461	0.009712	0.006406	0.088789	0.011403	0.007866	0.002191	0.003945	0.012644	0.013577	0.034913	0.417186	0.213661	0.059217	0.004887	0.005880
158	na	3.060180	0.041877	0.017788	0.007391	0.010732	0.018377	0.434265	0.040062	0.010255	0.008096	0.135317	0.019026	0.042145	0.027082	0.020243	0.020547	0.091116	0.025806	0.009452	0.003260	0.017163
159	na	2.951917	0.027785	0.020688	0.009964	0.004912	0.010643	0.016256	0.017959	0.037187	0.015943	0.467438	0.146355	0.007485	0.020595	0.020108	0.051487	0.049377	0.023978	0.034119	0.003678	0.014044
160	na	3.318603	0.013642	0.027206	0.401332	0.072217	0.008799	0.034551	0.006217	0.048917	0.007297	0.030973	0.003642	0.041214	0.030211	0.016218	0.038247	0.023688	0.036733	0.091137	0.036326	0.031432
161	na	2.827570	0.158670	0.006141	0.005173	0.003504	0.007349	0.090307	0.003512	0.008436	0.014769	0.030032	0.002526	0.003456	0.309664	0.009481	0.031095	0.264163	0.018082	0.027395	0.003159	0.003087
162	na	2.099945	0.003703	0.004606	0.008110	0.015972	0.030933	0.045581	0.014493	0.021584	0.019240	0.028872	0.003170	0.012450	0.036208	0.009663	0.691972	0.008241	0.012528	0.013226	0.011192	0.008255
163	na	3.281829	0.032192	0.038922	0.006141	0.008815	0.006247	0.027910	0.005138	0.291557	0.014384	0.048245	0.079828	0.005962	0.006252	0.015716	0.023315	0.046248	0.146655	0.176134	0.008515	0.011826
164	na	2.958681	0.410677	0.107927	0.004834	0.001774	0.002131	0.006577	0.005163	0.055623	0.012129	0.034748	0.024784	0.006957	0.033914	0.027086	0.017927	0.066995	0.021655	0.150967	0.001779	0.006353
165	na	2.674259	0.195949	0.022776	0.002801	0.009312	0.013627	0.030171	0.006710	0.020795	0.002479	0.030907	0.006587	0.086535	0.033020	0.005103	0.007655	0.473425	0.025127	0.018535	0.002193	0.006292
166	na	2.899015	0.023759	0.005047	0.014861	0.084516	0.003352	0.010328	0.030341	0.028573	0.013312	0.473743	0.030606	0.006551	0.019876	0.080197	0.015698	0.108397	0.013971	0.025801	0.004093	0.006979
167	na	3.395110	0.025388	0.022239	0.014611	0.009181	0.023232	0.035802	0.008458	0.037574	0.012546	0.307065	0.190448	0.035375	0.010596	0.018554	0.072445	0.082448	0.029202	0.043646	0.003304	0.017886
168	na	3.295529	0.092442	0.021033	0.014235	0.013639	0.009323	0.026434	0.015742	0.018013	0.024215	0.021797	0.019114	0.011123	0.036522	0.258785	0.033614	0.275080	0.070242	0.020993	0.003386	0.014267
169	na	2.884949	0.088185	0.012656	0.010376	0.008069	0.010558	0.510130	0.013133	0.052540	0.032550	0.041495	0.004612	0.008993	0.020789	0.014427	0.038149	0.034163	0.030184	0.047010	0.011453	0.010529
170	na	2.319146	0.027307	0.012130	0.032446	0.008114	0.018121	0.021976	0.006250	0.011978	0.007503	0.040759	0.006380	0.005847	0.018428	0.016930	0.044068	0.647354	0.042772	0.019747	0.007409	0.004480
171	na	2.905486	0.010186	0.029224	0.011335	0.027561	0.004366	0.029589	0.014181	0.021736	0.015726	0.073407	0.032971	0.017383	0.016711	0.020143	0.044651	0.037020	0.508601	0.073326	0.003064	0.008819
172	na	2.510778	0.143067	0.025415	0.003484	0.006860	0.004080	0.014609	0.009218	0.058982	0.015372	0.552936	0.003244	0.006396	0.025472	0.010046	0.028385	0.042381	0.011778	0.029028	0.001930	0.007317
173	na	3.186989	0.127935	0.006953	0.019840	0.020567	0.003872	0.009997	0.008782	0.017349	0.089236	0.039154	0.004799	0.016036	0.388258	0.072520	0.031518	0.059639	0.034037	0.027683	0.002306	0.019518
174	na	1.832055	0.005218	0.005191	0.004173	0.015066	0.004851	0.011852	0.007593	0.011784	0.003937	0.021880	0.004716	0.032072	0.011640	0.008113	0.727824	0.018696	0.077488	0.017431	0.004742	0.005733
175	na	1.926660	0.018046	0.007889	0.018902	0.018218	0.010028	0.007307	0.008611	0.005287	0.028413	0.027057	0.007735	0.008121	0.017799	0.005209	0.725212	0.049180	0.010541	0.014551	0.007055	0.004840
176	na	2.292196	0.116997	0.005752	0.005307	0.010276	0.010034	0.022690	0.013116	0.033809	0.007330	0.015894	0.002704	0.005435	0.007055	0.012717	0.042765	0.620999	0.020237	0.030160	0.004372	0.012349
177	na	2.335897	0.010459	0.018623	0.013822	0.028069	0.006253	0.635539	0.008428	0.033015	0.007476	0.055171	0.005118	0.005316	0.011558	0.012133	0.025546	0.064412	0.019687	0.025631	0.003946	0.009795
178	na	3.328738	0.364550	0.008392	0.036484	0.009437	0.002658	0.025008	0.019932	0.031102	0.010284	0.053944	0.022733	0.048388	0.034994	0.016953	0.078487	0.108886	0.037090	0.081477	0.003560	0.005642
179	na	2.717896	0.552435	0.036561	0.005201	0.041547	0.033905	0.037868	0.014943	0.014060	0.052746	0.027391	0.012445	0.005036	0.012971	0.015631	0.012867	0.075769	0.019130	0.018783	0.004725	0.005985
180	na	2.275844	0.033769	0.008670	0.023698	0.007989	0.029098	0.666557	0.007972	0.020410	0.014554	0.021166	0.009057	0.009178	0.007671	0.021411	0.014354	0.019617	0.040282	0.014825	0.015624	0.014098
181	na	3.391333	0.287056	0.007032	0.002755	0.027962	0.165653	0.078035	0.025317	0.008452	0.022509	0.028492	0.018031	0.012687	0.006866	0.122454	0.051509	0.056583	0.020994	0.017064	0.002455	0.038093
182	na	2.507738	0.586467	0.006769	0.008923	0.007584	0.007975	0.024852	0.021157	0.006550	0.007825	0.028276	0.014373	0.103787	0.009355	0.012531	0.016397	0.040939	0.015059	0.054893	0.015965	0.010323
183	na	2.823390	0.050274	0.015400	0.005394	0.021767	0.014854	0.014759	0.024823	0.119990	0.008965	0.031292	0.004016	0.005112	0.018546	0.010766	0.022863	0.051668	0.058770	0.500688	0.002089	0.017965
184	na	3.243953	0.037117	0.018878	0.005838	0.014031	0.016183	0.128789	0.018805	0.026470	0.398382	0.033092	0.014868	0.010126	0.062168	0.009931	0.033378	0.039376	0.049545	0.063001	0.004510	0.015510
185	na	2.687142	0.064624	0.010435	0.006999	0.058609	0.006181	0.547666	0.010405	0.014598	0.004090	0.051506	0.002245	0.008641	0.030787	0.026534	0.064767	0.021396	0.027326	0.023835	0.003950	0.015407
186	na	3.239738	0.016064	0.013391	0.008575	0.015156	0.009889	0.009677	0.045762	0.157205	0.017413	0.066556	0.002920	0.016619	0.017276	0.190842	0.044378	0.021519	0.039709	0.293570	0.001977	0.011503
187	na	3.015465	0.084353	0.018324	0.021143	0.012425	0.009307	0.460348	0.007590	0.016372	0.026137	0.048402	0.002459	0.002962	0.022787	0.005345	0.071526	0.069845	0.025714	0.044574	0.007577	0.042811
188	na	2.841343	0.016056	0.018437	0.022862	0.012670	0.009732	0.062457	0.020768	0.015450	0.015760	0.045006	0.005066	0.007759	0.018704	0.033289	0.018726	0.174751	0.472977	0.012326	0.004545	0.012659
189	na	3.393696	0.015604	0.059193	0.004666	0.013180	0.004102	0.058000	0.009303	0.020481	0.014040	0.310070	0.068318	0.009335	0.025047	0.076218	0.026367	0.060056	0.052829	0.156683	0.011200	0.005309
190	na	3.243301	0.187738	0.065895	0.004264	0.003845	0.004011	0.188354	0.005304	0.023040	0.005270	0.026167	0.018860	0.009073	0.007465	0.014979	0.030595	0.072960	0.078650	0.235191	0.002618	0.015723
191	na	3.708354	0.024868	0.015252	0.016407	0.010614	0.023538	0.052692	0.033251	0.066163	0.016570	0.216873	0.184338	0.025765	0.027190	0.013108	0.083396	0.048343	0.056106	0.053506	0.010970	0.021049
192	na	3.261417	0.024666	0.011083	0.021844	0.397253	0.023287	0.051641	0.009909	0.052634	0.024181	0.040031	0.020794	0.017932	0.026914	0.013047	0.029395	0.017110	0.037081	0.024892	0.005866	0.150441
193	na	2.742453	0.049257	0.021087	0.003762	0.025081	0.008461	0.039392	0.002427	0.011159	0.021766	0.265192	0.024759	0.006981	0.006024	0.022237	0.005898	0.420102	0.020735	0.033950	0.009040	0.002690
194	na	3.228514	0.039812	0.007349	0.040154	0.051110	0.012138	0.011690	0.004257	0.389122	0.023356	0.062793	0.011763	0.008040	0.022770	0.017299	0.138911	0.042611	0.023530	0.069623	0.010744	0.012928
195	na	1.948343	0.021126	0.023203	0.010360	0.014574	0.013646	0.010417	0.008457	0.007244	0.011306	0.024268	0.005041	0.004710	0.017803	0.014451	0.726542	0.040122	0.010765	0.020527	0.007185	0.008252
196	na	3.836272	0.067501	0.013954	0.011456	0.025860	0.027864	0.031142	0.013503	0.086387	0.017519	0.090157	0.180506	0.014092	0.022516	0.072728	0.061798	0.042554	0.096018	0.103569	0.009730	0.011145
197	na	3.126251	0.258670	0.031646	0.029127	0.011205	0.020364	0.015921	0.007201	0.281012	0.005727	0.032333	0.014106	0.010208	0.013055	0.007699	0.006877	0.098825	0.114796	0.029392	0.004742	0.007092
198	na	3.491274	0.017475	0.017767	0.009539	0.012239	0.030764	0.041113	0.017628	0.024846	0.353764	0.068280	0.029999	0.039581	0.009687	0.047666	0.057522	0.073969	0.068276	0.056189	0.006161	0.017535
199	na	1.999558	0.018024	0.011809	0.006640	0.022569	0.006447	0.007671	0.015876	0.013744	0.024564	0.009998	0.009977	0.010710	0.024760	0.005903	0.717923	0.028277	0.019513	0.031245	0.005349	0.009003
200	na	2.599900	0.023275	0.007599	0.011725	0.017980	0.038410	0.576795	0.006642	0.022414	0.008175	0.021730	0.011964	0.012720	0.013293	0.017266	0.015128	0.041761	0.094342	0.009190	0.008553	0.041040
201	na	3.108392	0.039373	0.074501	0.011682	0.006263	0.014138	0.022165	0.006013	0.350416	0.021034	0.051631	0.016450	0.014720	0.007066	0.016324	0.017732	0.045713	0.040441	0.232600	0.003782	0.007957
202	na	3.655485	0.093350	0.014373	0.008852	0.007630	0.043554	0.017496	0.177188	0.026607	0.037120	0.068814	0.018054	0.222097	0.018071	0.024194	0.035978	0.070790	0.040508	0.056920	0.008715	0.009687
203	na	3.109665	0.085156	0.035440	0.467398	0.042193	0.006290	0.019560	0.010773	0.024231	0.024809	0.053596	0.008053	0.031664	0.037415	0.026511	0.017726	0.028857	0.008503	0.038530	0.011624	0.021672
204	na	2.291056	0.038898	0.004319	0.021958	0.013237	0.006742	0.006196	0.025786	0.011764	0.005088	0.058708	0.012898	0.007790	0.010803	0.030798	0.647988	0.015143	0.025950	0.007968	0.006185	0.041780
205	na	3.597366	0.070074	0.041898	0.013526	0.021728	0.004778	0.110300	0.012419	0.010509	0.041240	0.036513	0.011133	0.258471	0.022821	0.027197	0.021827	0.109990	0.033378	0.120761	0.014072	0.017363
206	na	3.088275	0.023838	0.020600	0.006483	0.004587	0.450901	0.037619	0.014919	0.018071	0.008828	0.108688	0.006703	0.019417	0.044329	0.023071	0.040768	0.071027	0.012091	0.028427	0.018892	0.040742
207	na	3.634474	0.018544	0.019960	0.052302	0.034293	0.045004	0.031620	0.016609	0.011267	0.008708	0.072921	0.009679	0.021096	0.035582	0.046274	0.039456	0.050717	0.019816	0.151693	0.282195	0.032266
208	na	1.633235	0.003469	0.003712	0.003754	0.012691	0.005698	0.013458	0.007097	0.008629	0.013856	0.037382	0.009274	0.020125	0.010885	0.009762	0.776477	0.035867	0.008546	0.009087	0.004688	0.005543
209	na	2.665453	0.014056	0.009690	0.020628	0.008453	0.057590	0.551897	0.008476	0.009423	0.009439	0.047206	0.005591	0.041050	0.013636	0.009785	0.022640	0.031566	0.017433	0.016177	0.006452	0.098812
210	na	3.316784	0.021318	0.027362	0.084180	0.371442	0.042209	0.033625	0.009774	0.013680	0.013203	0.041707	0.009365	0.016930	0.012238	0.028404	0.131581	0.035680	0.070689	0.015911	0.012230	0.008471
211	na	3.706137	0.126198	0.010239	0.061336	0.032914	0.004352	0.039792	0.009252	0.021712	0.013423	0.208827	0.128906	0.061458	0.055740	0.019177	0.006062	0.034248	0.044962	0.056615	0.004258	0.060531
212	na	2.751925	0.036216	0.018046	0.023471	0.008912	0.019663	0.553151	0.034384	0.006275	0.057561	0.064857	0.026993	0.018191	0.015540	0.007848	0.037150	0.026782	0.017596	0.012991	0.008866	0.005509
213	na	2.043669	0.012151	0.006952	0.013678	0.027413	0.011377	0.016018	0.004812	0.020896	0.017799	0.018579	0.008230	0.006013	0.012809	0.011581	0.709357	0.012338	0.031058	0.036749	0.005532	0.016657
214	na	3.663117	0.134364	0.010952	0.009309	0.009701	0.019157	0.030369	0.064965	0.046962	0.194181	0.035020	0.005981	0.057691	0.008188	0.024361	0.166371	0.064995	0.015429	0.062972	0.016279	0.022754
215	na	3.016318	0.124417	0.003949	0.006173	0.006939	0.003888	0.028797	0.003789	0.012152	0.029762	0.035202	0.006692	0.024784	0.028515	0.057586	0.010669	0.327286	0.240131	0.041188	0.002515	0.005565
216	na	2.401335	0.029210	0.008290	0.014310	0.014251	0.010354	0.027052	0.027769	0.018682	0.026836	0.018690	0.009358	0.016203	0.011572	0.010628	0.632096	0.076042	0.011609	0.012916	0.008738	0.015395
217	na	3.426332	0.129168	0.028775	0.004208	0.006829	0.015494	0.021192	0.009053	0.037848	0.006216	0.109369	0.012307	0.030171	0.008577	0.071585	0.023600	0.236750	0.189826	0.020979	0.014577	0.023476
218	na	3.004253	0.318567	0.025113	0.012390	0.012281	0.008447	0.009933	0.009749	0.009605	0.009670	0.137657	0.004401	0.010513	0.010392	0.022366	0.025840	0.225004	0.117388	0.016383	0.005244	0.009057
219	na	3.586231	0.028707	0.025768	0.032182	0.031439	0.021827	0.042717	0.049723	0.016644	0.009947	0.099285	0.012419	0.022372	0.025442	0.012821	0.043452	0.053702	0.158379	0.025587	0.007111	0.280478
220	na	3.531870	0.040680	0.012327	0.214670	0.258792	0.041043	0.023899	0.010403	0.018192	0.028114	0.028302	0.036411	0.011776	0.025273	0.039888	0.096455	0.026228	0.038693	0.018032	0.018814	0.012007
221	na	2.303205	0.019063	0.006954	0.006700	0.021344	0.024154	0.009427	0.014950	0.021227	0.017158	0.064698	0.010474	0.013883	0.031508	0.007038	0.652564	0.030005	0.016695	0.017262	0.005135	0.009761
222	na	3.812475	0.105355	0.013215	0.011327	0.018949	0.057345	0.134542	0.012712	0.037322	0.028726	0.034809	0.076775	0.168429	0.018251	0.019852	0.018094	0.067402	0.026338	0.022551	0.014283	0.113724
223	na	3.544443	0.298008	0.104673	0.018927	0.025730	0.014583	0.024496	0.017390	0.018767	0.016598	0.135026	0.031813	0.018690	0.015703	0.028345	0.022807	0.078227	0.027557	0.070025	0.012798	0.019837
224	na	3.857125	0.052613	0.017666	0.026817	0.034045	0.024708	0.014357	0.055111	0.029096	0.050115	0.037502	0.008915	0.162421	0.032388	0.134376	0.065650	0.028434	0.042425	0.152216	0.011099	0.020045
225	na	3.412800	0.013612	0.020606	0.014378	0.033952	0.035565	0.046361	0.016925	0.150235	0.011004	0.332824	0.015646	0.024537	0.017636	0.027038	0.018684	0.116449	0.025594	0.045441	0.019109	0.014405
226	na	3.172849	0.028108	0.014856	0.016982	0.019119	0.024531	0.051115	0.016237	0.028941	0.016486	0.404593	0.009514	0.016079	0.021630	0.014419	0.034567	0.171442	0.022217	0.062961	0.010875	0.015329
227	na	3.678449	0.033514	0.022348	0.023871	0.026094	0.028315	0.014659	0.027637	0.051262	0.301711	0.095132	0.016369	0.038580	0.014896	0.048692	0.030277	0.075966	0.041048	0.075318	0.010429	0.023883
228	na	3.279230	0.038363	0.010103	0.009623	0.045692	0.014605	0.394952	0.023727	0.022281	0.022010	0.059169	0.017516	0.012628	0.022832	0.012275	0.095782	0.099583	0.030252	0.050457	0.007517	0.010632
229	na	3.433211	0.049516	0.023663	0.013756	0.015932	0.077889	0.021528	0.031059	0.032280	0.369356	0.072743	0.010213	0.078921	0.038254	0.025252	0.010220	0.014810	0.040635	0.050719	0.009547	0.013705
230	na	2.684185	0.010470	0.010062	0.009573	0.065152	0.159267	0.022795	0.034930	0.005926	0.004090	0.502693	0.004379	0.019423	0.011834	0.013134	0.012310	0.010837	0.013378	0.012433	0.068988	0.008327
231	na	3.477343	0.029880	0.022101	0.003100	0.019756	0.008389	0.018535	0.075824	0.015881	0.171187	0.114135	0.006329	0.007713	0.027565	0.140288	0.196746	0.077839	0.019295	0.039410	0.001472	0.004557
232	na	3.277727	0.017745	0.009392	0.008933	0.005080	0.005438	0.008112	0.079243	0.016005	0.050911	0.064523	0.005124	0.056576	0.044742	0.019957	0.336485	0.076326	0.152184	0.031454	0.007766	0.004005
233	na	2.435921	0.178205	0.002353	0.003354	0.005641	0.004065	0.013147	0.045205	0.005241	0.009276	0.015001	0.016503	0.019716	0.511799	0.012163	0.017952	0.002694	0.122866	0.006344	0.002900	0.005573
234	na	3.182513	0.398092	0.029558	0.040834	0.016717	0.008027	0.077916	0.013334	0.018765	0.010259	0.032635	0.006033	0.020409	0.124402	0.022705	0.017404	0.104995	0.014654	0.015957	0.013337	0.013968
235	na	3.600611	0.053568	0.067290	0.018946	0.014484	0.023280	0.068762	0.012073	0.035712	0.023513	0.194833	0.007453	0.012540	0.053222	0.222923	0.037722	0.043832	0.085140	0.009236	0.005025	0.010445
236	na	2.581326	0.006245	0.006693	0.007622	0.023644	0.009679	0.018671	0.006082	0.009092	0.101802	0.015022	0.005963	0.013774	0.054660	0.013156	0.562024	0.043185	0.052334	0.036037	0.006172	0.008141
237	na	3.034052	0.424423	0.026599	0.009601	0.013169	0.004655	0.086018	0.033638	0.008527	0.008483	0.027954	0.011602	0.020995	0.017815	0.033123	0.053833	0.140412	0.060629	0.012523	0.002640	0.003363
238	na	3.461563	0.348021	0.013831	0.022583	0.030321	0.011121	0.032559	0.062406	0.027183	0.005011	0.056513	0.096393	0.048008	0.018916	0.071274	0.047347	0.057671	0.017902	0.017511	0.004089	0.011339
239	na	3.466890	0.254440	0.047997	0.015493	0.018606	0.004348	0.060392	0.015080	0.077176	0.019585	0.038996	0.077116	0.009450	0.022488	0.020818	0.018263	0.032919	0.034067	0.216578	0.002203	0.013984
240	na	3.586563	0.087210	0.011915	0.300091	0.032201	0.011224	0.062637	0.018688	0.048471	0.015646	0.028397	0.007256	0.044443	0.012169	0.026611	0.051927	0.053531	0.116436	0.045045	0.010740	0.015363
241	na	3.288780	0.071637	0.019253	0.006843	0.021004	0.102802	0.028233	0.013406	0.016073	0.020895	0.064181	0.014002	0.020489	0.018359	0.401975	0.056149	0.038939	0.030098	0.035714	0.009790	0.010159
242	na	3.236445	0.043560	0.013260	0.042082	0.033495	0.009661	0.031747	0.012004	0.014976	0.007204	0.038082	0.055852	0.008221	0.026352	0.026836	0.098097	0.043590	0.060898	0.417200	0.004920	0.011963
243	na	2.448773	0.019400	0.011062	0.034481	0.015638	0.006146	0.011632	0.004453	0.029773	0.164624	0.018196	0.005336	0.008609	0.015801	0.006868	0.567821	0.017899	0.014323	0.028550	0.002481	0.016907
244	na	3.285657	0.047828	0.019480	0.075318	0.311223	0.006931	0.051853	0.004085	0.035152	0.011161	0.021437	0.009997	0.016785	0.030270	0.009747	0.036701	0.057315	0.022062	0.217917	0.003043	0.011697
245	na	2.740796	0.022883	0.004633	0.006675	0.010697	0.005993	0.228874	0.006048	0.009161	0.009351	0.034432	0.001545	0.006857	0.239753	0.015374	0.014775	0.325630	0.029075	0.019755	0.002935	0.005553
246	na	2.606758	0.011490	0.022127	0.008251	0.010789	0.018907	0.021816	0.044376	0.011671	0.009019	0.014753	0.006636	0.006522	0.006671	0.040974	0.574966	0.078255	0.034384	0.020499	0.006786	0.051108
247	na	3.304139	0.019484	0.184976	0.012666	0.026890	0.006066	0.027268	0.130326	0.030074	0.011601	0.022770	0.006510	0.100665	0.032480	0.007380	0.024952	0.295419	0.024048	0.014455	0.005456	0.016514
248	na	3.235977	0.170700	0.150388	0.008097	0.017276	0.007611	0.019797	0.011198	0.012871	0.009861	0.050852	0.003418	0.006177	0.232798	0.028008	0.042455	0.024929	0.183055	0.007858	0.004892	0.007756
249	na	2.578969	0.033791	0.012022	0.029816	0.009923	0.010295	0.585851	0.014536	0.011837	0.017982	0.061563	0.004333	0.005842	0.026196	0.025092	0.054504	0.045534	0.009453	0.028312	0.004855	0.008261
250	na	3.613830	0.051032	0.109375	0.030302	0.004730	0.017594	0.020011	0.022967	0.027299	0.020012	0.048369	0.022294	0.301546	0.042708	0.022756	0.033606	0.107198	0.039013	0.049472	0.016466	0.013250
251	na	2.951572	0.398836	0.018665	0.012525	0.005863	0.023108	0.017830	0.011325	0.025640	0.005378	0.154184	0.009804	0.021827	0.011909	0.011540	0.019780	0.037099	0.014889	0.178414	0.010055	0.011328
252	na	2.969610	0.079617	0.017280	0.028789	0.501544	0.013779	0.021876	0.021540	0.018829	0.015935	0.071906	0.011531	0.012546	0.014703	0.015478	0.044033	0.031194	0.011380	0.024831	0.030580	0.012630
253	na	3.542787	0.024617	0.009748	0.023576	0.031177	0.048880	0.042089	0.010271	0.348731	0.018509	0.074815	0.033880	0.016466	0.012114	0.074956	0.047251	0.057803	0.053935	0.030782	0.025610	0.014789
254	na	3.831515	0.051980	0.023822	0.041048	0.287927	0.047226	0.025991	0.023043	0.038351	0.048130	0.046632	0.019133	0.026215	0.033771	0.051258	0.049075	0.047663	0.052960	0.043049	0.013953	0.028772
255	na	3.297872	0.022010	0.008340	0.387137	0.033857	0.021483	0.018292	0.009990	0.028158	0.021494	0.045727	0.006287	0.110692	0.013286	0.008698	0.049931	0.056926	0.046751	0.021942	0.007143	0.081859
256	na	3.112564	0.032901	0.015368	0.004304	0.021747	0.012297	0.083568	0.008039	0.010099	0.008693	0.421565	0.024827	0.031963	0.030646	0.085753	0.048048	0.083440	0.061246	0.009681	0.002442	0.003372
257	na	2.670458	0.029737	0.037081	0.001662	0.005364	0.054979	0.071431	0.006150	0.146743	0.007267	0.510416	0.015762	0.007341	0.013378	0.006842	0.005324	0.019498	0.023332	0.021107	0.005601	0.010984
258	na	3.396317	0.036066	0.020853	0.009518	0.035584	0.352342	0.062108	0.012315	0.006955	0.048211	0.100927	0.009617	0.009807	0.033130	0.018086	0.087095	0.024308	0.017732	0.081639	0.005758	0.027948
259	na	3.121381	0.032663	0.019054	0.009502	0.005139	0.015124	0.030353	0.014800	0.072735	0.004075	0.350214	0.029010	0.025021	0.012359	0.019762	0.039689	0.075869	0.011589	0.222277	0.005218	0.005546
260	na	3.043151	0.388869	0.015071	0.012678	0.010606	0.017035	0.067258	0.018039	0.010094	0.008633	0.027578	0.013971	0.007557	0.046788	0.010833	0.019826	0.210763	0.034842	0.062421	0.005674	0.011462
261	na	2.382635	0.029207	0.009968	0.016788	0.022720	0.011575	0.023407	0.014338	0.017830	0.029812	0.023504	0.009051	0.010039	0.007934	0.035517	0.646015	0.023229	0.034188	0.018987	0.006942	0.008949
262	na	2.887039	0.052421	0.011389	0.006977	0.015175	0.006269	0.037771	0.014363	0.024150	0.005898	0.019786	0.005015	0.016246	0.012257	0.068017	0.056654	0.494839	0.020042	0.089544	0.003416	0.039773
263	na	2.843770	0.181935	0.023447	0.007705	0.003202	0.007619	0.096026	0.004488	0.008635	0.004954	0.012144	0.003197	0.054039	0.002968	0.004021	0.019339	0.092361	0.401743	0.059646	0.006136	0.006395
264	na	2.945233	0.045627	0.011658	0.006088	0.013114	0.019044	0.026965	0.019938	0.023922	0.054800	0.502051	0.010173	0.007999	0.024992	0.049340	0.016704	0.020982	0.087095	0.030151	0.009382	0.019975
265	na	2.965743	0.083899	0.046413	0.010859	0.002503	0.004989	0.017116	0.004246	0.162377	0.003499	0.392467	0.007414	0.005650	0.050436	0.029848	0.007394	0.053889	0.019386	0.092842	0.001040	0.003731
266	na	3.082675	0.019841	0.020440	0.016650	0.013386	0.008249	0.012359	0.010729	0.043621	0.102208	0.413020	0.006363	0.006305	0.005984	0.010934	0.090477	0.061735	0.033784	0.103588	0.010061	0.010266
267	na	1.996610	0.023236	0.011612	0.009411	0.012596	0.009794	0.030135	0.004330	0.008099	0.086912	0.030326	0.005290	0.008865	0.012083	0.024596	0.693543	0.010371	0.008503	0.003594	0.002513	0.004191
268	na	3.098148	0.020885	0.013998	0.003997	0.010593	0.004180	0.232190	0.027896	0.054258	0.007401	0.027585	0.004105	0.049547	0.022896	0.005641	0.008768	0.305692	0.062613	0.127211	0.003493	0.007050
269	na	2.574780	0.060990	0.024630	0.030688	0.009317	0.005250	0.032243	0.014267	0.029040	0.011519	0.027288	0.010747	0.012319	0.028699	0.008973	0.032173	0.597671	0.027597	0.019973	0.011300	0.005316
270	na	3.145201	0.036288	0.023150	0.009442	0.023692	0.013724	0.008713	0.011210	0.084024	0.016343	0.093159	0.007230	0.009214	0.012861	0.076791	0.043266	0.035253	0.048579	0.424140	0.003584	0.019335
271	na	2.597890	0.423167	0.010294	0.007465	0.024285	0.005592	0.304316	0.008919	0.025432	0.005407	0.043771	0.009837	0.008040	0.011706	0.007773	0.008751	0.039685	0.007511	0.013801	0.006177	0.028072
272	na	2.911789	0.041437	0.005532	0.015201	0.006662	0.015741	0.038387	0.501733	0.018464	0.014190	0.037893	0.008764	0.008286	0.028056	0.087290	0.041327	0.065622	0.021609	0.026035	0.006601	0.011170
273	na	2.735825	0.024162	0.009063	0.014802	0.024815	0.011256	0.004986	0.006228	0.024678	0.555746	0.019626	0.007795	0.037266	0.031827	0.024285	0.073844	0.032226	0.045077	0.030682	0.006260	0.015374
274	na	1.836923	0.012791	0.009185	0.004516	0.004758	0.008391	0.038708	0.001628	0.023745	0.006218	0.033706	0.006458	0.041818	0.009886	0.002443	0.009732	0.734364	0.026257	0.009702	0.005696	0.009998
275	na	3.651117	0.096391	0.210670	0.004134	0.013578	0.005226	0.069979	0.008984	0.111402	0.017399	0.035059	0.014594	0.056210	0.025973	0.017361	0.037923	0.096035	0.116316	0.047153	0.006937	0.008675
276	na	3.123919	0.025881	0.019287	0.002709	0.008884	0.005453	0.030515	0.014828	0.042020	0.015322	0.423718	0.033860	0.041533	0.042655	0.045272	0.036119	0.135499	0.014302	0.052670	0.003233	0.006240
277	na	3.324558	0.026237	0.010923	0.006449	0.006433	0.012148	0.084469	0.017446	0.019835	0.010206	0.024594	0.009532	0.027782	0.317441	0.034124	0.055787	0.174662	0.056208	0.087773	0.003743	0.014209
278	na	3.651000	0.193459	0.045880	0.025974	0.007946	0.011770	0.102997	0.011543	0.160075	0.016907	0.052292	0.017881	0.086637	0.052853	0.005887	0.021711	0.027685	0.052092	0.096577	0.005599	0.004235
279	na	3.686790	0.076327	0.189855	0.009725	0.012104	0.011204	0.138444	0.011005	0.007963	0.014732	0.117914	0.011761	0.054687	0.016186	0.028936	0.036704	0.053431	0.054380	0.114188	0.012078	0.028376
280	na	2.934981	0.045705	0.014073	0.003265	0.006560	0.011594	0.011345	0.005508	0.424551	0.020470	0.089172	0.049702	0.005030	0.026592	0.004964	0.038552	0.026528	0.031966	0.173325	0.004475	0.006624
281	na	3.633242	0.089350	0.009716	0.020739	0.090308	0.021654	0.023308	0.015828	0.034199	0.017074	0.077447	0.010299	0.021781	0.050649	0.019802	0.088924	0.024518	0.057554	0.021787	0.016979	0.288085
282	na	3.449095	0.050567	0.024924	0.035965	0.013563	0.015269	0.364512	0.044415	0.035348	0.022201	0.088337	0.013117	0.006067	0.012557	0.020301	0.048029	0.076039	0.032318	0.045434	0.004816	0.046223
283	na	3.616390	0.212896	0.009325	0.024541	0.009766	0.005877	0.164874	0.028601	0.089902	0.014495	0.033751	0.011954	0.014250	0.012679	0.100595	0.039514	0.075081	0.079101	0.048718	0.010995	0.013086
284	na	2.678572	0.062657	0.004107	0.004006	0.018579	0.007424	0.002677	0.053907	0.003604	0.099223	0.011782	0.002525	0.010332	0.019713	0.006531	0.526062	0.035388	0.037760	0.028621	0.058767	0.006336
285	na	3.393703	0.037421	0.036867	0.007990	0.016597	0.005887	0.050703	0.150382	0.018468	0.005786	0.018416	0.069771	0.026497	0.072262	0.011294	0.019607	0.097483	0.025527	0.313629	0.004801	0.010610
286	na	3.532512	0.341610	0.022727	0.022613	0.019546	0.013203	0.042495	0.040281	0.020708	0.012734	0.097916	0.021521	0.011077	0.018763	0.064616	0.047640	0.075867	0.020709	0.031779	0.056035	0.018160
287	na	2.517450	0.009057	0.011601	0.010925	0.011206	0.008744	0.029589	0.009789	0.015809	0.008746	0.014170	0.007199	0.045197	0.029395	0.008584	0.543075	0.183255	0.018024	0.013160	0.010955	0.011521
288	na	3.347311	0.135081	0.053346	0.010999	0.017505	0.053763	0.197934	0.007563	0.054441	0.015453	0.022895	0.007467	0.015391	0.019093	0.016604	0.278953	0.045017	0.018211	0.015769	0.004425	0.010090
289	na	3.461728	0.104633	0.020527	0.025233	0.009535	0.003083	0.012428	0.238072	0.008035	0.031352	0.208022	0.038485	0.017755	0.024831	0.037776	0.062347	0.099471	0.021344	0.015970	0.013626	0.007474
290	na	3.521526	0.036078	0.028464	0.183141	0.040893	0.005866	0.077937	0.031303	0.023212	0.022112	0.020322	0.046913	0.037693	0.292731	0.011269	0.022850	0.033262	0.026376	0.040768	0.006322	0.012488
291	na	3.434313	0.074626	0.017220	0.041435	0.003414	0.105651	0.099875	0.038716	0.036270	0.013542	0.037355	0.008367	0.002758	0.027262	0.007235	0.039439	0.305705	0.007399	0.027683	0.004070	0.101977
292	na	3.248230	0.032793	0.006293	0.012243	0.039407	0.039420	0.070528	0.016875	0.089141	0.013569	0.402251	0.022043	0.005690	0.092716	0.021392	0.046481	0.019841	0.018097	0.035880	0.005349	0.009991
293	na	3.514679	0.042238	0.006594	0.014810	0.100789	0.012546	0.061665	0.102927	0.007428	0.167890	0.026408	0.009071	0.029284	0.026732	0.014445	0.251795	0.035233	0.048880	0.027281	0.003903	0.010085
294	na	3.644949	0.145614	0.016979	0.032739	0.003060	0.013811	0.044609	0.025749	0.009306	0.032864	0.010039	0.009092	0.062109	0.007910	0.116518	0.138912	0.157432	0.050540	0.096891	0.004672	0.021157
295	na	3.018769	0.012539	0.021592	0.047046	0.031258	0.019212	0.505757	0.014535	0.053207	0.011591	0.044171	0.010169	0.018305	0.020658	0.012571	0.030964	0.031403	0.038876	0.034470	0.019125	0.022552
296	na	3.757371	0.054257	0.038021	0.027670	0.013264	0.064846	0.027558	0.022889	0.032376	0.012094	0.042544	0.025225	0.030402	0.097954	0.047634	0.051239	0.082113	0.048160	0.010740	0.005294	0.265721
297	na	2.246848	0.014045	0.010896	0.005599	0.005101	0.007218	0.014768	0.008370	0.021971	0.022777	0.036869	0.003293	0.008328	0.027922	0.005737	0.012961	0.590085	0.185331	0.008054	0.004297	0.006379
298	na	2.134182	0.011209	0.012549	0.011849	0.009128	0.019271	0.040046	0.007980	0.007059	0.014968	0.681959	0.013287	0.009628	0.021975	0.013482	0.062268	0.031392	0.012824	0.010214	0.003205	0.005709
299	na	2.541674	0.008317	0.015166	0.006138	0.016594	0.006796	0.029085	0.007810	0.018494	0.016771	0.054023	0.017384	0.012901	0.031294	0.011470	0.052678	0.045769	0.019402	0.601599	0.017475	0.010832
300	na	2.785925	0.019430	0.011796	0.003556	0.017797	0.021408	0.479352	0.015277	0.040229	0.016288	0.018587	0.008994	0.007129	0.019443	0.024380	0.036406	0.196563	0.015811	0.025904	0.006210	0.015441
301	na	3.545668	0.023121	0.024471	0.014545	0.015591	0.018183	0.054452	0.022689	0.256649	0.018114	0.074744	0.013343	0.018703	0.027818	0.017459	0.204429	0.063951	0.016740	0.048985	0.006945	0.059067
302	na	3.351883	0.043250	0.031896	0.056458	0.007965	0.008934	0.002886	0.007016	0.017369	0.008356	0.042809	0.001389	0.071485	0.260914	0.090222	0.052038	0.219223	0.015658	0.042672	0.003778	0.015682
303	na	2.728819	0.270233	0.021756	0.006929	0.012474	0.007516	0.021042	0.006071	0.027952	0.020466	0.019881	0.005696	0.009513	0.426022	0.010796	0.048247	0.032184	0.017120	0.026508	0.002568	0.007026
304	na	3.601974	0.025171	0.052667	0.010026	0.014992	0.215699	0.058616	0.013017	0.103808	0.006359	0.044977	0.027462	0.012483	0.037867	0.019560	0.026562	0.025781	0.144951	0.143887	0.003907	0.012209
305	na	3.751329	0.027143	0.034739	0.008059	0.005334	0.059686	0.082999	0.029618	0.042576	0.145522	0.030420	0.003797	0.018422	0.035561	0.114720	0.187111	0.075659	0.048498	0.022023	0.007956	0.020158
306	na	3.341105	0.054830	0.014389	0.017513	0.002506	0.009518	0.021013	0.007638	0.035508	0.012977	0.169520	0.033352	0.026434	0.013719	0.129650	0.301863	0.048361	0.068259	0.015274	0.006606	0.011071
307	na	2.970583	0.043362	0.144547	0.016159	0.039253	0.026075	0.049559	0.013193	0.006229	0.011864	0.411845	0.005186	0.004487	0.006699	0.136644	0.011045	0.019998	0.019904	0.027433	0.003556	0.002962
308	na	3.031340	0.032225	0.018428	0.011760	0.002801	0.041383	0.188279	0.068382	0.101530	0.006480	0.359531	0.017574	0.002122	0.003293	0.012380	0.008941	0.004383	0.005936	0.078675	0.031823	0.004075
309	na	2.870535	0.014150	0.008629	0.006089	0.001481	0.004944	0.142010	0.004125	0.010993	0.032590	0.119878	0.001253	0.006533	0.008673	0.030711	0.381707	0.114922	0.096770	0.008034	0.001142	0.005366
310	na	2.992534	0.379306	0.227027	0.012807	0.007188	0.015838	0.024430	0.051987	0.085886	0.005628	0.024881	0.007105	0.015098	0.008212	0.026772	0.036373	0.036220	0.008521	0.016404	0.002745	0.007573
311	na	2.416806	0.008591	0.006606	0.005510	0.002733	0.006755	0.013744	0.012649	0.012615	0.027483	0.008251	0.002317	0.009008	0.005428	0.006827	0.465705	0.129861	0.245624	0.020781	0.002476	0.007036
312	na	3.726864	0.033619	0.067876	0.014670	0.013249	0.007580	0.025045	0.012842	0.099506	0.015039	0.062127	0.021731	0.072635	0.012387	0.091204	0.023198	0.040998	0.080276	0.246555	0.041430	0.018033
313	na	3.656289	0.122226	0.009098	0.014295	0.006213	0.052724	0.062554	0.028832	0.037225	0.007615	0.038868	0.009568	0.008752	0.049225	0.059916	0.084855	0.085845	0.026070	0.031814	0.011196	0.253110
314	na	2.812162	0.094824	0.012843	0.012887	0.009401	0.013820	0.095478	0.012437	0.006801	0.010936	0.027776	0.002289	0.017164	0.029581	0.025670	0.043160	0.508655	0.021446	0.037042	0.006413	0.011377
315	na	3.204233	0.038279	0.052700	0.020391	0.008199	0.027377	0.009368	0.011590	0.087073	0.036948	0.417272	0.001764	0.013708	0.024371	0.014459	0.075583	0.038743	0.067540	0.037042	0.005753	0.011839
316	na	3.294108	0.025351	0.083481	0.013878	0.018728	0.013461	0.020271	0.031739	0.297847	0.004339	0.231708	0.017616	0.060681	0.043804	0.005896	0.026574	0.025326	0.020073	0.048322	0.004031	0.006873
317	na	2.040959	0.023693	0.018764	0.019448	0.005847	0.016331	0.006043	0.012721	0.009649	0.034166	0.023525	0.002753	0.012778	0.014535	0.014454	0.707511	0.028338	0.015466	0.026587	0.003582	0.003810
318	na	3.596071	0.074675	0.036302	0.010805	0.010572	0.029807	0.107439	0.025414	0.031958	0.015525	0.062097	0.004086	0.007363	0.165378	0.019075	0.055192	0.239775	0.020205	0.050489	0.007749	0.026093
319	na	3.358318	0.004783	0.018712	0.002034	0.003352	0.007969	0.029727	0.132240	0.023308	0.102682	0.042491	0.003440	0.069771	0.013555	0.046063	0.107306	0.032180	0.066748	0.287403	0.004293	0.001942
320	na	3.521813	0.026137	0.014468	0.027873	0.351713	0.029865	0.076359	0.032461	0.018036	0.031093	0.065706	0.021678	0.022206	0.018652	0.011266	0.068796	0.059511	0.032592	0.065310	0.018866	0.007412
321	na	2.858405	0.013283	0.008208	0.004711	0.007423	0.016650	0.016553	0.009507	0.013686	0.186270	0.018800	0.013971	0.097251	0.005710	0.028468	0.442465	0.039188	0.008068	0.019620	0.009986	0.040182
322	na	2.934654	0.029900	0.026078	0.022104	0.013332	0.019794	0.026602	0.014285	0.009976	0.004161	0.036375	0.024874	0.020870	0.500798	0.018143	0.021875	0.045250	0.110654	0.031507	0.005124	0.018299
323	na	3.489523	0.216798	0.008268	0.004311	0.006120	0.064715	0.042910	0.025305	0.089595	0.003684	0.124364	0.008534	0.024230	0.013770	0.060597	0.168793	0.078132	0.009959	0.033620	0.001690	0.014604
324	na	3.465446	0.020446	0.004141	0.014732	0.027827	0.009674	0.034733	0.302023	0.035758	0.007095	0.018418	0.004337	0.046543	0.037438	0.099901	0.058518	0.148238	0.065132	0.037695	0.011410	0.015942
325	na	3.290774	0.023317	0.010792	0.019214	0.027625	0.010555	0.013496	0.019153	0.017308	0.403221	0.032682	0.014491	0.028113	0.041867	0.028045	0.095376	0.016107	0.101679	0.054396	0.016926	0.025638
326	na	3.078571	0.018725	0.023001	0.019717	0.009532	0.018045	0.017121	0.026908	0.070049	0.013357	0.027154	0.008322	0.047138	0.016803	0.019615	0.182289	0.416129	0.020444	0.013977	0.006745	0.024930
327	na	3.526700	0.021956	0.013410	0.024141	0.040498	0.031872	0.031340	0.018564	0.040107	0.021015	0.034855	0.014238	0.108148	0.096030	0.325204	0.022678	0.043702	0.019969	0.077124	0.006292	0.008855
328	na	2.737916	0.021301	0.007142	0.008516	0.005620	0.014838	0.022286	0.007385	0.063742	0.021120	0.524363	0.014356	0.027678	0.014587	0.010086	0.056574	0.038598	0.014551	0.114031	0.007118	0.006109
329	na	3.259486	0.032880	0.033632	0.012377	0.004692	0.008832	0.030201	0.005020	0.137251	0.009575	0.150993	0.062660	0.006388	0.027309	0.014987	0.037150	0.055418	0.016101	0.333453	0.014605	0.006475
330	na	3.778241	0.012437	0.031276	0.114947	0.005287	0.021270	0.072855	0.028749	0.068028	0.007965	0.057048	0.020843	0.017226	0.028398	0.014314	0.042193	0.117986	0.015697	0.101102	0.190952	0.031427
331	na	3.586236	0.081240	0.035775	0.010914	0.011929	0.007081	0.028232	0.013905	0.062100	0.013182	0.270256	0.142332	0.036036	0.057834	0.014869	0.021609	0.087597	0.033128	0.049158	0.006963	0.015859
332	na	3.224285	0.379005	0.005151	0.030627	0.008474	0.017675	0.051318	0.026786	0.014148	0.035008	0.024506	0.008982	0.023228	0.046821	0.022820	0.037064	0.075746	0.163120	0.012515	0.002382	0.014624
333	na	3.213098	0.097892	0.128154	0.004422	0.010946	0.005032	0.284817	0.003816	0.007078	0.006233	0.023049	0.068007	0.004801	0.012549	0.018005	0.018416	0.199552	0.048994	0.030387	0.013050	0.014801
334	na	3.474139	0.032502	0.086458	0.010766	0.025456	0.006207	0.042188	0.326691	0.046433	0.006844	0.040155	0.013297	0.083646	0.035425	0.026166	0.018703	0.117455	0.015134	0.042256	0.007109	0.017109
335	na	2.319238	0.093948	0.050782	0.003329	0.009703	0.010211	0.020314	0.013568	0.019380	0.006374	0.044170	0.002969	0.007977	0.016340	0.006865	0.018998	0.623377	0.028555	0.009378	0.003562	0.010200
336	na	2.424649	0.190070	0.006327	0.014153	0.002632	0.005243	0.069104	0.006073	0.012138	0.003204	0.512429	0.004706	0.006870	0.005134	0.001996	0.052477	0.068218	0.026818	0.007623	0.001364	0.003422
337	na	3.008014	0.466083	0.034393	0.013536	0.007106	0.016106	0.063728	0.012503	0.014232	0.009376	0.052065	0.006431	0.007304	0.020684	0.030967	0.083636	0.091592	0.018773	0.017523	0.011832	0.022130
338	na	3.737744	0.014960	0.061513	0.007056	0.010583	0.227241	0.114455	0.016304	0.051390	0.005413	0.063820	0.022405	0.026998	0.051286	0.023272	0.041914	0.065042	0.114718	0.047615	0.015588	0.018428
339	na	3.275935	0.026037	0.010741	0.185583	0.352704	0.013137	0.016690	0.017313	0.014704	0.069467	0.045882	0.015273	0.017947	0.025578	0.022235	0.014756	0.013898	0.017573	0.082339	0.023343	0.014799
340	na	3.534178	0.015683	0.006091	0.256944	0.032533	0.030452	0.055012	0.110285	0.013089	0.010407	0.088384	0.011692	0.065471	0.012581	0.013988	0.013588	0.154358	0.040839	0.028602	0.003573	0.036429
341	na	3.159376	0.015393	0.034724	0.013848	0.012466	0.013287	0.017308	0.009700	0.066221	0.017945	0.372463	0.008169	0.029819	0.018078	0.007570	0.019890	0.040500	0.206481	0.054734	0.011849	0.029557
342	na	2.761925	0.016369	0.022925	0.012652	0.011591	0.015825	0.106638	0.009845	0.006668	0.016595	0.021266	0.041701	0.008477	0.037776	0.033752	0.525249	0.072529	0.017188	0.010178	0.007444	0.005333
343	na	2.684381	0.019817	0.009378	0.008654	0.006244	0.006206	0.017264	0.002896	0.312863	0.028456	0.259845	0.011643	0.004575	0.012613	0.006449	0.012613	0.015536	0.008212	0.242830	0.002273	0.011634
344	na	2.719534	0.012400	0.009516	0.009715	0.008952	0.015076	0.033291	0.007622	0.020163	0.024725	0.501857	0.005564	0.009021	0.021786	0.012583	0.017103	0.096977	0.147831	0.025214	0.002786	0.017818
345	na	2.804568	0.027315	0.008551	0.012556	0.010856	0.012819	0.153060	0.026233	0.017034	0.009338	0.033124	0.005800	0.012602	0.027300	0.010582	0.027358	0.494497	0.066785	0.026358	0.004285	0.013547
346	na	3.842824	0.070762	0.009990	0.015982	0.021269	0.212033	0.039941	0.021642	0.031689	0.012801	0.104074	0.103012	0.030968	0.037311	0.026122	0.069619	0.066328	0.039996	0.056504	0.018781	0.011177
347	na	3.409467	0.042349	0.011641	0.014638	0.010156	0.033432	0.035470	0.014759	0.330068	0.026907	0.131431	0.016173	0.022045	0.010252	0.008575	0.077393	0.094735	0.058861	0.042767	0.004485	0.013865
348	na	2.373679	0.040545	0.009139	0.007604	0.012099	0.009034	0.022431	0.018837	0.012434	0.020350	0.021954	0.004898	0.010069	0.043808	0.020188	0.639718	0.038089	0.038114	0.014452	0.005973	0.010264
349	na	3.083718	0.014519	0.010232	0.011084	0.023987	0.019184	0.444618	0.019225	0.013696	0.014498	0.091538	0.006043	0.014360	0.086104	0.011873	0.048650	0.037151	0.036022	0.075075	0.009348	0.012793
350	na	3.396386	0.130724	0.054211	0.042582	0.005382	0.095667	0.253118	0.008984	0.019475	0.005457	0.040796	0.003356	0.007409	0.013157	0.004347	0.034410	0.066531	0.165820	0.025825	0.020806	0.001942
351	na	3.562815	0.030307	0.032512	0.009754	0.017582	0.161157	0.029701	0.042623	0.013230	0.295350	0.043320	0.007793	0.038180	0.024352	0.051840	0.048571	0.061454	0.022681	0.050352	0.006562	0.012677
352	na	3.153080	0.033764	0.018464	0.014122	0.013694	0.022283	0.039100	0.010207	0.070691	0.009564	0.120669	0.014939	0.011103	0.016906	0.012047	0.024419	0.062623	0.029416	0.427740	0.007525	0.040722
353	na	2.740491	0.015620	0.008467	0.008967	0.007057	0.012190	0.010609	0.009271	0.017244	0.007111	0.021825	0.044119	0.002170	0.228441	0.006567	0.410265	0.129623	0.004832	0.039385	0.008393	0.007846
354	na	3.018172	0.210216	0.011223	0.025899	0.005922	0.016608	0.029808	0.009419	0.006250	0.009862	0.061733	0.004164	0.005815	0.386252	0.011671	0.043545	0.024448	0.022250	0.046191	0.003165	0.065559
355	na	2.967495	0.043586	0.015252	0.020994	0.017746	0.015237	0.014461	0.018165	0.033227	0.030976	0.076340	0.005755	0.017501	0.025739	0.019237	0.509732	0.040900	0.040196	0.028992	0.010176	0.015788
356	na	3.132485	0.042723	0.013188	0.013707	0.025838	0.018614	0.476159	0.019804	0.036745	0.030411	0.041682	0.009994	0.019794	0.036757	0.014686	0.051979	0.055887	0.036295	0.028012	0.012721	0.015002
357	na	3.564909	0.038156	0.014025	0.024400	0.070405	0.017689	0.025840	0.017100	0.039507	0.334283	0.030838	0.018739	0.047265	0.018723	0.040519	0.113281	0.053533	0.040540	0.027216	0.009453	0.018488
358	na	2.447427	0.028016	0.013129	0.011868	0.006619	0.013210	0.008321	0.016571	0.030645	0.008952	0.615853	0.008838	0.013774	0.020287	0.010550	0.030045	0.018829	0.071338	0.053228	0.004402	0.015525
359	na	3.042339	0.016547	0.022083	0.002609	0.004160	0.005787	0.008566	0.012550	0.004261	0.011378	0.094490	0.001778	0.062353	0.019865	0.155259	0.305766	0.206456	0.036678	0.012850	0.009597	0.006966
360	na	3.130812	0.063816	0.046215	0.012749	0.008919	0.012679	0.009545	0.021284	0.014353	0.011586	0.068558	0.004492	0.017776	0.060079	0.015742	0.052388	0.044392	0.434376	0.082172	0.005317	0.013562
361	na	1.977390	0.016163	0.005354	0.009433	0.011459	0.004864	0.036401	0.005313	0.026041	0.024523	0.019542	0.004996	0.011279	0.010759	0.004095	0.715445	0.032869	0.027709	0.019633	0.002588	0.011534
362	na	2.351270	0.046727	0.010120	0.012475	0.026488	0.010989	0.649899	0.012700	0.014275	0.014663	0.015744	0.006079	0.013713	0.032153	0.010774	0.035178	0.028656	0.022267	0.013738	0.012340	0.011021
363	na	3.358920	0.222356	0.096757	0.015066	0.010880	0.037904	0.023086	0.003734	0.071566	0.008711	0.137260	0.007522	0.007660	0.012463	0.009224	0.029208	0.076497	0.022444	0.199936	0.002129	0.005597
364	na	3.735741	0.036288	0.011340	0.006432	0.007861	0.067188	0.029267	0.024753	0.036295	0.020938	0.143187	0.027216	0.016734	0.015871	0.192478	0.025645	0.097084	0.082248	0.110935	0.011376	0.036865
365	na	2.675927	0.023441	0.005603	0.008007	0.008953	0.007003	0.022944	0.015168	0.198325	0.010672	0.489467	0.014412	0.012720	0.009630	0.013989	0.013109	0.054173	0.031182	0.049183	0.004190	0.007830
366	na	2.620713	0.541252	0.012986	0.014025	0.013119	0.008452	0.037381	0.018263	0.015727	0.010736	0.045897	0.005030	0.007660	0.015682	0.012803	0.010862	0.144999	0.048008	0.010327	0.007082	0.019709
367	na	2.813505	0.036842	0.008968	0.019247	0.004856	0.028622	0.017559	0.008169	0.007302	0.009402	0.012533	0.005148	0.057046	0.008738	0.013284	0.051202	0.356952	0.314907	0.022926	0.006612	0.009684
368	na	3.770621	0.014604	0.008023	0.006854	0.044677	0.022306	0.081069	0.016171	0.016786	0.068857	0.062709	0.014295	0.180919	0.059716	0.039994	0.083165	0.053940	0.142379	0.071363	0.003643	0.008531
369	na	3.679799	0.028358	0.021697	0.032526	0.293480	0.012317	0.040428	0.030816	0.018339	0.018977	0.029991	0.017264	0.026601	0.045881	0.016983	0.065867	0.059913	0.107488	0.059669	0.008258	0.065147
370	na	3.934350	0.034010	0.015966	0.040860	0.025378	0.043654	0.018453	0.063745	0.021682	0.031131	0.079001	0.018360	0.185954	0.024743	0.133688	0.052930	0.061279	0.070206	0.035790	0.021300	0.021869
371	na	3.417750	0.048741	0.034347	0.014568	0.006300	0.006559	0.031728	0.013972	0.140996	0.029123	0.222967	0.051884	0.007969	0.005977	0.009692	0.014390	0.085277	0.051086	0.207689	0.006425	0.010307
372	na	3.636096	0.055463	0.013047	0.310143	0.053214	0.011705	0.059595	0.020009	0.015262	0.010949	0.057583	0.019882	0.062414	0.027319	0.032597	0.045988	0.081794	0.065971	0.030130	0.012069	0.014866
373	na	3.498449	0.145345	0.011857	0.005126	0.005188	0.072863	0.041181	0.012775	0.009165	0.024021	0.037437	0.011561	0.105099	0.019021	0.009127	0.267307	0.083126	0.063199	0.050147	0.016448	0.010008
374	na	3.365182	0.018112	0.054922	0.025280	0.004126	0.005329	0.025208	0.009421	0.190790	0.013413	0.316516	0.064149	0.006761	0.019110	0.051429	0.033231	0.024572	0.066684	0.032667	0.010661	0.027619
375	na	3.702330	0.016930	0.023436	0.127066	0.216119	0.133605	0.045874	0.014940	0.012373	0.007825	0.066466	0.006112	0.056275	0.029928	0.007217	0.050095	0.061388	0.029775	0.051262	0.034002	0.009311
376	na	2.904532	0.031439	0.014740	0.006667	0.005970	0.019076	0.195830	0.014983	0.013538	0.010898	0.019264	0.006870	0.071748	0.018108	0.024134	0.022174	0.445125	0.011273	0.030362	0.017113	0.020688
377	na	2.972996	0.017247	0.017934	0.004963	0.002149	0.017472	0.041187	0.002035	0.016901	0.003526	0.140482	0.015697	0.037135	0.016038	0.004301	0.294932	0.274709	0.060926	0.022972	0.005075	0.004318
378	na	3.415438	0.100888	0.014522	0.024644	0.009601	0.011575	0.016813	0.013549	0.051868	0.052868	0.036547	0.011029	0.011326	0.016845	0.014185	0.099780	0.118965	0.321631	0.031373	0.003000	0.038990
379	na	3.143024	0.015603	0.087088	0.006973	0.014068	0.030241	0.015279	0.010104	0.031064	0.009449	0.439528	0.022765	0.025961	0.049400	0.012433	0.024718	0.048225	0.030390	0.091901	0.004307	0.030505
380	na	3.490134	0.083099	0.011692	0.043435	0.351954	0.012205	0.014960	0.041274	0.023711	0.022467	0.033370	0.013734	0.041518	0.014624	0.101140	0.054009	0.037638	0.032140	0.012583	0.014357	0.040087
381	na	2.824886	0.050222	0.008381	0.026014	0.017208	0.013109	0.017637	0.022228	0.014690	0.005186	0.274868	0.012296	0.014753	0.009710	0.029355	0.025019	0.021002	0.404976	0.022556	0.004353	0.006438
382	na	2.093494	0.018016	0.056258	0.007312	0.017206	0.008508	0.048458	0.008589	0.008225	0.014863	0.033095	0.007695	0.015267	0.013290	0.007815	0.688947	0.007690	0.008018	0.014291	0.005204	0.011255
383	na	2.869903	0.071285	0.021145	0.005336	0.002134	0.007113	0.064920	0.009806	0.007677	0.013626	0.018033	0.017139	0.030860	0.004724	0.031552	0.014366	0.457063	0.153240	0.053535	0.005023	0.011424
384	na	2.839266	0.044899	0.012828	0.004418	0.012648	0.015783	0.028033	0.036591	0.006055	0.038430	0.026435	0.005276	0.081688	0.014608	0.008809	0.506813	0.095085	0.021938	0.020512	0.005531	0.013621
385	na	3.551860	0.031038	0.021267	0.016470	0.011886	0.035138	0.023359	0.017981	0.016016	0.007236	0.055457	0.008494	0.039287	0.155297	0.011329	0.064228	0.041024	0.031913	0.163074	0.010966	0.238539
386	na	3.765540	0.027466	0.015966	0.016442	0.029160	0.012723	0.021533	0.051602	0.045684	0.013529	0.120703	0.008464	0.022856	0.040981	0.036167	0.053927	0.097600	0.046073	0.076307	0.240035	0.022777
387	na	2.677905	0.502536	0.022712	0.010366	0.009801	0.016094	0.114437	0.005800	0.006428	0.004192	0.006282	0.003285	0.010637	0.020378	0.019933	0.033804	0.138304	0.031169	0.023840	0.005825	0.014177
388	na	2.705798	0.029800	0.015108	0.005878	0.006807	0.006402	0.023823	0.020172	0.565271	0.038256	0.041459	0.001958	0.021350	0.027202	0.020989	0.024130	0.045194	0.056258	0.025243	0.006714	0.017986
389	na	2.061186	0.165951	0.003700	0.007924	0.016992	0.007112	0.002833	0.002833	0.004261	0.046166	0.013248	0.002676	0.011780	0.004118	0.004182	0.630385	0.028576	0.016771	0.010698	0.004413	0.015381
390	na	2.441859	0.010840	0.038440	0.005579	0.011402	0.018321	0.015181	0.029428	0.004644	0.014538	0.024350	0.007656	0.012658	0.096859	0.007420	0.033521	0.035502	0.603345	0.022540	0.003079	0.004697
391	na	1.796156	0.011346	0.005968	0.012072	0.006665	0.016868	0.031438	0.009511	0.015937	0.028343	0.011542	0.002666	0.005137	0.002598	0.012600	0.751444	0.024491	0.023703	0.006070	0.010777	0.010822
392	na	1.948269	0.068107	0.008611	0.004089	0.010103	0.016469	0.019966	0.004792	0.024146	0.010553	0.033945	0.006606	0.009668	0.014197	0.004800	0.021168	0.712679	0.010177	0.007723	0.006677	0.005523
393	na	2.558841	0.026005	0.015919	0.005126	0.013716	0.005889	0.402697	0.008037	0.005418	0.017578	0.008107	0.002930	0.009829	0.023799	0.011965	0.064330	0.331624	0.013653	0.017104	0.007085	0.009189
394	na	2.346238	0.022732	0.005220	0.009960	0.014287	0.010823	0.640199	0.026909	0.032304	0.011402	0.014296	0.005852	0.009481	0.016646	0.008683	0.072198	0.032666	0.008681	0.025988	0.019157	0.012515
395	na	3.313006	0.150820	0.010956	0.010019	0.004515	0.017664	0.022248	0.097138	0.016711	0.042219	0.011358	0.005239	0.223140	0.006642	0.013665	0.082964	0.200957	0.062322	0.014206	0.001485	0.005732
396	na	3.297225	0.121553	0.022859	0.006666	0.002280	0.028151	0.021623	0.081233	0.017454	0.013085	0.102059	0.004166	0.006648	0.018727	0.011105	0.315038	0.076838	0.114331	0.010083	0.009070	0.017031
397	na	3.668402	0.147219	0.043819	0.002738	0.001007	0.065608	0.006364	0.029130	0.031642	0.139847	0.039873	0.007402	0.104342	0.014356	0.020513	0.169014	0.061534	0.042703	0.038714	0.029822	0.004354
398	na	2.461364	0.005456	0.004616	0.002586	0.001616	0.017374	0.003323	0.059618	0.022031	0.137881	0.296868	0.002192	0.008020	0.007691	0.028923	0.384327	0.009174	0.002346	0.004435	0.000774	0.000749
399	na	3.414696	0.034464	0.024851	0.003194	0.004876	0.011983	0.017957	0.121284	0.017692	0.050057	0.055240	0.001591	0.003729	0.019157	0.065155	0.214605	0.051537	0.048629	0.232187	0.012294	0.009520
400	na	2.214189	0.021279	0.008684	0.005222	0.020149	0.010875	0.026717	0.028020	0.009294	0.041343	0.015491	0.006425	0.009731	0.066802	0.007290	0.664804	0.018069	0.015170	0.007088	0.007523	0.010025
401	na	2.386503	0.125648	0.001848	0.002441	0.008954	0.002257	0.022923	0.014860	0.004433	0.045292	0.003762	0.001457	0.016408	0.028465	0.006769	0.554075	0.118332	0.016067	0.012529	0.002150	0.011332
402	na	3.233019	0.096230	0.016381	0.003632	0.012893	0.002787	0.012018	0.099769	0.009670	0.010458	0.043997	0.003216	0.009900	0.011052	0.050633	0.236793	0.253037	0.077600	0.025633	0.001606	0.022696
403	na	3.142650	0.388288	0.025565	0.008571	0.007921	0.013067	0.020701	0.027258	0.012683	0.040046	0.075249	0.002224	0.017657	0.034342	0.014363	0.065321	0.053423	0.160621	0.025119	0.002120	0.005461
404	na	2.982745	0.070855	0.019597	0.011548	0.008908	0.066536	0.406991	0.006761	0.011409	0.017873	0.023036	0.008841	0.011631	0.022535	0.008823	0.017768	0.193969	0.056202	0.027816	0.002724	0.006178
405	na	3.320263	0.036709	0.087953	0.014637	0.026824	0.038545	0.021955	0.007766	0.010056	0.049040	0.010164	0.034572	0.013349	0.018476	0.378110	0.031602	0.111942	0.070811	0.010308	0.018226	0.008955
406	na	3.513426	0.017512	0.014019	0.013022	0.015043	0.013619	0.008794	0.063155	0.264411	0.012963	0.069120	0.012140	0.035351	0.007263	0.028586	0.028008	0.112510	0.151569	0.084798	0.007866	0.040251
407	na	2.952114	0.029483	0.050766	0.007566	0.009706	0.005905	0.085930	0.016326	0.015394	0.018366	0.029392	0.018293	0.016547	0.009660	0.038657	0.101970	0.480897	0.022623	0.020890	0.006770	0.014860
408	na	3.416146	0.093230	0.124032	0.011116	0.024973	0.029902	0.019132	0.044574	0.024780	0.021975	0.031116	0.044872	0.021860	0.043800	0.019622	0.012147	0.015609	0.040349	0.356641	0.004785	0.015486
409	na	3.496600	0.170705	0.097876	0.000812	0.009443	0.004753	0.026349	0.069674	0.070319	0.002557	0.017340	0.009975	0.011614	0.003880	0.094048	0.021996	0.103006	0.189921	0.074300	0.010639	0.010792
410	na	2.964616	0.214364	0.111487	0.006766	0.002868	0.006841	0.039873	0.026990	0.006319	0.023003	0.016477	0.005378	0.020429	0.377224	0.023960	0.019885	0.050454	0.010131	0.031681	0.001924	0.003946
411	na	2.642097	0.286089	0.025660	0.001471	0.005277	0.015670	0.014520	0.011064	0.007661	0.003603	0.011794	0.003127	0.007665	0.008182	0.006691	0.031024	0.389285	0.078349	0.085042	0.003970	0.003858
412	na	3.109805	0.010601	0.027325	0.008079	0.005887	0.311632	0.013949	0.029457	0.079931	0.022199	0.271633	0.008634	0.017178	0.014076	0.010152	0.043700	0.032940	0.011513	0.063552	0.003211	0.014353
413	na	2.104025	0.015795	0.013475	0.003472	0.005821	0.016548	0.023309	0.004865	0.012624	0.026500	0.027455	0.006854	0.015174	0.013426	0.011899	0.051284	0.693359	0.024142	0.015333	0.013612	0.005054
414	na	2.908638	0.028319	0.016756	0.003994	0.007524	0.013161	0.018326	0.006336	0.061768	0.017685	0.256985	0.058780	0.007354	0.011519	0.022689	0.021055	0.021066	0.036645	0.382293	0.001568	0.006176
415	na	3.084136	0.168845	0.006602	0.001108	0.001134	0.030850	0.024188	0.021605	0.002933	0.073433	0.306358	0.010833	0.004449	0.000877	0.015350	0.128315	0.133553	0.012312	0.040649	0.012349	0.004256
416	na	2.262856	0.025279	0.027017	0.002913	0.035489	0.003279	0.017783	0.014901	0.017590	0.035588	0.035084	0.006198	0.019594	0.015093	0.014268	0.660620	0.012598	0.037037	0.008375	0.005755	0.005540
417	na	3.537144	0.023499	0.003642	0.013733	0.001594	0.020591	0.027075	0.016919	0.075790	0.051621	0.106010	0.007477	0.046565	0.025166	0.012183	0.282333	0.062133	0.125421	0.016208	0.053385	0.028656
418	na	2.796794	0.007897	0.076506	0.002373	0.004897	0.007010	0.006843	0.007957	0.014554	0.003731	0.381670	0.112987	0.042381	0.020249	0.017409	0.022156	0.015329	0.009944	0.238984	0.002356	0.004766
419	na	2.909180	0.033807	0.013528	0.003476	0.024679	0.003208	0.007614	0.031443	0.038312	0.009933	0.177507	0.005881	0.011107	0.437724	0.009623	0.052312	0.029607	0.028480	0.070776	0.004314	0.006667
420	na	3.555074	0.100065	0.014365	0.007076	0.002457	0.121104	0.015749	0.074054	0.161696	0.007325	0.096934	0.015883	0.017017	0.002028	0.023404	0.011470	0.083260	0.020315	0.172050	0.006382	0.047367
421	na	3.280888	0.216314	0.014199	0.019568	0.007665	0.001141	0.002148	0.146543	0.042166	0.002025	0.105149	0.003433	0.079421	0.000225	0.023579	0.012107	0.178526	0.030121	0.099359	0.003907	0.012404
422	na	2.982652	0.008514	0.017869	0.000742	0.007650	0.023170	0.087914	0.012597	0.009598	0.037659	0.018756	0.014316	0.033188	0.003162	0.045991	0.463773	0.076790	0.056767	0.057366	0.003305	0.020874
423	na	3.460890	0.052368	0.028837	0.026926	0.004005	0.002414	0.081222	0.018202	0.008859	0.091418	0.019130	0.003525	0.011338	0.061409	0.110471	0.281916	0.082900	0.081468	0.019070	0.001616	0.012908
424	na	3.270308	0.130031	0.015271	0.012207	0.017574	0.005762	0.013783	0.030078	0.019315	0.007654	0.319437	0.017046	0.056015	0.012324	0.039225	0.016100	0.058308	0.184743	0.023725	0.014595	0.006807
425	na	2.712145	0.137938	0.166440	0.022957	0.005763	0.003179	0.007237	0.001534	0.172856	0.008125	0.036447	0.004040	0.005716	0.004151	0.005684	0.006604	0.017733	0.013100	0.375034	0.001380	0.004084
426	na	2.705432	0.012992	0.097617	0.001161	0.000783	0.006914	0.001049	0.002323	0.136082	0.001373	0.408312	0.018730	0.003667	0.008190	0.015633	0.042355	0.017284	0.052462	0.170589	0.001010	0.001476
427	na	3.088621	0.097196	0.040643	0.006187	0.001038	0.004585	0.227834	0.006900	0.009997	0.001706	0.104073	0.006816	0.065914	0.009394	0.012769	0.043320	0.074384	0.275658	0.008181	0.000374	0.003033
428	na	3.228145	0.215457	0.033881	0.005101	0.006950	0.066607	0.019136	0.073618	0.048853	0.007722	0.014592	0.001729	0.013570	0.006217	0.025124	0.014784	0.099621	0.298303	0.031522	0.005139	0.012074
429	na	3.118739	0.016330	0.086210	0.010353	0.010190	0.204012	0.023495	0.015094	0.040824	0.003924	0.051982	0.013441	0.007139	0.043283	0.007477	0.034879	0.032462	0.009806	0.015587	0.007150	0.366359
430	na	2.833924	0.061074	0.007964	0.003042	0.002174	0.002679	0.122177	0.005755	0.006763	0.003384	0.013931	0.002622	0.038521	0.064817	0.004441	0.145285	0.411363	0.075695	0.016301	0.002034	0.009979
431	na	3.638493	0.036251	0.015334	0.011302	0.009200	0.080669	0.207180	0.066077	0.104603	0.012187	0.142617	0.006682	0.010071	0.037497	0.012998	0.044231	0.098302	0.032439	0.059327	0.002872	0.010160
432	na	3.217199	0.140088	0.003959	0.004077	0.004373	0.053829	0.011480	0.016626	0.015034	0.033225	0.347096	0.010787	0.044764	0.098024	0.020532	0.021241	0.114239	0.025786	0.019354	0.002104	0.013381
433	na	3.220478	0.008864	0.025283	0.005416	0.018404	0.011583	0.039717	0.011004	0.202668	0.005195	0.279206	0.005179	0.003226	0.053418	0.014430	0.022873	0.072584	0.144063	0.063793	0.003407	0.009685
434	na	3.182861	0.033435	0.015586	0.006889	0.167784	0.005524	0.015747	0.033512	0.037489	0.029616	0.037799	0.013713	0.011985	0.029236	0.031895	0.018847	0.392429	0.021608	0.078912	0.009766	0.008229
435	na	2.819680	0.020862	0.006104	0.031130	0.016900	0.021023	0.516392	0.007179	0.018503	0.005761	0.013907	0.004114	0.021775	0.064298	0.017280	0.114758	0.030774	0.017225	0.029492	0.025797	0.016726
436	na	2.040755	0.011019	0.005057	0.031300	0.015639	0.007780	0.013326	0.024416	0.016273	0.016463	0.026139	0.002758	0.016237	0.024506	0.008527	0.708619	0.034023	0.006886	0.013023	0.006727	0.011283
437	na	3.025239	0.169954	0.034583	0.082337	0.004373	0.005238	0.006309	0.011054	0.014959	0.027948	0.028877	0.002839	0.006115	0.035333	0.013372	0.018764	0.273953	0.248193	0.011903	0.001193	0.002704
438	na	2.970965	0.070472	0.010478	0.013813	0.005268	0.006984	0.212318	0.035295	0.006087	0.006998	0.023628	0.016470	0.077052	0.012040	0.007821	0.020774	0.384354	0.019806	0.061221	0.003439	0.005679
439	na	2.125147	0.006704	0.003913	0.104597	0.007527	0.002354	0.010871	0.047982	0.643060	0.003881	0.018210	0.002098	0.050695	0.015306	0.044073	0.007951	0.010838	0.006041	0.007504	0.002506	0.003890
440	na	4.013254	0.106461	0.047546	0.074458	0.022423	0.014722	0.076905	0.032133	0.044229	0.009474	0.090910	0.074740	0.036002	0.028566	0.039907	0.061091	0.024037	0.019920	0.017962	0.034880	0.143635
441	na	2.777589	0.012496	0.010815	0.009493	0.011175	0.009155	0.016983	0.097467	0.038465	0.011534	0.032579	0.009345	0.013262	0.023662	0.013613	0.478324	0.165435	0.016634	0.016442	0.004889	0.008230
442	na	3.312587	0.050723	0.015468	0.001084	0.009170	0.002453	0.107713	0.003638	0.071561	0.002098	0.166724	0.041589	0.051868	0.002632	0.004304	0.007490	0.183749	0.146448	0.123088	0.001028	0.007173
443	na	3.254622	0.022947	0.007264	0.028068	0.326957	0.013122	0.054565	0.014882	0.014906	0.015238	0.034349	0.005611	0.010572	0.012141	0.125516	0.060493	0.051678	0.015437	0.173218	0.004915	0.008120
444	na	3.603740	0.043839	0.137034	0.011284	0.014796	0.046376	0.032427	0.007937	0.249719	0.020742	0.094953	0.011286	0.003518	0.019234	0.014407	0.043709	0.030628	0.092713	0.088735	0.017281	0.019380
445	na	3.353308	0.173535	0.061507	0.007976	0.013254	0.021920	0.024687	0.013602	0.327373	0.018543	0.056920	0.001688	0.011610	0.023743	0.034006	0.039546	0.033725	0.021542	0.087566	0.005992	0.021268
446	na	3.460274	0.058230	0.005346	0.171242	0.098925	0.002784	0.059317	0.010926	0.013755	0.033513	0.058933	0.015596	0.018145	0.003469	0.003770	0.128292	0.174821	0.017994	0.120495	0.002715	0.001731
447	na	3.815902	0.032713	0.018618	0.005240	0.021729	0.121615	0.078305	0.092174	0.029835	0.015421	0.063180	0.056872	0.013318	0.037896	0.032408	0.086618	0.134140	0.011283	0.133906	0.006585	0.008143
448	na	3.391876	0.017641	0.007604	0.024917	0.028233	0.002891	0.027546	0.009036	0.265323	0.040937	0.177719	0.088055	0.009485	0.018338	0.010628	0.107025	0.017399	0.102755	0.027694	0.005564	0.011209
449	na	3.371964	0.018471	0.020414	0.112417	0.162240	0.005911	0.017105	0.004646	0.006428	0.029010	0.171519	0.006005	0.219975	0.034121	0.010844	0.070509	0.066003	0.018370	0.019772	0.001775	0.004466
450	na	3.323209	0.091126	0.095159	0.014993	0.003373	0.031541	0.124221	0.030812	0.050841	0.002195	0.076498	0.002184	0.006271	0.049577	0.002262	0.010743	0.046674	0.315267	0.027953	0.001633	0.016677
451	na	2.837332	0.037538	0.006155	0.005469	0.011487	0.003685	0.217194	0.042132	0.018972	0.015322	0.254116	0.001593	0.065328	0.003816	0.001836	0.275937	0.010453	0.011938	0.011675	0.004617	0.000736
452	na	3.637700	0.044313	0.013509	0.004108	0.010786	0.016881	0.033401	0.016157	0.065081	0.217503	0.068966	0.007792	0.084443	0.007678	0.061364	0.163422	0.066323	0.063523	0.034928	0.003676	0.016145
453	na	2.720608	0.011821	0.015099	0.003933	0.004223	0.001474	0.054560	0.031151	0.005254	0.028977	0.060220	0.001784	0.008371	0.092249	0.030708	0.522190	0.059684	0.012883	0.016153	0.034802	0.004465
454	na	3.621292	0.130994	0.050888	0.017343	0.038488	0.009928	0.082425	0.011591	0.066097	0.052109	0.215826	0.013083	0.011467	0.008703	0.018736	0.010558	0.064977	0.011018	0.142816	0.005637	0.037316
455	na	3.949772	0.122516	0.049547	0.047319	0.089780	0.011385	0.064316	0.010775	0.048845	0.017038	0.081175	0.011637	0.047679	0.037034	0.042867	0.060089	0.105272	0.098680	0.044561	0.000766	0.008719
456	na	3.438837	0.096478	0.025927	0.008914	0.003001	0.002422	0.082148	0.010344	0.007117	0.076601	0.170228	0.022811	0.006344	0.006082	0.048291	0.264308	0.046061	0.037461	0.051482	0.015161	0.018817
457	na	2.573695	0.042344	0.002912	0.093694	0.001619	0.002430	0.046463	0.004891	0.005168	0.003110	0.232696	0.001074	0.015495	0.027544	0.018190	0.032930	0.446166	0.008467	0.007598	0.005571	0.001637
458	na	2.925328	0.004621	0.006347	0.008990	0.004095	0.262371	0.011990	0.063248	0.033918	0.003694	0.134669	0.004464	0.006203	0.003527	0.005232	0.014449	0.046354	0.019880	0.017795	0.028272	0.319882
459	na	2.983211	0.005372	0.002530	0.001861	0.067083	0.004130	0.157455	0.001999	0.002605	0.039156	0.016331	0.002888	0.046739	0.028252	0.037352	0.382499	0.128450	0.033466	0.011681	0.027109	0.003041
460	na	3.068689	0.150348	0.011011	0.002352	0.006450	0.002470	0.202561	0.023941	0.005081	0.052855	0.177379	0.010714	0.004263	0.005683	0.013624	0.103163	0.206307	0.010714	0.002585	0.006293	0.002207
461	na	2.326168	0.087136	0.011502	0.003975	0.025578	0.001833	0.025480	0.011546	0.003098	0.021784	0.033847	0.006354	0.003749	0.015163	0.026373	0.616345	0.012769	0.071929	0.009166	0.009147	0.003223
462	na	2.454331	0.015487	0.007135	0.001898	0.029420	0.003616	0.218198	0.033106	0.001889	0.002387	0.307525	0.001701	0.022410	0.018459	0.001102	0.318833	0.008670	0.001133	0.001025	0.001434	0.004572
463	na	3.064068	0.033507	0.074612	0.003783	0.087042	0.002982	0.022448	0.021293	0.299677	0.001490	0.027205	0.007554	0.005317	0.000892	0.002238	0.045989	0.017442	0.029169	0.251928	0.000653	0.064779
464	na	2.914468	0.063781	0.009885	0.017761	0.008067	0.309696	0.015168	0.095846	0.004121	0.005559	0.049222	0.001956	0.006011	0.289341	0.003500	0.004659	0.025603	0.054734	0.028850	0.002236	0.004004
465	na	2.427621	0.014114	0.003037	0.010580	0.554423	0.012358	0.131530	0.006247	0.009428	0.007097	0.007598	0.033366	0.018715	0.008499	0.009009	0.122389	0.017120	0.006978	0.010088	0.010560	0.006863
466	na	3.577159	0.062619	0.012138	0.010265	0.007901	0.019855	0.006376	0.231703	0.059372	0.010329	0.135174	0.029430	0.004736	0.056663	0.020823	0.015124	0.020098	0.036865	0.039590	0.153998	0.066941
467	na	3.086832	0.011532	0.054336	0.004639	0.006128	0.021791	0.029950	0.046847	0.027915	0.010236	0.310081	0.015334	0.011076	0.001973	0.013569	0.094530	0.264663	0.040986	0.021573	0.000824	0.012018
468	na	2.844924	0.020467	0.036559	0.481976	0.022260	0.027837	0.013840	0.013519	0.012097	0.010052	0.028933	0.007602	0.021580	0.025105	0.010839	0.013849	0.046268	0.169868	0.026440	0.002880	0.008030
469	na	3.713535	0.015121	0.007767	0.037092	0.203196	0.002395	0.063832	0.028000	0.053091	0.049937	0.115105	0.009304	0.007807	0.145202	0.042195	0.053408	0.057335	0.040564	0.045399	0.003007	0.020243
470	na	1.284010	0.002493	0.005809	0.011659	0.001265	0.001991	0.000800	0.001366	0.002295	0.061680	0.038169	0.008572	0.002104	0.001490	0.001656	0.805368	0.041482	0.002798	0.001292	0.005788	0.001922
471	na	1.649015	0.747881	0.007563	0.006777	0.004360	0.003687	0.011533	0.003128	0.005221	0.005098	0.026530	0.002978	0.006741	0.006101	0.010140	0.007619	0.006060	0.042577	0.008057	0.001264	0.086684
472	na	3.224518	0.351892	0.007794	0.008841	0.013095	0.063893	0.039111	0.013913	0.014452	0.005969	0.013785	0.004249	0.008006	0.126891	0.021462	0.067696	0.009413	0.127922	0.044076	0.006787	0.050753
473	na	2.923658	0.013822	0.004129	0.002028	0.006303	0.100445	0.008326	0.006843	0.050147	0.022851	0.004879	0.005567	0.054652	0.010937	0.138769	0.062846	0.431855	0.022477	0.025282	0.025822	0.002020
474	na	2.358538	0.020704	0.004198	0.007210	0.002565	0.007999	0.001958	0.004541	0.013991	0.007580	0.022033	0.009102	0.005353	0.506007	0.008182	0.103120	0.027988	0.008408	0.227682	0.004012	0.007368
475	na	2.557843	0.037465	0.022957	0.020980	0.002477	0.005569	0.004955	0.008593	0.566428	0.006576	0.014143	0.028984	0.007013	0.014793	0.006956	0.013536	0.042358	0.046242	0.110159	0.005552	0.034264
476	na	2.600904	0.136499	0.068024	0.007690	0.024070	0.003181	0.051487	0.005333	0.004849	0.003812	0.017344	0.012185	0.007498	0.007458	0.005592	0.026572	0.005592	0.038572	0.522408	0.001058	0.050777
477	na	1.683246	0.037790	0.003606	0.005094	0.004010	0.004079	0.002932	0.007735	0.095841	0.006226	0.005557	0.004561	0.005693	0.732007	0.004679	0.006023	0.018374	0.045200	0.002990	0.003022	0.004583
478	na	3.095774	0.003284	0.007534	0.002596	0.000990	0.079456	0.101438	0.059797	0.015228	0.014420	0.137921	0.001344	0.002706	0.026584	0.089264	0.030338	0.365363	0.015748	0.018111	0.013638	0.014243
479	na	3.352200	0.074839	0.100990	0.012136	0.004124	0.148258	0.035072	0.005702	0.073919	0.013899	0.087132	0.005328	0.007121	0.012452	0.011882	0.047795	0.291358	0.008082	0.019389	0.001661	0.038862
480	na	3.240596	0.025181	0.012326	0.065136	0.052311	0.011246	0.011974	0.004343	0.015906	0.006803	0.011263	0.004223	0.007331	0.036371	0.012245	0.171283	0.276699	0.042504	0.190752	0.004689	0.037415
481	na	3.787627	0.036699	0.026916	0.010347	0.037913	0.026807	0.047112	0.010705	0.025068	0.039938	0.154375	0.185352	0.019542	0.006612	0.043575	0.077997	0.093182	0.028353	0.013217	0.099004	0.017285
482	na	1.712701	0.003179	0.011487	0.075969	0.016345	0.005930	0.003352	0.007236	0.011610	0.007070	0.012790	0.006914	0.052717	0.005608	0.006340	0.012693	0.741501	0.008407	0.003036	0.001158	0.006658
483	na	3.225110	0.018683	0.009395	0.027891	0.014465	0.030335	0.036506	0.023760	0.023182	0.056172	0.079376	0.056949	0.443025	0.028195	0.017804	0.017477	0.029618	0.027853	0.022275	0.003957	0.033080
484	na	3.021261	0.033862	0.001631	0.017783	0.061865	0.012562	0.010052	0.006112	0.179673	0.077272	0.007517	0.004902	0.003900	0.172818	0.006232	0.003388	0.006679	0.087349	0.299226	0.003569	0.003608
485	na	3.064903	0.024261	0.014324	0.008585	0.005656	0.073043	0.206499	0.007181	0.005362	0.011444	0.034131	0.004775	0.015598	0.004841	0.004764	0.347805	0.078764	0.021227	0.075601	0.001997	0.054143
486	na	2.248046	0.010762	0.005715	0.006282	0.003813	0.007261	0.004221	0.005554	0.014446	0.005451	0.224244	0.005962	0.013867	0.005974	0.004927	0.008787	0.509533	0.138742	0.003679	0.002358	0.018421
487	na	2.960835	0.024191	0.019206	0.022814	0.009415	0.021001	0.007991	0.024318	0.041884	0.034552	0.051747	0.008185	0.032864	0.023444	0.020808	0.096360	0.022848	0.024299	0.010377	0.005116	0.498579
488	na	2.795525	0.017513	0.123915	0.012599	0.010169	0.521961	0.029039	0.018929	0.017947	0.010285	0.042283	0.011054	0.013635	0.023538	0.012051	0.013423	0.034270	0.017964	0.048151	0.005976	0.015299
489	na	3.205835	0.008547	0.007605	0.051268	0.007031	0.187116	0.002307	0.040661	0.011528	0.008785	0.038060	0.047803	0.012330	0.010994	0.008014	0.020350	0.072763	0.244281	0.006381	0.003418	0.210760
490	na	2.569938	0.007635	0.007108	0.007538	0.010441	0.012371	0.486292	0.009128	0.007490	0.020279	0.107922	0.004606	0.009383	0.007418	0.008023	0.152036	0.112324	0.007858	0.011340	0.004279	0.006528
491	na	3.639483	0.026199	0.060065	0.263958	0.099849	0.009256	0.073591	0.012777	0.009864	0.007438	0.038797	0.021042	0.111033	0.015149	0.011086	0.051282	0.023807	0.022400	0.045844	0.017337	0.079226
492	na	3.364068	0.074698	0.023937	0.031395	0.010484	0.010940	0.070049	0.018224	0.016699	0.049922	0.044888	0.010529	0.244142	0.025143	0.013146	0.028918	0.270470	0.025752	0.019235	0.003598	0.007830
493	na	2.610116	0.103895	0.004879	0.001458	0.007349	0.002298	0.059112	0.002237	0.003879	0.020489	0.068592	0.009698	0.009641	0.010777	0.011007	0.524321	0.004514	0.072540	0.035001	0.005646	0.042666
494	na	3.701495	0.044965	0.025761	0.042394	0.244028	0.007348	0.018298	0.030622	0.035273	0.068199	0.096404	0.013376	0.054165	0.006856	0.065008	0.124414	0.019824	0.053773	0.027575	0.002239	0.019479
495	na	3.720222	0.012420	0.015337	0.116122	0.156751	0.007354	0.054385	0.018507	0.023747	0.072270	0.037334	0.007422	0.023864	0.021929	0.023233	0.176553	0.074910	0.029295	0.101107	0.012943	0.014519
496	na	3.518136	0.110067	0.003032	0.020632	0.013620	0.152020	0.140379	0.009629	0.068131	0.007058	0.052254	0.004482	0.016143	0.004772	0.005164	0.045106	0.066938	0.013773	0.059607	0.011020	0.196174
497	na	3.257337	0.096348	0.012858	0.035825	0.012850	0.016525	0.056535	0.001690	0.016707	0.003508	0.059444	0.004702	0.012749	0.000329	0.001845	0.017432	0.225844	0.064152	0.150807	0.002455	0.207396
498	na	3.102836	0.031331	0.006550	0.001193	0.015514	0.017288	0.032562	0.019839	0.048134	0.135947	0.030734	0.026532	0.061292	0.010597	0.007977	0.423249	0.041129	0.045288	0.037887	0.003479	0.003479
