#SITE	SITE_LOG_LIKELIHOODS
1	-3.685113654114175
2	-12.38058594638257
3	-17.10025584279395
4	-26.44942800930326
5	-4.635797103803988
6	-38.47215566619044
7	-13.46554749343219
8	-5.333930447962851
9	-3.924423456759865
10	-3.8177504857985
11	-4.464351230599059
12	-4.838691719702346
13	-3.661649819365512
14	-10.35864964475462
15	-4.776930135216784
16	-10.45881377416832
17	-3.661649819365512
18	-5.163912937026859
19	-30.78573648861969
20	-5.298153646411376
21	-4.295796813348143
22	-3.661649819365512
23	-3.956408773606762
24	-4.937682454821194
25	-4.136308010515712
26	-10.6522243706601
27	-4.078974763843438
28	-13.51291457390945
29	-5.297676138610518
30	-4.212519563316265
31	-4.514920203766922
32	-4.212519563316265
33	-16.01851757524793
34	-3.956408773606762
35	-3.685867790260566
36	-10.82822143951184
37	-26.93220637879455
38	-15.38171132859443
39	-3.80092350277898
40	-14.33234664325409
41	-18.0272259896157
42	-18.77888325765983
43	-3.80092350277898
44	-4.771186376356551
45	-4.039266087464892
46	-15.41272699988297
47	-3.87208510102186
48	-3.585419314179655
49	-5.315681900579222
50	-4.375563727020139
51	-5.395277209488783
52	-3.80092350277898
53	-4.262327660335439
54	-4.039266087464892
55	-3.8177504857985
56	-3.8341077131328
57	-4.385266868003446
58	-3.661649819365512
59	-4.107751234147931
60	-4.838691719702346
61	-3.685867790260566
62	-10.6522243706601
63	-4.165167856484422
64	-3.661649819365512
65	-4.136308010515712
66	-3.685113654114175
67	-51.53223876985022
68	-5.395277209488783
69	-4.377678136451032
70	-3.661649819365512
71	-4.212519563316265
72	-4.295796813348143
73	-3.87208510102186
74	-4.550844490565193
75	-5.883439094914284
76	-12.04801319298518
77	-4.776930135216784
78	-14.77015930033939
79	-4.50324127281738
80	-4.863232984647118
81	-4.165167856484422
82	-11.80234521531805
83	-4.45150966482733
84	-3.924423456759865
85	-4.508545744881879
86	-4.38221432435743
87	-14.14790689813809
88	-4.38221432435743
89	-5.315681900579222
90	-3.80092350277898
91	-4.107751234147931
92	-4.107751234147931
93	-4.479917903423659
94	-4.937682454821194
95	-5.967037877593493
96	-4.920170810150807
97	-15.98513213393258
98	-13.545471654289
99	-4.45150966482733
100	-14.46156288910266
101	-4.295796813348143
102	-46.36069411346828
103	-4.771186376356551
104	-5.328084502430629
105	-4.136308010515712
106	-5.333930447962851
107	-4.792328589090833
108	-3.685867790260566
109	-4.262327660335439
110	-4.635797103803988
111	-3.8177504857985
112	-4.078974763843438
113	-3.585419314179655
114	-4.900143477398843
115	-3.685113654114175
116	-4.792328589090833
117	-4.514920203766922
118	-5.284046373124598
119	-3.685867790260566
120	-4.50324127281738
121	-5.163912937026859
122	-4.385266868003446
123	-3.956408773606762
124	-3.924423456759865
125	-11.72486729689814
126	-4.774571541925485
127	-3.685113654114175
128	-20.72197558880151
129	-3.585419314179655
130	-4.375563727020139
131	-4.377678136451032
132	-27.94317005776997
133	-3.924423456759865
134	-12.59884264370531
135	-11.2659312138258
136	-9.626766926278167
137	-3.87208510102186
138	-4.792328589090833
139	-4.078974763843438
140	-4.039266087464892
141	-4.535730341479394
142	-4.535730341479394
143	-11.9032138211824
144	-12.91664260649372
145	-3.8341077131328
146	-13.42883003777017
147	-4.774571541925485
148	-3.956408773606762
149	-3.661649819365512
150	-4.72755614174315
151	-4.937682454821194
152	-4.375563727020139
153	-3.685113654114175
154	-14.86411001048022
155	-3.585419314179655
156	-4.635797103803988
157	-13.46746730528159
158	-38.74118166055998
159	-4.107751234147931
160	-3.8177504857985
161	-14.26449618031531
162	-86.7307943143872
163	-20.91328451342334
164	-11.4866974813647
165	-4.856105165376589
166	-10.39727555593663
167	-3.87208510102186
168	-13.34823016418782
169	-8.756728118478426
170	-3.924423456759865
171	-4.479917903423659
172	-4.136308010515712
173	-12.96198727005789
174	-4.45150966482733
175	-3.8341077131328
176	-13.68580745004528
177	-14.67643319780156
178	-4.774571541925485
179	-4.078974763843438
180	-38.77717342510829
181	-5.298153646411376
182	-27.30393191654555
183	-12.15751304177477
184	-11.9791832296237
185	-11.35749460010274
186	-22.55193122561975
187	-4.078974763843438
188	-4.72755614174315
189	-4.107751234147931
190	-12.71586430820419
191	-4.550844490565193
192	-4.50324127281738
193	-4.377678136451032
194	-26.58422132614023
195	-3.685867790260566
196	-4.550844490565193
197	-3.8177504857985
198	-4.377678136451032
199	-4.550844490565193
200	-3.956408773606762
201	-4.863232984647118
202	-5.985290519579652
203	-12.54683828202277
204	-10.92689046950095
205	-4.50324127281738
206	-4.479917903423659
207	-4.45150966482733
208	-4.407830888963499
209	-3.685113654114175
210	-3.81332626468259
211	-4.776930135216784
212	-3.585419314179655
213	-4.212519563316265
214	-12.34078858390022
215	-3.891995464037346
216	-10.96105853549069
217	-4.136308010515712
218	-16.2480709176696
219	-17.14516543229321
220	-4.107751234147931
221	-5.926858742311125
222	-13.20888546100763
223	-3.8177504857985
224	-4.856105165376589
225	-9.454004193211794
226	-4.900143477398843
227	-4.407830888963499
228	-3.661649819365512
229	-4.464351230599059
230	-3.956408773606762
231	-3.585419314179655
232	-4.212519563316265
233	-12.6837700456057
234	-4.535730341479394
235	-17.32708356595823
236	-36.31380470420138
237	-42.59518680513698
238	-4.165167856484422
239	-30.7573500936042
240	-4.920170810150807
241	-33.71397648018009
242	-3.80092350277898
243	-4.039266087464892
244	-4.464351230599059
245	-3.885560796798627
246	-3.891995464037346
247	-3.87208510102186
248	-4.508545744881879
249	-4.136308010515712
250	-3.585419314179655
251	-3.80092350277898
252	-4.262327660335439
253	-4.838691719702346
254	-4.863232984647118
255	-4.165167856484422
256	-4.039266087464892
257	-4.514920203766922
258	-4.295796813348143
259	-10.25980134274971
260	-4.771186376356551
261	-23.14827579384606
262	-4.078974763843438
263	-4.508545744881879
264	-22.83101518625901
265	-10.86699861637361
266	-3.891995464037346
267	-4.377678136451032
268	-3.685113654114175
269	-3.585419314179655
270	-3.685867790260566
271	-45.32330563981589
272	-17.51871611488494
273	-5.284046373124598
274	-4.64343013355414
275	-13.1070077232729
276	-26.09126634249213
277	-3.8341077131328
278	-11.31083989710218
279	-3.799912102358931
280	-8.871438112461641
281	-11.97735590473529
282	-10.62845209007191
283	-9.303226953125865
284	-9.145659544232517
285	-22.69019330054707
286	-4.406389703490312
