#SITE	SITE_LOG_LIKELIHOODS
1	-0.01429639807411417
2	-0.01429639807411417
3	-11.5710439444026
4	-24.00069332049143
5	-28.0064328250126
6	-22.44692256567834
7	-4.03133419698003
8	-3.982175057334969
9	-5.863359615117454
10	-5.012101926913656
11	-4.018724693121031
12	-4.885375074316942
13	-3.982175057334969
14	-5.950966799054525
15	-3.882096138510029
16	-22.28143447247784
17	-3.982175057334969
18	-4.055178787007584
19	-3.982175057334969
20	-10.84897955831263
21	-5.035341531753881
22	-3.923842483956144
23	-12.18963489623753
24	-4.180213253070957
25	-4.055178787007584
26	-3.95059103592512
27	-4.055178787007584
28	-4.915455079549018
29	-3.831413767240941
30	-5.167689491569829
31	-5.012101926913656
32	-5.332474891886517
33	-64.36054155631994
34	-4.180213253070957
35	-5.038486523081103
36	-4.180213253070957
37	-10.61054126763396
38	-10.57757027366897
39	-4.946424817024312
40	-3.913009069283329
41	-29.28755170168111
42	-5.035341531753881
43	-3.913009069283329
44	-4.009985728492449
45	-12.12825629958506
46	-5.038486523081103
47	-4.009985728492449
48	-4.831252585466303
49	-3.982175057334969
50	-3.882096138510029
51	-4.180213253070957
52	-3.913009069283329
53	-4.03133419698003
54	-16.75681416135581
55	-3.982175057334969
56	-4.189085021342975
57	-3.882096138510029
58	-11.59132267640419
59	-4.03133419698003
60	-3.882096138510029
61	-4.831252585466303
62	-5.038486523081103
63	-4.03133419698003
64	-5.672977552325078
65	-3.994359934014589
66	-4.009985728492449
67	-10.73312969458753
68	-4.180213253070957
69	-10.48763670865304
70	-5.672977552325078
71	-5.332474891886517
72	-5.035341531753881
73	-10.02614918107498
74	-3.860918508577762
75	-4.910140873636172
76	-3.913009069283329
77	-5.127231286007535
78	-3.809149138063322
79	-3.982175057334969
80	-9.940707736134982
81	-4.128987374505284
82	-3.809149138063322
83	-4.831252585466303
84	-3.882096138510029
85	-11.55451296576648
86	-3.793998842029981
87	-5.038486523081103
88	-3.95059103592512
89	-3.982175057334969
90	-3.831413767240941
91	-5.286136327007924
92	-4.177248093061472
93	-4.018724693121031
94	-3.923842483956144
95	-5.804525117390272
96	-11.58102427738959
97	-3.95059103592512
98	-3.95059103592512
99	-4.831252585466303
100	-3.982175057334969
101	-3.809149138063322
102	-9.747649023430268
103	-4.85206908089447
104	-4.946424817024312
105	-4.055178787007584
106	-3.756558387422875
107	-4.180213253070957
108	-5.038486523081103
109	-5.332474891886517
110	-48.97317271267073
111	-4.915455079549018
112	-3.882096138510029
113	-3.793998842029981
114	-9.80542918528568
115	-4.009985728492449
116	-4.24868912359272
117	-9.888525840119087
118	-9.843847495972643
119	-9.431389033967733
120	-3.860918508577762
121	-48.32105071501963
122	-3.882096138510029
123	-3.882096138510029
124	-3.882096138510029
125	-5.012101926913656
126	-4.189085021342975
127	-10.93626477698478
128	-4.180213253070957
129	-4.831252585466303
130	-4.131559430358155
131	-4.180213253070957
132	-3.882096138510029
133	-3.882096138510029
134	-5.116672350848496
135	-9.30538990102383
136	-23.47051691913355
137	-3.982175057334969
138	-3.882096138510029
139	-9.646473897477911
140	-11.93009862701961
141	-3.913009069283329
142	-3.913009069283329
143	-3.994359934014589
144	-13.22662077681294
145	-5.157318658148938
146	-4.958876015199171
147	-5.166999531978899
148	-3.882096138510029
149	-14.24829678829083
150	-4.958876015199171
151	-4.03133419698003
152	-12.22421679658264
153	-4.018724693121031
154	-16.36463491813465
155	-3.793998842029981
156	-10.37269107560619
157	-3.756558387422875
158	-4.189085021342975
159	-4.03133419698003
160	-4.915455079549018
161	-3.793998842029981
162	-4.03133419698003
163	-4.930062444621984
164	-5.038486523081103
165	-4.24868912359272
166	-5.038486523081103
167	-3.982175057334969
168	-5.116672350848496
169	-3.831413767240941
170	-3.93632775272078
171	-4.915455079549018
172	-3.994359934014589
173	-3.913009069283329
174	-3.793998842029981
175	-3.882096138510029
176	-4.03133419698003
177	-3.793998842029981
178	-4.189085021342975
179	-5.166999531978899
180	-4.189085021342975
181	-16.64202903946178
182	-3.882096138510029
183	-4.180213253070957
184	-4.009985728492449
185	-10.58637071416056
186	-3.93632775272078
187	-4.189085021342975
188	-3.982175057334969
189	-4.03133419698003
190	-4.177248093061472
191	-3.982175057334969
192	-3.982175057334969
193	-4.189085021342975
194	-4.180213253070957
195	-3.95059103592512
196	-5.056513142316907
197	-3.982175057334969
198	-4.180213253070957
199	-3.882096138510029
200	-5.056513142316907
201	-4.946424817024312
202	-5.167689491569829
203	-4.128987374505284
204	-12.66915872479289
205	-3.982175057334969
206	-3.982175057334969
207	-3.95059103592512
208	-4.930062444621984
209	-4.009985728492449
210	-3.809149138063322
211	-12.18204382787107
212	-4.831252585466303
213	-19.08453957851899
214	-3.756558387422875
215	-3.882096138510029
216	-5.157318658148938
217	-4.055178787007584
218	-4.958876015199171
219	-4.018724693121031
220	-10.1353853046788
221	-4.885375074316942
222	-3.809149138063322
223	-3.982175057334969
224	-4.055178787007584
225	-3.93632775272078
226	-3.913009069283329
227	-4.930062444621984
228	-5.672977552325078
229	-4.018724693121031
230	-3.882096138510029
231	-4.831252585466303
232	-9.773441711805996
233	-4.189085021342975
234	-5.157318658148938
235	-4.908819764432566
236	-17.69618098440721
237	-45.74858905772754
238	-10.03050087205353
239	-4.939235674637178
240	-11.57233301190408
241	-4.03133419698003
242	-17.61579920482143
243	-5.012101926913656
244	-3.756558387422875
245	-3.882096138510029
246	-3.982175057334969
247	-4.915455079549018
248	-3.913009069283329
249	-4.055178787007584
250	-13.43246572109237
251	-4.131559430358155
252	-5.332474891886517
253	-5.127231286007535
254	-3.831413767240941
255	-24.25868078094904
256	-21.68740735121967
257	-9.051100356288416
258	-3.809149138063322
259	-12.93340128789836
260	-5.804525117390272
261	-3.982175057334969
262	-4.128987374505284
263	-4.831252585466303
264	-45.39367439170714
265	-17.99800707535473
266	-3.93632775272078
267	-4.180213253070957
268	-4.009985728492449
269	-3.882096138510029
270	-3.831413767240941
271	-19.07842819615714
272	-12.02500150716492
273	-3.95059103592512
274	-13.47467549900627
275	-4.018724693121031
276	-3.882096138510029
277	-3.969295511282815
278	-15.86515635395885
279	-3.913009069283329
280	-10.01768733580539
281	-3.93632775272078
282	-9.656047836813835
283	-4.018724692129268
284	-9.918530729334782
285	-3.911895112526874
286	-4.924827751247643
