#SITE	SITE_LOG_LIKELIHOOD
1	-2.88901
2	-9.25837
3	-51.7112
4	-28.4418
5	-6.68725
6	-3.87643
7	-2.6456
8	-18.0966
9	-30.316
10	-28.9796
11	-4.40419
12	-25.4026
13	-2.18828
14	-24.1063
15	-5.69019
16	-13.4358
17	-61.8548
18	-48.4779
19	-4.65392
20	-34.5908
21	-22.0152
22	-18.2634
23	-15.9189
24	-33.2112
25	-16.4058
26	-43.0222
27	-14.1717
28	-31.2449
29	-49.7228
30	-31.245
31	-53.908
32	-3.56628
33	-34.8251
34	-62.083
35	-11.1697
36	-18.7287
37	-42.5374
38	-17.5617
39	-5.79101
40	-5.16787
41	-24.02
42	-3.92107
43	-4.55231
44	-16.7565
45	-27.239
46	-22.9596
47	-36.1617
48	-11.4813
49	-18.6254
50	-30.6888
51	-14.7171
52	-30.6056
53	-10.0436
54	-34.0468
55	-74.5486
56	-28.2155
57	-18.8173
58	-36.5182
59	-10.837
60	-12.429
61	-35.6739
62	-6.47511
63	-14.0607
64	-22.4333
65	-23.6561
66	-4.00104
67	-40.9266
68	-19.1759
69	-5.25204
70	-38.9439
71	-5.36375
72	-29.0275
73	-40.0404
74	-21.705
75	-26.7504
76	-37.074
77	-27.2169
78	-19.229
79	-28.1215
80	-16.3729
81	-11.687
82	-18.363
83	-18.2336
84	-47.5409
85	-64.0232
86	-28.4847
87	-26.1205
88	-29.7175
89	-23.2156
90	-13.9525
91	-9.47414
92	-24.1809
93	-14.5514
94	-34.4105
95	-18.8178
96	-11.0297
97	-4.91851
98	-79.5412
99	-11.1393
100	-43.6565
101	-137.67
102	-94.9238
103	-64.8556
104	-2.65091
105	-61.2993
106	-14.7029
107	-46.2159
108	-11.8902
109	-37.5891
110	-10.0413
111	-12.1778
112	-10.7213
113	-9.56695
114	-17.0116
115	-3.9333
116	-5.65968
117	-32.2526
118	-50.9073
119	-15.026
120	-2.2173
121	-25.8422
122	-14.2025
123	-15.3309
124	-26.3011
125	-11.1152
126	-14.6952
127	-43.3718
128	-16.5399
129	-53.1469
130	-32.016
131	-58.4277
132	-35.6564
133	-32.4856
134	-18.1771
135	-4.24173
136	-52.7334
137	-2.90533
138	-10.2945
139	-2.99389
140	-19.4025
141	-27.4574
142	-9.15739
143	-22.2529
144	-3.99125
145	-21.4137
146	-53.7686
147	-27.3248
148	-36.8738
149	-8.89644
150	-39.4075
151	-13.1989
152	-4.86707
153	-4.96999
154	-18.8286
155	-36.534
156	-25.1659
157	-50.6545
158	-46.5937
159	-3.76635
160	-14.0278
161	-12.4974
162	-26.589
163	-7.26588
164	-12.3248
165	-28.3107
166	-40.4823
167	-12.3608
168	-21.2958
169	-15.0276
170	-31.1914
171	-31.3464
172	-26.2124
173	-15.8094
174	-24.9772
175	-29.8261
176	-16.48
177	-15.5346
178	-33.8559
179	-18.6702
180	-38.801
181	-10.9775
182	-18.2178
183	-18.5068
184	-9.58012
185	-17.9295
186	-66.5281
187	-46.6915
188	-19.9735
189	-6.22609
190	-36.5642
191	-17.6601
192	-41.5753
193	-40.1272
194	-17.5683
195	-21.0937
196	-3.44363
197	-46.7147
198	-4.22303
199	-20.8136
200	-24.3826
201	-17.4791
202	-25.8253
203	-18.8941
204	-44.8743
205	-55.0797
206	-35.9777
207	-1.82231
208	-15.4036
209	-5.01476
210	-28.119
211	-21.9986
212	-45.2059
213	-51.3131
214	-37.7575
215	-11.5132
216	-46.6389
217	-65.3822
218	-15.57
219	-30.4242
220	-20.7793
221	-10.4986
222	-10.6757
223	-10.6779
224	-11.0159
225	-12.4301
226	-30.5598
227	-10.658
228	-39.5493
229	-9.44877
230	-19.0347
231	-6.2461
232	-26.0858
233	-27.0999
234	-11.3453
235	-12.6296
236	-42.8273
237	-19.0304
238	-4.5078
239	-27.3968
240	-26.9745
241	-15.7958
242	-28.631
243	-16.7681
244	-8.21442
245	-29.4825
246	-53.969
247	-31.8427
248	-12.0569
249	-15.9499
250	-22.2334
251	-10.4326
252	-12.9693
253	-31.9129
254	-10.023
255	-19.398
256	-20.0233
257	-52.3893
258	-20.8606
259	-82.7984
260	-18.0023
261	-25.9136
262	-10.8841
263	-25.1378
264	-31.8863
265	-21.0641
266	-39.6484
267	-10.3819
268	-60.4722
269	-31.5189
270	-19.1705
271	-21.2017
272	-3.38076
273	-13.7958
274	-28.697
275	-36.5869
276	-22.1901
277	-16.3277
278	-24.324
279	-15.6251
280	-30.9628
281	-16.605
282	-15.9152
283	-19.725
284	-30.0281
285	-21.9218
286	-12.92
287	-29.0442
288	-49.6634
289	-36.6544
290	-106.26
291	-28.6774
292	-17.4367
293	-35.1306
294	-30.5199
295	-29.9374
296	-27.0047
297	-10.4463
298	-45.4216
299	-52.0433
300	-24.8672
301	-27.1821
302	-16.2249
303	-16.8722
304	-16.7152
305	-9.93589
306	-45.5227
307	-19.6608
308	-8.35059
309	-42.1986
310	-23.4581
311	-36.6417
312	-34.9204
313	-4.41018
314	-19.7809
315	-18.3437
316	-31.3533
317	-4.57253
318	-58.3305
319	-73.1789
320	-10.0009
321	-17.4682
322	-16.5836
323	-6.92665
324	-8.97675
325	-15.9519
326	-43.584
327	-18.2263
328	-40.326
329	-45.6605
330	-1.90332
331	-4.14285
332	-12.9789
333	-5.00993
334	-32.4514
335	-55.9692
336	-11.3745
337	-21.6593
338	-9.84459
339	-4.30853
340	-20.1874
341	-66.8454
342	-29.8288
343	-55.0638
344	-35.2674
345	-17.2599
346	-6.1194
347	-19.955
348	-11.0827
349	-19.7196
350	-36.7608
351	-25.6529
352	-23.2321
353	-84.1952
354	-33.892
355	-56.2507
356	-16.8231
357	-33.4082
358	-26.161
359	-17.6663
360	-28.5375
361	-4.78033
362	-27.6123
363	-30.2919
364	-7.97556
365	-19.1785
366	-9.54794
367	-10.9754
368	-10.5604
369	-8.81292
370	-10.7122
371	-14.2886
372	-33.3435
373	-58.8758
374	-24.0855
375	-146.674
376	-15.0136
377	-30.75
378	-25.9919
379	-6.08231
380	-35.7047
381	-30.0358
382	-16.6006
383	-12.2009
384	-70.6661
385	-13.9659
386	-2.03537
387	-18.0444
388	-10.2727
389	-45.691
390	-4.48541
391	-38.594
392	-4.49812
393	-16.6662
394	-32.0575
395	-5.49691
396	-35.4522
397	-25.5257
398	-9.6322
399	-25.9262
400	-37.923
401	-59.2512
402	-49.2316
403	-27.4206
404	-51.8004
405	-20.0819
406	-28.6914
407	-16.9669
408	-43.0161
409	-15.3191
410	-18.7296
411	-75.5947
412	-15.5272
413	-17.2251
414	-46.8701
415	-15.0136
416	-12.0502
417	-55.5272
418	-15.8499
419	-27.2963
420	-14.1946
421	-30.1681
422	-46.1395
423	-55.2082
424	-24.1944
425	-53.3175
426	-10.3745
427	-14.9443
428	-19.7096
429	-17.0186
430	-23.3091
431	-29.2797
432	-23.9886
433	-93.9807
434	-28.5915
435	-24.9487
436	-20.9685
437	-29.6896
438	-25.6336
439	-10.6445
440	-4.54857
441	-28.5141
442	-34.3611
443	-8.36026
444	-24.5621
445	-3.90905
446	-35.4262
447	-26.1061
448	-5.29096
449	-10.538
450	-81.6417
451	-16.1453
452	-26.9066
453	-25.7822
454	-29.5944
455	-23.6975
456	-20.7091
457	-63.6018
458	-9.90692
459	-43.659
460	-7.28149
461	-30.2571
462	-18.8686
463	-24.453
464	-8.02487
465	-17.4642
466	-14.8873
467	-30.9671
468	-14.186
469	-9.31666
470	-27.2821
471	-4.05158
472	-57.1025
473	-11.6588
474	-28.9363
475	-18.0725
476	-6.07555
477	-21.4958
478	-11.2061
479	-12.256
480	-26.5954
481	-3.28815
482	-17.883
483	-17.9509
484	-7.57502
485	-18.5602
486	-4.84074
487	-3.31979
488	-3.26603
489	-3.82349
490	-10.5184
491	-4.42708
492	-4.64263
493	-15.6231
494	-40.8921
495	-42.7819
496	-36.1883
497	-9.71039
498	-47.1465
