#SITE	SITE_LOG_LIKELIHOODS
1	-4.500573212208157
2	-16.28877603583656
3	-17.92677418242461
4	-25.87577737014037
5	-4.357214845476985
6	-36.5288137854907
7	-14.49282308601605
8	-4.392534720270813
9	-4.539909669606334
10	-4.325707628643363
11	-4.280921845262167
12	-4.834769317874806
13	-4.678953576759982
14	-11.20899225995718
15	-4.395878390535031
16	-12.03371027427315
17	-4.678953576759982
18	-5.382050388462175
19	-34.98476626889592
20	-4.475979476705533
21	-4.026648317407895
22	-4.678953576759982
23	-4.17851659196065
24	-4.720831987821058
25	-4.608977933306755
26	-11.02920974464895
27	-4.642979867601253
28	-12.98671909067498
29	-4.246675176133547
30	-4.435478545461307
31	-4.162102165331502
32	-4.435478545461307
33	-19.35632486904554
34	-4.17851659196065
35	-4.185029506097418
36	-10.84335355291532
37	-19.96426025705492
38	-13.12361288005077
39	-4.404604552934824
40	-15.43902041207755
41	-18.67497564703869
42	-18.65149674465736
43	-4.404604552934824
44	-5.035479897467293
45	-4.640180460658396
46	-17.49423403999294
47	-4.542124114703148
48	-4.057701767867678
49	-4.68832844197203
50	-4.671786110394072
51	-5.005437563517936
52	-4.404604552934824
53	-4.519217418319942
54	-4.640180460658396
55	-4.325707628643363
56	-4.270417330567606
57	-4.652810183091306
58	-4.678953576759982
59	-5.055305935247368
60	-4.834769317874806
61	-4.185029506097418
62	-11.02920974464895
63	-4.700576353994316
64	-4.678953576759982
65	-4.608977933306755
66	-4.500573212208157
67	-51.64518423852456
68	-5.005437563517936
69	-4.42883041165763
70	-4.678953576759982
71	-4.435478545461307
72	-4.026648317407895
73	-4.542124114703148
74	-4.458218219095462
75	-5.035159469352261
76	-13.21650973138892
77	-4.395878390535031
78	-12.02855131557211
79	-4.785889312672642
80	-5.174903867723289
81	-4.700576353994316
82	-11.72656986480916
83	-4.424826551959307
84	-4.539909669606334
85	-4.619258575555524
86	-4.456810888550903
87	-16.0123843535421
88	-4.456810888550903
89	-4.68832844197203
90	-4.404604552934824
91	-5.055305935247368
92	-5.055305935247368
93	-4.415552111855985
94	-4.720831987821058
95	-4.686634972563432
96	-4.823705769647614
97	-12.43082401829129
98	-12.976335638866
99	-4.424826551959307
100	-12.19380355087601
101	-4.026648317407895
102	-51.84387000144636
103	-5.035479897467293
104	-4.931032386941976
105	-4.608977933306755
106	-4.392534720270813
107	-4.560735265184616
108	-4.185029506097418
109	-4.519217418319942
110	-4.357214845476985
111	-4.325707628643363
112	-4.642979867601253
113	-4.057701767867678
114	-4.761331627688069
115	-4.500573212208157
116	-4.560735265184616
117	-4.162102165331502
118	-4.775233000944714
119	-4.185029506097418
120	-4.785889312672642
121	-5.382050388462175
122	-4.652810183091306
123	-4.17851659196065
124	-4.539909669606334
125	-11.85176323930147
126	-4.784700087648392
127	-4.500573212208157
128	-20.30706015486349
129	-4.057701767867678
130	-4.671786110394072
131	-4.42883041165763
132	-26.12049514119665
133	-4.539909669606334
134	-12.26670511835136
135	-11.29298644454485
136	-10.83613898481838
137	-4.542124114703148
138	-4.560735265184616
139	-4.642979867601253
140	-4.640180460658396
141	-4.530047575845988
142	-4.530047575845988
143	-10.46929896273796
144	-14.54689013867048
145	-4.270417330567606
146	-12.19109962060974
147	-4.784700087648392
148	-4.17851659196065
149	-4.678953576759982
150	-4.877234952885147
151	-4.720831987821058
152	-4.671786110394072
153	-4.500573212208157
154	-15.03308884647867
155	-4.057701767867678
156	-4.357214845476985
157	-11.79010635091754
158	-34.83492690643887
159	-5.055305935247368
160	-4.325707628643363
161	-12.93322318755335
162	-86.36823635862682
163	-18.72203273722386
164	-10.62231093436043
165	-4.691895162096497
166	-10.674899207929
167	-4.542124114703148
168	-11.72228769246079
169	-10.40217068296641
170	-4.539909669606334
171	-4.415552111855985
172	-4.608977933306755
173	-12.38665255049968
174	-4.424826551959307
175	-4.270417330567606
176	-15.02637362440363
177	-13.67333869362363
178	-4.784700087648392
179	-4.642979867601253
180	-43.54809591266586
181	-4.475979476705533
182	-23.37486833116628
183	-11.47394020121755
184	-10.72416873509897
185	-12.04862987665435
186	-22.87115971307443
187	-4.642979867601253
188	-4.877234952885147
189	-5.055305935247368
190	-11.39090263413224
191	-4.458218219095462
192	-4.785889312672642
193	-4.42883041165763
194	-22.24319754927658
195	-4.185029506097418
196	-4.458218219095462
197	-4.325707628643363
198	-4.42883041165763
199	-4.458218219095462
200	-4.17851659196065
201	-5.174903867723289
202	-4.913351494480098
203	-11.23446678777705
204	-10.39050928486872
205	-4.785889312672642
206	-4.415552111855985
207	-4.424826551959307
208	-5.16770730384781
209	-4.500573212208157
210	-4.246695412865925
211	-4.395878390535031
212	-4.057701767867678
213	-4.435478545461307
214	-10.93303835094594
215	-4.312349334245686
216	-12.012900548272
217	-4.608977933306755
218	-16.41447147128375
219	-18.23600548364704
220	-5.055305935247368
221	-5.022413335693459
222	-12.69927131830405
223	-4.325707628643363
224	-4.691895162096497
225	-10.26962303276329
226	-4.761331627688069
227	-5.16770730384781
228	-4.678953576759982
229	-4.280921845262167
230	-4.17851659196065
231	-4.057701767867678
232	-4.435478545461307
233	-13.23430478555783
234	-4.530047575845988
235	-17.85531303508636
236	-44.22493763634712
237	-40.62651921730035
238	-4.700576353994316
239	-28.79664959796893
240	-4.823705769647614
241	-32.37212734677615
242	-4.404604552934824
243	-4.640180460658396
244	-4.280921845262167
245	-4.304940490765838
246	-4.312349334245686
247	-4.542124114703148
248	-4.619258575555524
249	-4.608977933306755
250	-4.057701767867678
251	-4.404604552934824
252	-4.519217418319942
253	-4.834769317874806
254	-5.174903867723289
255	-4.700576353994316
256	-4.640180460658396
257	-4.162102165331502
258	-4.026648317407895
259	-11.44880261249829
260	-5.035479897467293
261	-22.51528608487172
262	-4.642979867601253
263	-4.619258575555524
264	-22.49608159802919
265	-11.35409644880125
266	-4.312349334245686
267	-4.42883041165763
268	-4.500573212208157
269	-4.057701767867678
270	-4.185029506097418
271	-50.10491812698513
272	-16.78884405156701
273	-4.775233000944714
274	-4.542877000182601
275	-12.66566480472456
276	-27.43081151417544
277	-4.270417330567606
278	-11.1288116366829
279	-4.403491442033513
280	-9.625431408352705
281	-11.79643675398258
282	-10.75170951370254
283	-9.97052634583256
284	-9.818119496610587
285	-19.78766127865574
286	-5.163979299939992
