#SITE	SITE_LOG_LIKELIHOODS
1	-3.793128719670834
2	-13.29974733181215
3	-51.06266796223765
4	-31.93382156571742
5	-7.415723024066947
6	-7.213582903889293
7	-6.596109384122958
8	-20.37021963442529
9	-31.53019324552298
10	-27.77760406259373
11	-6.204707332321451
12	-21.22549848926041
13	-3.793128719670834
14	-24.03718147819972
15	-6.456295241279572
16	-14.09807135335246
17	-50.67172463172439
18	-52.40830872600176
19	-6.486762384831498
20	-57.27940576319409
21	-24.82476364484732
22	-18.23754605316749
23	-12.54816971591998
24	-33.77852453097157
25	-15.66179922307344
26	-41.65021201578378
27	-13.3378438758834
28	-29.58045849641974
29	-60.55295613496755
30	-28.29959913654318
31	-54.83646639485405
32	-3.793128719670834
33	-41.01742647459459
34	-78.69562321007263
35	-13.10651192082866
36	-18.41594089935984
37	-37.3677402948647
38	-20.52618096388261
39	-5.747588035270811
40	-6.516743361166879
41	-24.37146216636642
42	-5.912806095460369
43	-3.793128719670834
44	-17.43832769172321
45	-27.32831000400679
46	-23.03096839280244
47	-35.74671725377576
48	-13.00635403887629
49	-19.48897732298752
50	-30.19844786189544
51	-11.69762820346558
52	-36.58115229689612
53	-11.52499448810072
54	-33.35908646647616
55	-76.20125430729856
56	-29.91834045709403
57	-17.34476049413689
58	-34.9440978213032
59	-13.07873291503152
60	-13.0017119351458
61	-37.26540036729514
62	-6.923009110161293
63	-13.64420938269306
64	-22.49823181441105
65	-26.40293147791495
66	-3.793128719670834
67	-43.35769321025137
68	-20.89654829749935
69	-6.711937813207729
70	-44.84052160757673
71	-6.547037861916706
72	-28.94009689800384
73	-35.32465279727445
74	-24.12456963663722
75	-28.5599697438133
76	-37.89175501253731
77	-26.84530913111243
78	-19.60154484105874
79	-32.75346318991499
80	-16.84253950283566
81	-15.67726236044686
82	-17.98026382291305
83	-19.63397330933337
84	-43.64647701289675
85	-74.57773441468802
86	-29.04891291420597
87	-28.61767468949294
88	-29.48355360880139
89	-23.08900900071385
90	-13.73490281472911
91	-11.93432200127543
92	-24.69577013249033
93	-15.6487685929388
94	-33.23123165229445
95	-19.58938675862668
96	-11.61697147697641
97	-6.516743361166879
98	-78.60781832973726
99	-15.5459776503631
100	-48.08688253744345
101	-155.0261110943122
102	-114.1297436289532
103	-64.1046858095004
104	-4.618715137440123
105	-73.1542738124614
106	-21.31083253569722
107	-47.27760894488237
108	-12.31314215786278
109	-42.62299254634792
110	-11.42086143747266
111	-11.82736591154688
112	-11.02737702194681
113	-12.641213716979
114	-18.27132100395249
115	-6.204707332321451
116	-6.320931543675216
117	-31.06681734116444
118	-49.26941402244472
119	-15.78509736729742
120	-4.618715137440123
121	-26.68533424986214
122	-16.56943671794605
123	-17.27439576492976
124	-26.70728103094085
125	-11.43710165370323
126	-13.10776689405512
127	-51.2526406886192
128	-13.07909043977706
129	-56.29506222516554
130	-35.61502798609814
131	-51.34907541869935
132	-40.35415403584111
133	-37.2790328606926
134	-21.69661395475011
135	-6.593116158398939
136	-72.11897032563944
137	-3.793128719670834
138	-11.42985819312821
139	-4.618715137440123
140	-21.96056965953876
141	-29.06754432660108
142	-11.14445017997234
143	-25.9793052730379
144	-6.732485612175732
145	-22.8532116020636
146	-65.82274941127518
147	-24.49724708627743
148	-36.71380525271282
149	-11.98875919216027
150	-37.77895313022262
151	-13.80185334612825
152	-12.36399309312524
153	-6.283910727916769
154	-19.91080412637564
155	-43.57830616113141
156	-29.28511879904433
157	-55.32787367434663
158	-49.94433456441941
159	-3.793128719670834
160	-15.55689538998222
161	-12.88523073955073
162	-31.79373302405436
163	-3.793128719670834
164	-13.30250483189666
165	-27.10868694423542
166	-45.53135330744928
167	-13.99569659971093
168	-21.46259331224094
169	-19.3813843147303
170	-32.98880287322426
171	-34.51874254970506
172	-27.53121529282052
173	-17.21243095561286
174	-27.07644006000158
175	-29.59734109668516
176	-16.99113732432814
177	-17.00316183035292
178	-33.99492386755603
179	-16.59144633382499
180	-45.12931652685919
181	-12.21636832166617
182	-18.95478078487688
183	-23.35772828143127
184	-12.90398053070107
185	-19.60336050240391
186	-75.61348721694515
187	-39.88891353171912
188	-21.25534367238865
189	-3.793128719670834
190	-36.40401385546132
191	-19.33222557037459
192	-38.01226833390076
193	-46.63019344596074
194	-18.53753889909925
195	-24.60912464199026
196	-3.793128719670834
197	-51.91272150753204
198	-6.596109384122958
199	-25.39451688137218
200	-24.44042011459058
201	-18.99217940510114
202	-25.60999020143768
203	-20.81528133161526
204	-46.81127692118825
205	-50.63152079996809
206	-37.38393073597761
207	-4.618715137440123
208	-20.48801055049526
209	-7.172878363870022
210	-27.67261355768888
211	-18.8054015626602
212	-40.27858550090063
213	-51.11306875639495
214	-32.87406524683023
215	-13.67873231958604
216	-39.64562760049506
217	-79.43695566715941
218	-16.77683341259245
219	-30.65976670644991
220	-23.938244126741
221	-16.15755485448495
222	-10.22940421182311
223	-11.31569157560394
224	-12.6673652521322
225	-12.70512431560569
226	-32.88680702717439
227	-13.34153826512083
228	-37.71887895633495
229	-12.40943082317772
230	-18.28961008172428
231	-5.912806095460369
232	-25.35934177410214
233	-22.63971692827458
234	-12.05659228631392
235	-13.54298212955469
236	-44.88340835752633
237	-18.09694944899277
238	-3.793128719670834
239	-32.9361993811703
240	-27.34353847154788
241	-17.95134205341681
242	-29.60725283214002
243	-19.99721067678655
244	-9.47245722685118
245	-28.28979626205258
246	-55.47272361480758
247	-27.89258217970072
248	-13.22629019094805
249	-17.12800797288629
250	-23.05390749757926
251	-11.7759689945731
252	-15.45391346454837
253	-37.94576939380022
254	-10.75607176837604
255	-21.21480249240551
256	-24.71730998183794
257	-59.48676762373023
258	-22.47805999550665
259	-103.5438941742253
260	-19.23751224458462
261	-25.95502567330508
262	-11.61077600066239
263	-27.16683712272928
264	-36.13444053020058
265	-21.15736989122745
266	-43.31165770679679
267	-14.88515821080699
268	-53.28199279229413
269	-34.24538033130317
270	-20.34557157275127
271	-26.49683270226251
272	-6.593116158398939
273	-18.22073776895614
274	-27.82581354059978
275	-38.57399613678842
276	-25.45314306649303
277	-17.68244932119313
278	-25.11915421101774
279	-18.93856522481071
280	-35.11678881899625
281	-18.61791782951614
282	-16.79629609114208
283	-12.03037082280011
284	-30.66641106844162
285	-23.57624217228257
286	-15.41167560106739
287	-28.73319921581056
288	-46.59932631457361
289	-29.61234493396964
290	-125.8165199643848
291	-28.36525546502569
292	-15.23376151996301
293	-35.35868220213457
294	-22.51991155063542
295	-29.51198731050828
296	-27.35205817682873
297	-12.22216457133555
298	-51.19876724377906
299	-61.79095716822392
300	-23.79744159039024
301	-26.65791294277748
302	-15.07568888539079
303	-18.63893903960839
304	-17.19963435844769
305	-10.98380363699377
306	-50.36323064738398
307	-22.28338093381479
308	-5.912806095460369
309	-42.87762894928679
310	-20.60179419009427
311	-37.34521652334268
312	-35.8234110686768
313	-6.516743361166879
314	-20.14913907515199
315	-21.51743740632351
316	-33.54645660287051
317	-12.36399309312524
318	-62.51410512768917
319	-61.47415994922244
320	-12.75114280245757
321	-17.63257720204201
322	-18.54526815463956
323	-5.407405111201165
324	-11.67467948495996
325	-19.79615628109808
326	-41.74180819696631
327	-19.44318550600645
328	-45.47578414554324
329	-46.43185722712886
330	-4.618715137440123
331	-3.793128719670834
332	-11.56645088298245
333	-5.813214494387981
334	-44.25740173493235
335	-62.33392597184314
336	-11.80305566770514
337	-18.46375812785012
338	-10.90715895906392
339	-6.204707332321451
340	-20.73677479298102
341	-73.46179119714239
342	-30.94544826827581
343	-63.99383137499137
344	-45.92841098963181
345	-18.44010793557883
346	-5.747588035270811
347	-20.93733851962676
348	-17.61548327475018
349	-20.65400324856915
350	-38.30077496448107
351	-26.07586835181791
352	-25.16097750025856
353	-90.49958612924641
354	-40.28119836421824
355	-57.47431349008085
356	-19.45257853047433
357	-33.71522321616631
358	-30.47763885422631
359	-20.63261321462478
360	-29.16149426572153
361	-12.36399309312524
362	-25.89252842306066
363	-32.63255588043626
364	-8.934512918046437
365	-21.86497554643807
366	-11.76474687733227
367	-12.96020026628422
368	-10.98285078719428
369	-10.49676260672357
370	-12.06200290507249
371	-12.39914330470232
372	-38.83040995043284
373	-72.63217622590329
374	-29.00025172580263
375	-174.8531518217256
376	-17.50334890171413
377	-33.64603588767532
378	-27.72382632577548
379	-6.881831159974277
380	-35.04209954222978
381	-33.88290717500571
382	-20.65198452966258
383	-13.69029479557654
384	-75.10846986556035
385	-14.86781583705794
386	-4.618715137440123
387	-20.40341332868697
388	-13.23000143040005
389	-42.01237746798953
390	-7.213582903889293
391	-35.54087022659018
392	-8.327962818581227
393	-18.18956945929929
394	-30.40454533491533
395	-8.333939216619717
396	-34.26094138643501
397	-26.61382728543642
398	-5.912806095460369
399	-21.5597166492938
400	-44.77183607898254
401	-56.92906764808506
402	-46.83210297652355
403	-31.65708977124631
404	-58.21757039344347
405	-21.70533175908922
406	-32.67289804459624
407	-17.91743401959508
408	-42.63618471141788
409	-14.94614098338736
410	-18.77882784128316
411	-82.36856274221523
412	-15.91737032109306
413	-20.21731690435766
414	-52.80122253615684
415	-11.22710820425976
416	-17.789230581069
417	-53.01666887511011
418	-16.42497732201621
419	-29.38618893423061
420	-12.58027363690086
421	-27.60781047218804
422	-46.82621744166095
423	-74.0534324271498
424	-24.3350001233112
425	-61.93131384794528
426	-3.793128719670834
427	-12.98001593365506
428	-17.6463299925394
429	-17.42605395493989
430	-22.62869101106218
431	-27.30616730442706
432	-21.41177577993292
433	-109.0910982653238
434	-26.98362725572688
435	-26.45883212542299
436	-23.74793664854003
437	-31.63010609347334
438	-26.83289902215266
439	-11.73076616037858
440	-3.793128719670834
441	-30.65127554247118
442	-29.15520827860396
443	-9.974826746867377
444	-25.55987058455906
445	-6.320931543675216
446	-36.5514577322521
447	-29.6937260761323
448	-3.793128719670834
449	-10.89031626062623
450	-95.49053129683747
451	-12.77046178198467
452	-30.69736391699271
453	-28.19256653592994
454	-23.73499344135607
455	-25.03682915815732
456	-20.08905712904741
457	-62.05957091086613
458	-11.00484709429191
459	-46.0204911664508
460	-10.78214791784516
461	-35.86134538880417
462	-19.29742909215308
463	-28.0552356436524
464	-10.22366014615223
465	-24.20552655141691
466	-13.12602994071524
467	-34.59439634721673
468	-16.53752111393377
469	-10.64891319635704
470	-34.68904354835707
471	-5.407405111201165
472	-87.09228412759629
473	-13.58667690970588
474	-33.64684833584525
475	-19.14168550607481
476	-6.170816014755194
477	-23.93545091377052
478	-11.98616221822149
479	-11.41092271946701
480	-29.85420725842779
481	-3.793128719670834
482	-20.6607513935277
483	-19.42593823210051
484	-6.204707332321451
485	-18.23181944342729
486	-6.711937813207729
487	-6.883924110982221
488	-5.747588035270811
489	-5.747588035270811
490	-13.22411137262314
491	-7.004670921860884
492	-6.732485612175732
493	-12.27393167039781
494	-42.69355308259685
495	-44.50789370006699
496	-34.63596145394923
497	-7.004670921860884
498	-43.98362130646102
