#SITE	SITE_LOG_LIKELIHOOD
1	-8.63437
2	-6.36007
3	-93.746
4	-11.0824
5	-4.76069
6	-5.73396
7	-4.92628
8	-5.18822
9	-4.44417
10	-9.83848
11	-18.564
12	-4.8447
13	-4.16502
14	-22.8392
15	-3.81722
16	-4.09678
17	-10.6419
18	-38.6969
19	-12.94
20	-9.78938
21	-14.2855
22	-26.5683
23	-13.0704
24	-4.71319
25	-14.8937
26	-4.86081
27	-8.88109
28	-4.83138
29	-20.4647
30	-4.70074
31	-10.1427
32	-4.46795
33	-4.41157
34	-4.46086
35	-4.92466
36	-4.93459
37	-13.7204
38	-4.30208
39	-5.28749
40	-3.7294
41	-5.05807
42	-8.03445
43	-14.7647
44	-19.7718
45	-35.8511
46	-5.00162
47	-27.9123
48	-13.3573
49	-4.75551
50	-14.7964
51	-8.30341
52	-10.4637
53	-11.9091
54	-4.61343
55	-4.30697
56	-4.34662
57	-4.83612
58	-10.7547
59	-3.0921
60	-4.91137
61	-13.6064
62	-3.83059
63	-4.74444
64	-4.04963
65	-47.6015
66	-8.62811
67	-6.20796
68	-9.58703
69	-14.598
70	-5.29277
71	-4.29498
72	-58.1148
73	-7.8651
74	-8.6725
75	-4.09959
76	-9.59953
77	-4.83745
78	-8.84911
79	-6.93132
80	-4.91265
81	-5.43347
82	-4.34188
83	-2.96284
84	-12.0788
85	-4.7257
86	-6.89862
87	-10.4034
88	-6.67319
89	-5.93266
90	-24.9319
91	-4.94113
92	-4.60601
93	-5.39566
94	-4.86184
95	-3.06852
96	-4.80436
97	-5.07086
98	-4.8391
99	-5.37758
100	-4.8603
101	-5.61973
102	-4.68346
103	-4.16948
104	-6.25888
105	-5.71908
106	-11.7807
107	-4.28725
108	-5.01332
109	-4.58745
110	-4.90462
111	-22.8046
112	-5.01762
113	-4.9994
114	-19.1595
115	-5.48922
116	-5.17698
117	-6.26208
118	-4.89723
119	-4.11223
120	-11.9348
121	-3.88194
122	-16.2498
123	-8.53586
124	-8.30974
125	-35.8913
126	-4.80535
127	-9.6155
128	-9.82828
129	-62.0029
130	-9.19541
131	-4.08029
132	-10.3463
133	-10.2494
134	-9.44866
135	-9.67954
136	-9.21085
137	-9.46609
138	-5.03247
139	-7.74605
140	-8.56651
141	-4.65179
142	-8.72929
143	-4.21778
144	-10.5007
145	-4.82947
146	-10.5458
147	-5.44955
148	-10.1598
149	-20.0505
150	-10.6249
151	-4.57856
152	-5.03863
153	-24.5468
154	-10.7222
155	-8.4312
156	-37.4884
157	-4.90505
158	-10.2934
159	-47.8287
160	-6.86148
161	-10.5155
162	-11.9617
163	-4.98293
164	-7.40953
165	-11.2646
166	-10.2159
167	-3.5962
168	-5.52033
169	-4.8551
170	-4.47453
171	-16.6539
172	-31.6754
173	-5.01714
174	-3.969
175	-5.35056
176	-8.65254
177	-11.6131
178	-5.32795
179	-8.94731
180	-11.1746
181	-10.2432
182	-4.56483
183	-8.72308
184	-4.14944
185	-13.1301
186	-4.92957
187	-4.73331
188	-3.77991
189	-11.0533
190	-4.80037
191	-6.40158
192	-6.1739
193	-4.9621
194	-12.4015
195	-4.50405
196	-59.6418
197	-17.3125
198	-5.21767
199	-30.1893
200	-5.2346
201	-5.53916
202	-5.08407
203	-4.93757
204	-5.31911
205	-18.2383
206	-4.60619
207	-4.7479
208	-11.609
209	-6.54385
210	-5.09942
211	-4.74075
212	-15.3633
213	-4.94242
214	-5.32975
215	-5.63064
216	-4.9744
217	-8.2724
218	-5.96024
219	-3.203
220	-6.4617
221	-5.21114
222	-4.69836
223	-14.9081
224	-6.45371
225	-4.85193
226	-10.2535
227	-21.0446
228	-10.4844
229	-11.89
230	-3.28336
231	-30.7968
232	-21.3955
233	-9.34627
234	-8.56915
235	-10.759
236	-7.54013
237	-5.04884
238	-11.673
239	-6.76814
240	-6.37438
241	-3.93138
242	-25.205
243	-6.34443
244	-4.49922
245	-3.12352
246	-3.93097
247	-10.6744
248	-23.7732
249	-16.7439
250	-4.9928
251	-4.555
252	-4.83352
253	-5.16484
254	-4.92248
255	-9.87589
256	-3.32648
257	-6.32678
258	-4.59653
259	-10.3467
260	-7.94871
261	-4.11208
262	-4.5037
263	-33.9737
264	-6.4837
265	-17.2242
266	-4.86199
267	-4.78099
268	-4.05994
269	-61.0913
270	-4.60989
271	-6.70526
272	-7.16637
273	-4.79696
274	-6.97218
275	-10.406
276	-5.30094
277	-5.22392
278	-14.6524
279	-10.2588
280	-4.50096
281	-5.72926
282	-4.48251
283	-8.68742
284	-4.47097
285	-4.61509
286	-4.22099
