#SITE	SITE_LOG_LIKELIHOOD
1	-13.3462
2	-20.0284
3	-19.6297
4	-19.4939
5	-12.795
6	-64.6777
7	-25.624
8	-12.6539
9	-30.5891
10	-27.2351
11	-5.98466
12	-7.65729
13	-13.2554
14	-7.586
15	-13.5738
16	-33.2024
17	-29.3953
18	-55.0721
19	-7.6273
20	-6.10797
21	-26.8868
22	-30.9734
23	-6.79197
24	-27.4546
25	-6.12773
26	-13.068
27	-27.4045
28	-13.1633
29	-51.3729
30	-7.62024
31	-36.0326
32	-140.415
33	-15.8681
34	-58.4301
35	-58.3103
36	-36.2371
37	-29.22
38	-13.1209
39	-39.0603
40	-7.71108
41	-12.8663
42	-44.3044
43	-19.917
44	-38.4474
45	-43.0178
46	-14.0436
47	-44.6725
48	-19.9537
49	-54.1427
50	-36.0057
51	-7.83479
52	-29.528
53	-24.3107
54	-7.34834
55	-25.4836
56	-18.5037
57	-12.8861
58	-23.4062
59	-12.9139
60	-26.7173
61	-7.66245
62	-10.7445
63	-49.4469
64	-13.5369
65	-13.9892
66	-32.153
67	-50.1061
68	-11.6664
69	-75.4326
70	-14.9837
71	-58.4352
72	-27.4123
73	-40.4149
74	-26.8543
75	-12.8722
76	-28.7893
77	-60.2232
78	-34.6936
79	-7.62614
80	-42.4856
81	-13.6762
82	-14.1221
83	-25.9473
84	-22.7049
85	-19.3186
86	-46.3827
87	-43.5122
88	-23.4722
89	-17.625
90	-7.36641
91	-36.0269
92	-21.1117
93	-14.5574
94	-24.3958
95	-15.3926
96	-36.5894
97	-12.3963
98	-24.4653
99	-51.2783
100	-32.1758
101	-13.0388
102	-13.1196
103	-33.9631
104	-7.23873
105	-7.65821
106	-13.3746
107	-15.7179
108	-34.1817
109	-37.0462
110	-19.3471
111	-22.2075
112	-12.8094
113	-32.6888
114	-48.393
115	-18.3268
116	-33.1334
117	-6.7673
118	-59.6067
119	-25.3525
120	-15.8398
121	-20.2618
122	-7.66866
123	-21.8626
124	-29.0603
125	-18.9159
126	-49.5155
127	-46.46
128	-42.2554
129	-12.8786
130	-53.3149
131	-14.9592
132	-37.9494
133	-31.7524
134	-20.6517
135	-12.6292
136	-7.49638
137	-19.2439
138	-41.9757
139	-36.2441
140	-7.61044
141	-15.7415
142	-22.0483
143	-33.8409
144	-18.1441
145	-26.9559
146	-13.8555
147	-31.7439
148	-46.7608
149	-39.864
150	-20.5132
151	-6.0737
152	-23.024
153	-7.75709
154	-31.5935
155	-13.1931
156	-18.343
157	-24.9116
158	-40.8965
159	-15.287
160	-7.67964
161	-31.8806
162	-12.1295
163	-32.666
164	-19.1861
165	-7.72072
166	-31.7579
167	-46.8083
168	-32.1541
169	-20.5397
170	-7.39122
171	-24.9414
172	-7.79857
173	-30.7473
174	-13.9315
175	-24.6132
176	-6.09452
177	-13.475
178	-21.3204
179	-39.5591
180	-27.7099
181	-14.0811
182	-19.6391
183	-13.0845
184	-13.275
185	-7.65834
186	-71.1856
187	-22.2033
188	-13.6542
189	-80.0519
190	-25.2883
191	-13.7217
192	-7.35491
193	-21.3315
194	-35.9582
195	-55.5631
196	-7.68931
197	-105.875
198	-21.98
199	-37.7672
200	-11.9545
201	-28.1852
202	-19.3124
203	-19.9592
204	-26.4016
205	-26.1757
206	-32.073
207	-14.6708
208	-64.6943
209	-7.64686
210	-21.2759
211	-7.22183
212	-40.3732
213	-52.2617
214	-19.9755
215	-54.721
216	-7.40163
217	-26.7035
218	-54.582
219	-23.9918
220	-25.5508
221	-13.9189
222	-16.1302
223	-47.9442
224	-14.6756
225	-27.2352
226	-58.9649
227	-21.4168
228	-33.3552
229	-7.54758
230	-21.6926
231	-12.3771
232	-32.2582
233	-12.7169
234	-12.6656
235	-12.5382
236	-22.129
237	-37.5826
238	-15.4031
239	-19.1
240	-32.8739
241	-30.3694
242	-59.9684
243	-52.1837
244	-30.5238
245	-45.9261
246	-6.11338
247	-30.5891
248	-20.4696
249	-51.7971
250	-40.1577
251	-58.0412
252	-24.7019
253	-58.1107
254	-17.2278
255	-21.4644
256	-19.7754
257	-34.9062
258	-33.3175
259	-27.6518
260	-7.66757
261	-12.1819
262	-7.66301
263	-27.0936
264	-37.371
265	-70.5177
266	-36.0775
267	-32.2238
268	-13.4608
269	-7.42696
270	-13.0823
271	-38.3278
272	-35.4536
273	-14.2186
274	-19.1473
275	-72.4414
276	-13.7605
277	-21.2959
278	-44.4013
279	-7.56848
280	-21.0831
281	-28.4566
282	-37.6883
283	-40.6249
284	-16.1352
285	-13.1408
286	-23.7963
287	-22.7982
288	-14.783
289	-18.5567
290	-28.7658
291	-60.3302
292	-53.4672
293	-7.80359
294	-29.2435
295	-19.3326
296	-7.57987
297	-82.2
298	-36.7551
299	-58.9024
300	-85.5374
301	-13.1046
302	-51.0208
303	-42.4008
304	-7.65119
305	-32.9561
306	-37.5116
307	-25.7961
308	-22.1256
309	-21.6161
310	-7.67824
311	-43.0911
312	-40.7102
313	-14.0147
314	-30.4523
315	-26.5826
316	-13.5494
317	-34.7009
318	-32.3667
319	-30.5966
320	-31.1039
321	-7.47855
322	-32.5044
323	-25.7648
324	-7.58486
325	-63.5202
326	-53.9963
327	-66.243
328	-28.2231
329	-20.4154
330	-20.2566
331	-7.35363
332	-21.6768
333	-24.8794
334	-20.381
335	-7.64956
336	-31.9964
337	-19.0475
338	-7.63528
339	-35.5069
340	-18.9809
341	-57.415
342	-13.697
343	-19.0378
344	-21.3375
345	-68.8163
346	-27.6082
347	-18.3577
348	-27.949
349	-23.4367
350	-18.5885
351	-7.68337
352	-23.4671
353	-44.9122
354	-6.95496
355	-19.7868
356	-59.4761
357	-7.36457
358	-15.2229
359	-58.1898
360	-30.9853
361	-14.1765
362	-13.5419
363	-49.3559
364	-34.2837
365	-27.7381
366	-20.5387
367	-45.0963
368	-62.5704
369	-37.6929
370	-6.79963
371	-7.60664
372	-45.3845
373	-34.7176
374	-83.9671
375	-17.8293
376	-43.8743
377	-7.77606
378	-51.9476
379	-39.6571
380	-37.4349
381	-7.65068
382	-107.5
383	-18.2434
384	-25.3872
385	-30.0189
386	-30.3421
387	-21.0536
388	-7.51056
389	-33.3231
390	-40.8182
391	-45.2393
392	-35.2342
393	-71.1313
394	-36.7403
395	-35.2536
396	-7.79131
397	-54.4933
398	-24.5834
399	-19.4629
400	-90.4348
401	-33.7846
402	-25.379
403	-43.0452
404	-13.6344
405	-19.8195
406	-20.4073
407	-81.0547
408	-7.69001
409	-41.8824
410	-24.9867
411	-13.6414
412	-31.9451
413	-13.029
414	-55.4367
415	-29.4584
416	-17.7157
417	-25.988
418	-20.161
419	-16.7876
420	-7.51797
421	-32.9625
422	-7.70504
423	-32.4561
424	-28.2061
425	-30.4228
426	-31.008
427	-7.61646
428	-20.7603
429	-64.8912
430	-17.5368
431	-23.2336
432	-133.904
433	-27.4253
434	-7.62238
435	-31.499
436	-22.7561
437	-20.104
438	-24.4986
439	-24.123
440	-7.42817
441	-24.8015
442	-7.615
443	-7.57937
444	-22.3987
445	-87.764
446	-21.012
447	-16.5989
448	-7.71043
449	-32.4517
450	-23.9286
451	-100.571
452	-36.96
453	-18.771
454	-12.8885
455	-7.73965
456	-38.568
457	-20.3253
458	-45.3063
459	-34.6655
460	-13.3657
461	-52.8853
462	-43.9392
463	-48.1914
464	-20.6675
465	-74.8779
466	-13.9302
467	-33.3535
468	-20.4084
469	-66.4905
470	-11.6422
471	-45.7574
472	-21.7729
473	-50.6776
474	-7.55407
475	-13.484
476	-42.6451
477	-34.2721
478	-14.2228
479	-55.777
480	-20.0972
481	-13.5635
482	-21.9893
483	-20.0712
484	-30.5069
485	-32.1314
486	-35.8916
487	-14.6361
488	-7.66092
489	-61.0316
490	-7.40544
491	-14.216
492	-19.5698
493	-27.5733
494	-25.2532
495	-12.8426
496	-13.7167
497	-18.6245
498	-62.8607
