#SITE	SITE_LOG_LIKELIHOODS
1	-4.451391985414207
2	-12.56845929726078
3	-53.73943011524084
4	-29.41668063063617
5	-7.869243568108184
6	-7.779312989600802
7	-7.489047102101825
8	-19.71318051149985
9	-32.79853782173605
10	-27.9550420853176
11	-7.244966723493251
12	-21.35147067234439
13	-4.451391985414207
14	-23.60169874183387
15	-7.54637521054225
16	-16.95624880853088
17	-55.8110841006596
18	-52.0571203119251
19	-6.87125874428752
20	-44.56257443948135
21	-27.31036754575785
22	-17.15035222951522
23	-13.92015199505681
24	-34.65975508438323
25	-16.54927754337798
26	-40.86831103146709
27	-17.03515674326165
28	-32.93142024582507
29	-48.98289596860486
30	-29.79765257861547
31	-54.90371033700823
32	-4.451391985414207
33	-36.95661585890453
34	-62.03320331318693
35	-12.83652156123578
36	-18.12954414438859
37	-39.75943089979124
38	-18.34459347807246
39	-6.436501979000678
40	-6.64319915944799
41	-24.84936994412688
42	-6.1424840937132
43	-4.451391985414207
44	-17.2778658683701
45	-27.29844542542618
46	-23.03834922618887
47	-37.11928726728044
48	-12.61719181757857
49	-18.95168931466926
50	-30.88306008521738
51	-12.08721279835265
52	-32.02823751797234
53	-12.21629912901207
54	-35.02988700187282
55	-76.14346642504236
56	-28.65745112093888
57	-17.76619720096828
58	-35.70176504500076
59	-12.42528114150606
60	-12.16420952267114
61	-36.40689664505113
62	-7.334060403013478
63	-15.35553094253972
64	-22.74566205501648
65	-26.71699895758552
66	-4.451391985414207
67	-38.96581354528359
68	-20.36763702471596
69	-6.785433660529752
70	-38.63975261973948
71	-6.256614820359389
72	-28.25302800878767
73	-35.84638473602703
74	-20.90297186137295
75	-25.44819616491208
76	-38.72821715072448
77	-29.13197971549735
78	-19.96620144481075
79	-29.76878866300839
80	-17.06386243255309
81	-17.33886022946515
82	-16.49841797838987
83	-19.62710342433355
84	-45.06787058792578
85	-66.55801773640327
86	-28.10377630218276
87	-25.68607422787857
88	-27.70808557646562
89	-24.09181412197885
90	-13.49334254132427
91	-11.53941947092561
92	-24.7689637768977
93	-15.89483149720501
94	-33.29923551185406
95	-20.81547427634871
96	-12.77542643022364
97	-6.64319915944799
98	-77.77850329197837
99	-11.35431501302101
100	-45.62514156341008
101	-122.871891080353
102	-96.0415797973688
103	-66.44409851032343
104	-4.782850063179008
105	-58.8816881337427
106	-15.93580220022975
107	-46.13761156745449
108	-13.10337883184277
109	-39.6633176087194
110	-11.72783950432759
111	-11.66491266792401
112	-11.16069900154002
113	-12.23998608032857
114	-19.60353032964266
115	-7.244966723493251
116	-4.999592334928966
117	-28.98791285385793
118	-51.53061776944
119	-15.96514817538935
120	-4.782850063179008
121	-25.57615053836032
122	-16.4767845911641
123	-16.48636787369636
124	-25.32972904999371
125	-11.61487214315755
126	-14.20656757343372
127	-45.72693923834196
128	-13.47539799175486
129	-53.73624707030062
130	-34.23182398846637
131	-58.42453778467188
132	-36.81212946055797
133	-34.30181330917598
134	-20.40124882352176
135	-6.483796987910417
136	-58.61578570137404
137	-4.451391985414207
138	-12.75676130047547
139	-4.782850063179008
140	-21.14981700308687
141	-29.78960314803539
142	-11.33007662028881
143	-22.78332725786336
144	-7.244287937804004
145	-22.20914281645125
146	-57.28791673970601
147	-27.23862941519536
148	-37.87389564613515
149	-11.6577916048006
150	-36.73468120596786
151	-15.04078370115927
152	-7.118703054182831
153	-7.362468373143586
154	-19.78584301949783
155	-35.71488420709866
156	-28.19482719746178
157	-52.14649760527626
158	-47.23539318336362
159	-4.451391985414207
160	-15.65573075382391
161	-13.14345667496292
162	-28.0763073360301
163	-4.451391985414207
164	-13.53827320434501
165	-29.03317513444728
166	-41.08727656966106
167	-16.54133477779173
168	-21.96458754126251
169	-17.11805017123873
170	-32.36564215928717
171	-32.32248797640407
172	-28.57132584415501
173	-17.84505729364904
174	-24.71013765361566
175	-27.79014845134885
176	-18.2072717440613
177	-17.22996644836335
178	-33.2770683664448
179	-19.75594668256638
180	-40.15134497330902
181	-12.2680874154409
182	-20.20535284989861
183	-20.57877100394301
184	-12.50771933392419
185	-19.01942288074218
186	-68.92483383132078
187	-43.32192441527318
188	-21.55270725063665
189	-4.451391985414207
190	-33.16274127009666
191	-21.87898514863683
192	-36.76365039810629
193	-40.78048242700178
194	-18.21431408304241
195	-21.30138116170344
196	-4.451391985414207
197	-53.07790941547012
198	-7.489047102101825
199	-24.07486204690453
200	-24.72818024770715
201	-21.36085501622832
202	-24.89919454949617
203	-20.38811368814228
204	-46.47167428636138
205	-49.82887309419512
206	-38.09576636772484
207	-4.782850063179008
208	-16.35630106028737
209	-7.631058675836131
210	-27.62736827807897
211	-18.65084935686022
212	-43.18253798384016
213	-52.82035489477629
214	-40.29130509613461
215	-13.05651131792787
216	-41.51496953394128
217	-64.3632842527385
218	-15.78695341380983
219	-32.71191799659699
220	-25.42566603978066
221	-11.94569812878325
222	-11.81286159840895
223	-11.55652478630936
224	-12.01947848414656
225	-12.37863130772496
226	-32.19800731289876
227	-12.93578976641305
228	-38.5834683673642
229	-12.01486814378345
230	-18.80100847479891
231	-6.1424840937132
232	-27.28358900447693
233	-24.37255213530845
234	-12.20284983300784
235	-13.78877445756845
236	-46.56066553779326
237	-21.69202112319003
238	-4.451391985414207
239	-31.91927633307232
240	-26.16577798540607
241	-18.21810536826133
242	-27.56765531370366
243	-16.81193011517479
244	-10.13609552502895
245	-27.61236733207852
246	-55.32542000984169
247	-27.82604422772436
248	-12.33908496235716
249	-17.41155674972585
250	-22.51658690033326
251	-11.81767084993744
252	-15.92221742983229
253	-37.74963446868819
254	-11.38237594605764
255	-20.55548500494485
256	-22.79419416642409
257	-54.37925151559123
258	-23.38150157871274
259	-85.39096976393833
260	-17.78819946536066
261	-26.31823099245528
262	-12.11904284873318
263	-24.46091928307437
264	-33.07554494844589
265	-21.7388133365179
266	-39.28995480194244
267	-10.69644623194269
268	-55.63230232059702
269	-33.01639841805563
270	-21.67575718046307
271	-23.28775900976207
272	-6.483796987910417
273	-16.61804125457709
274	-29.79370173128424
275	-38.60826742772087
276	-23.25405271889742
277	-18.51392353672084
278	-24.7391559133485
279	-17.69552200746813
280	-34.44919931534189
281	-18.71289750059847
282	-17.02475262265553
283	-12.79636831613374
284	-29.84273818911381
285	-24.32948634120957
286	-16.878446514189
287	-30.49385252842643
288	-46.39160852624642
289	-30.04526424324517
290	-101.7927035450335
291	-29.01474025229321
292	-15.45954925794497
293	-37.38428494998458
294	-22.77049737320887
295	-30.02880678664059
296	-27.92905881331938
297	-12.33605170751223
298	-46.18151881994641
299	-52.37926184393923
300	-25.04549293290401
301	-28.33123215329758
302	-14.98280241295866
303	-19.27142621059796
304	-17.90097687542147
305	-14.21497207148251
306	-45.47759248963717
307	-23.20282079951321
308	-6.1424840937132
309	-41.78934020255459
310	-19.97782857338789
311	-37.11304265107142
312	-35.41910883788822
313	-6.64319915944799
314	-19.42727564788663
315	-20.65534364208789
316	-33.96018136613169
317	-7.118703054182831
318	-61.8998849669075
319	-62.22655983406688
320	-13.47701327556592
321	-17.48001167518576
322	-19.22443349159335
323	-7.138458767467427
324	-11.21060498483276
325	-18.92982034535783
326	-41.0201246977665
327	-19.67969563957927
328	-42.54490396695492
329	-41.75963713974098
330	-4.782850063179008
331	-4.451391985414207
332	-14.00819938137248
333	-6.441553116020905
334	-40.78522890641341
335	-55.52594059190247
336	-11.76314076860869
337	-21.64112449675569
338	-11.01294580096765
339	-7.244966723493251
340	-19.98963437298628
341	-68.88248213501387
342	-30.73482533997492
343	-58.25726853480116
344	-39.04814535919809
345	-17.69110189720713
346	-6.436501979000678
347	-20.44934262100974
348	-14.67510637761721
349	-20.44398350085482
350	-34.29819996378688
351	-29.02673227275566
352	-22.85776610029514
353	-85.9210523682618
354	-37.78718213568478
355	-56.46424959987014
356	-18.50354291453773
357	-35.47639039787752
358	-29.08373291854715
359	-18.16322802647649
360	-28.56286709982331
361	-7.118703054182831
362	-27.72859521728705
363	-33.56719981604466
364	-9.165737528259784
365	-22.54674791714788
366	-11.80939652034265
367	-12.73242889337646
368	-11.1558559777687
369	-11.15602873527353
370	-11.33305946076214
371	-13.98152188640568
372	-38.29578558376835
373	-65.88635927132125
374	-28.15572903627488
375	-128.0104125648411
376	-16.22446604623052
377	-32.55968294708343
378	-25.84982175318609
379	-6.70126209400598
380	-33.60809038083231
381	-30.98065430293427
382	-17.48497559123
383	-12.84923316269707
384	-69.64006524227305
385	-15.13916191598968
386	-4.782850063179008
387	-20.41310024546899
388	-11.31548837828303
389	-42.49045750928408
390	-7.779312989600802
391	-40.04753561073578
392	-6.73610857281343
393	-17.6129926378502
394	-32.13374970628789
395	-7.570895997225418
396	-32.11346489154569
397	-28.16791734799672
398	-6.1424840937132
399	-21.78665157845484
400	-41.9752644087438
401	-56.43537837855941
402	-49.95689207704062
403	-30.94225532153917
404	-50.30860988736615
405	-21.98056630793374
406	-32.02124189036696
407	-16.82410179669374
408	-42.71367703824691
409	-15.19887507597352
410	-19.79223028203537
411	-73.26434160388592
412	-16.4604170093644
413	-19.30449120113568
414	-45.08432460633246
415	-11.23453012301097
416	-13.56809422593675
417	-53.53082257503524
418	-17.31897655929428
419	-30.25575052008805
420	-12.71331834754132
421	-29.04704247663402
422	-43.57345664486858
423	-60.45560202640308
424	-23.54077216216096
425	-56.20023219363297
426	-4.451391985414207
427	-13.4986592653429
428	-18.51182016097649
429	-18.1215989539042
430	-24.78998377375562
431	-28.0573551485491
432	-20.86878021531422
433	-93.07618747486127
434	-26.98240416043957
435	-25.51638546960164
436	-21.62805191627221
437	-29.69702009887347
438	-26.92058735884247
439	-11.8885670043876
440	-4.451391985414207
441	-27.64122051974159
442	-32.54817231390713
443	-10.61105570428721
444	-24.28862386218139
445	-4.999592334928966
446	-36.03541641010083
447	-31.6178307293995
448	-4.451391985414207
449	-11.49206879983325
450	-79.39405378156636
451	-15.72151773514457
452	-31.110014000035
453	-27.45561184304982
454	-23.74285819431045
455	-27.22694521551925
456	-22.33631582151768
457	-66.3118013976719
458	-11.71708490366267
459	-48.41261734563099
460	-8.53742360486447
461	-34.07728777198025
462	-18.76193337145724
463	-25.11333275389411
464	-10.86821829452254
465	-25.15902254674222
466	-14.96310642925432
467	-31.91941291714328
468	-16.44679635335102
469	-11.30362520847619
470	-36.24264798919319
471	-7.138458767467427
472	-63.06155009497273
473	-14.55395975369293
474	-32.06031678643748
475	-22.9134554794913
476	-8.516628768368077
477	-25.86926939156189
478	-12.03904306144725
479	-11.62496144850462
480	-29.86475504324746
481	-4.451391985414207
482	-19.30639121617437
483	-18.86654480730668
484	-7.244966723493251
485	-17.58469697505429
486	-6.785433660529752
487	-6.425095853005844
488	-6.436501979000678
489	-6.436501979000678
490	-12.94427991742013
491	-7.356766180607373
492	-7.244287937804004
493	-14.54069211350989
494	-42.38398783492099
495	-44.93064462586697
496	-39.31671875005721
497	-7.356766180607373
498	-44.38338238439884
