#SITE	SITE_LOG_LIKELIHOOD
1	-1.11022e-15
2	-1.11022e-15
3	-12.2876
4	-25.1308
5	-22.7779
6	-20.3784
7	-3.79556
8	-3.71126
9	-6.56506
10	-5.14519
11	-4.86175
12	-4.40842
13	-3.71126
14	-4.17512
15	-3.41364
16	-18.1892
17	-3.71126
18	-4.67045
19	-3.71126
20	-11.2442
21	-4.85714
22	-6.04393
23	-11.713
24	-4.46511
25	-4.67045
26	-4.70236
27	-4.67045
28	-3.89453
29	-4.66671
30	-4.96772
31	-5.14519
32	-5.95757
33	-65.9703
34	-4.46511
35	-4.94454
36	-4.46511
37	-10.8702
38	-10.9651
39	-4.48158
40	-4.07145
41	-30.0972
42	-4.85714
43	-4.07145
44	-5.40748
45	-10.9111
46	-4.94454
47	-5.40748
48	-4.83598
49	-3.71126
50	-3.41364
51	-4.46511
52	-4.07145
53	-3.79556
54	-18.0474
55	-3.71126
56	-4.5857
57	-3.41364
58	-11.7947
59	-3.79556
60	-3.41364
61	-4.83598
62	-4.94454
63	-3.79556
64	-6.57915
65	-4.65757
66	-5.40748
67	-10.7055
68	-4.46511
69	-10.7524
70	-6.57915
71	-5.95757
72	-4.85714
73	-11.0962
74	-3.61669
75	-6.31991
76	-4.07145
77	-3.69083
78	-4.54577
79	-3.71126
80	-10.2944
81	-3.84541
82	-4.54577
83	-4.83598
84	-3.41364
85	-10.3095
86	-4.55948
87	-4.94454
88	-4.70236
89	-3.71126
90	-4.66671
91	-4.10351
92	-5.68041
93	-4.86175
94	-6.04393
95	-6.50045
96	-11.6885
97	-4.70236
98	-4.70236
99	-4.83598
100	-3.71126
101	-4.54577
102	-10.3213
103	-6.24051
104	-4.48158
105	-4.67045
106	-4.56817
107	-4.46511
108	-4.94454
109	-5.95757
110	-49.382
111	-3.89453
112	-3.41364
113	-4.55948
114	-10.0689
115	-5.40748
116	-4.55193
117	-10.6404
118	-10.4613
119	-10.1936
120	-3.61669
121	-50.0422
122	-3.41364
123	-3.41364
124	-3.41364
125	-5.14519
126	-4.5857
127	-12.2613
128	-4.46511
129	-4.83598
130	-5.74124
131	-4.46511
132	-3.41364
133	-3.41364
134	-6.01908
135	-9.00886
136	-22.8073
137	-3.71126
138	-3.41364
139	-9.94119
140	-13.5947
141	-4.07145
142	-4.07145
143	-4.65757
144	-11.5456
145	-4.35543
146	-3.90768
147	-4.86353
148	-3.41364
149	-12.7458
150	-3.90768
151	-3.79556
152	-12.6885
153	-4.86175
154	-17.6093
155	-4.55948
156	-11.7353
157	-4.56817
158	-4.5857
159	-3.79556
160	-3.89453
161	-4.55948
162	-3.79556
163	-5.62602
164	-4.94454
165	-4.55193
166	-4.94454
167	-3.71126
168	-6.01908
169	-4.66671
170	-3.41299
171	-3.89453
172	-4.65757
173	-4.07145
174	-4.55948
175	-3.41364
176	-3.79556
177	-4.55948
178	-4.5857
179	-4.86353
180	-4.5857
181	-16.6674
182	-3.41364
183	-4.46511
184	-5.40748
185	-10.5734
186	-3.41299
187	-4.5857
188	-3.71126
189	-3.79556
190	-5.68041
191	-3.71126
192	-3.71126
193	-4.5857
194	-4.46511
195	-4.70236
196	-4.07339
197	-3.71126
198	-4.46511
199	-3.41364
200	-4.07339
201	-4.48158
202	-4.96772
203	-3.84541
204	-13.8944
205	-3.71126
206	-3.71126
207	-4.70236
208	-5.62602
209	-5.40748
210	-4.54577
211	-12.6212
212	-4.83598
213	-22.6433
214	-4.56817
215	-3.41364
216	-4.35543
217	-4.67045
218	-3.90768
219	-4.86175
220	-9.79397
221	-4.40842
222	-4.54577
223	-3.71126
224	-4.67045
225	-3.41299
226	-4.07145
227	-5.62602
228	-6.57915
229	-4.86175
230	-3.41364
231	-4.83598
232	-10.5804
233	-4.5857
234	-4.35543
235	-3.69147
236	-17.4912
237	-44.1768
238	-10.158
239	-4.34928
240	-11.945
241	-3.79556
242	-12.0635
243	-5.14519
244	-4.56817
245	-3.41364
246	-3.71126
247	-3.89453
248	-4.07145
249	-4.67045
250	-13.9213
251	-5.74124
252	-5.95757
253	-3.69083
254	-4.66671
255	-24.9694
256	-24.0708
257	-9.84607
258	-4.54577
259	-12.1545
260	-6.50045
261	-3.71126
262	-3.84541
263	-4.83598
264	-40.9998
265	-17.0722
266	-3.41299
267	-4.46511
268	-5.40748
269	-3.41364
270	-4.66671
271	-19.0405
272	-11.7776
273	-4.70236
274	-12.7633
275	-4.86175
276	-3.41364
277	-4.08221
278	-15.5979
279	-4.07145
280	-9.41248
281	-3.41299
282	-10.046
283	-4.86175
284	-10.6642
285	-6.02632
286	-5.61585
