#SITE	SITE_LOG_LIKELIHOODS
1	-4.367623936573718
2	-11.95618537708902
3	-52.93587770028721
4	-29.8577469233796
5	-6.644637351008484
6	-6.608701135363266
7	-6.062091389331324
8	-19.99320542333126
9	-33.13344983786583
10	-27.89484881771993
11	-5.999871514231859
12	-21.63499579975016
13	-4.367623936573718
14	-24.05478266977839
15	-6.459010667967818
16	-16.16645341308665
17	-53.43937033021987
18	-52.35984998928635
19	-6.418420420753105
20	-45.47411242765237
21	-26.04872982850399
22	-17.34160661838068
23	-13.60111473103676
24	-35.31510846670066
25	-16.64964651104366
26	-40.89440566318565
27	-16.21819514546153
28	-32.35119710429765
29	-48.49203033636542
30	-30.13051310659785
31	-55.69991911601007
32	-4.367623936573718
33	-37.39289249516618
34	-62.80949891986892
35	-12.36711979547727
36	-18.25602353230616
37	-39.43316208134458
38	-18.57935312942532
39	-6.067086845575383
40	-6.071481753807806
41	-25.02520606326759
42	-5.684389548677339
43	-4.367623936573718
44	-17.48698483294488
45	-27.60632139233448
46	-23.36829039722454
47	-36.43064298532695
48	-11.93575961092356
49	-19.22031436110286
50	-30.27429601758865
51	-11.8125478522013
52	-32.5567553880929
53	-11.39873489897249
54	-35.5857792200051
55	-71.91851814955373
56	-29.07988822795318
57	-17.84895127089435
58	-34.92996158755052
59	-11.94242145687052
60	-12.00543634941433
61	-36.99351949936077
62	-6.183911151462944
63	-15.33142631119004
64	-22.92050713876198
65	-26.12899389930774
66	-4.367623936573718
67	-39.24615395414267
68	-20.63921061518548
69	-6.27935476564286
70	-38.22008537083322
71	-5.924451808679091
72	-28.30241704404451
73	-36.46611533900933
74	-21.238565142121
75	-25.90340206867531
76	-39.26434843698224
77	-27.36808150868082
78	-20.13776384144575
79	-30.22412652419811
80	-17.11856720176876
81	-16.3911350766783
82	-16.69424917152512
83	-19.86375461757033
84	-43.90094552760096
85	-66.76350880739179
86	-28.59387207906394
87	-26.14937405694249
88	-27.74440106852617
89	-24.08563937044638
90	-12.21983678528578
91	-10.89525737809361
92	-25.14516286898985
93	-15.92102585186607
94	-33.67216866489925
95	-20.807519327121
96	-12.74996930418228
97	-6.071481753807806
98	-78.12935649066766
99	-10.9826684483047
100	-45.99449235356541
101	-119.1011292306061
102	-95.46354870854945
103	-67.29642867247962
104	-4.721164680346302
105	-59.79897556077307
106	-15.82973881998631
107	-46.22827725979056
108	-13.1378528869105
109	-40.14429113330064
110	-11.76865388718988
111	-11.68140972014922
112	-10.79429414917433
113	-11.59955125712893
114	-19.34152883649072
115	-5.999871514231859
116	-4.755157387679522
117	-29.38968993417448
118	-50.50379122669052
119	-16.02249740405203
120	-4.721164680346302
121	-25.71767179249529
122	-16.18207296438977
123	-16.62602894095508
124	-25.74087456011779
125	-11.23196436971408
126	-13.84952287311724
127	-46.29196266905512
128	-13.20334603863553
129	-53.07558185710246
130	-34.76399412541525
131	-59.55542639339287
132	-37.04010009053383
133	-34.73554807886576
134	-20.55843299761714
135	-6.086588406597569
136	-59.50965749042955
137	-4.367623936573718
138	-12.34428438517935
139	-4.721164680346302
140	-21.17165647418917
141	-29.72595213213818
142	-10.94848416388604
143	-23.14301809250609
144	-6.140384687995056
145	-22.56829973675966
146	-58.12083245505485
147	-27.73908265272839
148	-36.29397200943332
149	-11.56543312334905
150	-36.94856124983747
151	-14.67388200090195
152	-6.035732608151327
153	-6.416948805439495
154	-20.0365710838853
155	-35.51317946577377
156	-28.49703814886749
157	-52.18698475974451
158	-46.70791755273209
159	-4.367623936573718
160	-15.82456551627499
161	-13.20263545997474
162	-28.57443023256885
163	-4.367623936573718
164	-13.61875715406054
165	-28.93785245928411
166	-41.16403797366207
167	-16.68362502456836
168	-22.03416965800331
169	-17.19085478397807
170	-32.44494305742934
171	-32.39550481062503
172	-28.33232422190511
173	-18.00865252089858
174	-25.12055609060513
175	-28.16432586865372
176	-18.42735327616007
177	-17.27694446081205
178	-33.30029833829996
179	-20.01001757656343
180	-39.99114053383528
181	-11.99105813118639
182	-20.4646789014332
183	-20.74150434308608
184	-11.87024068848393
185	-19.130159305907
186	-68.97381302234101
187	-42.76787349598875
188	-21.74896739896286
189	-4.367623936573718
190	-33.57969435640636
191	-22.15391208612799
192	-36.34319448997306
193	-40.83687223834607
194	-18.37821642021148
195	-21.62670410197276
196	-4.367623936573718
197	-53.8502041269667
198	-6.062091389331324
199	-24.35509940916025
200	-25.13031399251428
201	-21.08559594091552
202	-25.29731263546363
203	-20.7346404989126
204	-45.26157047723288
205	-48.14681381940703
206	-36.74232499859269
207	-4.721164680346302
208	-16.39344448520997
209	-6.49346249360568
210	-28.06398385023689
211	-18.77723008028694
212	-42.78064323718598
213	-51.25645448767897
214	-40.52421832498834
215	-12.68854067583735
216	-40.6840642441741
217	-65.31879864005292
218	-15.92348066362957
219	-33.05464499897973
220	-25.34479456622011
221	-11.57010309047091
222	-11.8891010083986
223	-11.62751742549379
224	-11.53493508980308
225	-12.03311753930032
226	-32.09318763105205
227	-12.29466512426814
228	-38.64867100913331
229	-11.3726517041174
230	-18.99448548033007
231	-5.684389548677339
232	-27.57570194912371
233	-24.79470398395483
234	-11.88966761136836
235	-14.00560524658833
236	-46.91548019918532
237	-21.58007907243848
238	-4.367623936573718
239	-31.86342530206968
240	-26.46506754102479
241	-18.45557881303085
242	-28.00670721239129
243	-16.91108844779492
244	-9.580314550819899
245	-27.79916736343995
246	-53.72266079089738
247	-28.06782410738244
248	-12.39881591123445
249	-17.45490425281277
250	-22.88186848054106
251	-11.53760638685835
252	-15.58435854578205
253	-38.30378821897371
254	-10.88717820373643
255	-20.90820549903037
256	-23.12455288233149
257	-54.57305510604625
258	-23.3941776668296
259	-82.23028573335476
260	-17.92234031678555
261	-26.62503886459143
262	-12.12033034329026
263	-24.82006916816483
264	-32.94118626063114
265	-22.00411485481214
266	-39.29491680750044
267	-10.31998493857517
268	-54.54864651639473
269	-33.01453656565646
270	-21.39958615344171
271	-23.64664565182594
272	-6.086588406597569
273	-16.38492590037481
274	-29.73538360083448
275	-37.25035256291736
276	-23.5739896651281
277	-18.65919340977645
278	-25.06681516474839
279	-17.88762540567914
280	-34.14982488141698
281	-18.95299721782133
282	-17.07400840097249
283	-12.91456537214254
284	-30.24132133866452
285	-24.53193313110655
286	-16.21195503162348
287	-30.65565695057264
288	-45.82235072487367
289	-30.0421232309567
290	-101.4399968316205
291	-28.20820671572043
292	-15.50213406318322
293	-36.9813965029075
294	-22.94792816658185
295	-30.43527600592226
296	-27.89572463062362
297	-12.33197192151093
298	-45.24395028435935
299	-51.76498096682356
300	-25.42630660795407
301	-28.37832903529019
302	-15.09966349111525
303	-19.44506733983965
304	-18.10596433617901
305	-13.02809113568985
306	-45.205045797123
307	-23.4459065253639
308	-5.684389548677339
309	-42.23198195102177
310	-20.27656165288085
311	-37.1498293486322
312	-35.89217585731581
313	-6.071481753807806
314	-19.73136452967676
315	-20.66963315146833
316	-34.43281790002312
317	-6.035732608151327
318	-59.7176912489455
319	-58.02264632124966
320	-12.46334293757892
321	-17.5998861824203
322	-19.45891031019452
323	-6.137369502093177
324	-11.27054404859401
325	-18.41581576651673
326	-39.72233790101533
327	-19.96053937616994
328	-42.70317714790073
329	-41.73252731731527
330	-4.721164680346302
331	-4.367623936573718
332	-13.74773770602604
333	-6.072771834515409
334	-41.37237539267235
335	-55.46707132283115
336	-11.48549897017559
337	-21.89962990748757
338	-11.09922153125519
339	-5.999871514231859
340	-20.33545216346247
341	-68.33574403163514
342	-31.2512403539487
343	-58.62911354837352
344	-39.72867486824879
345	-17.91539578760464
346	-6.067086845575383
347	-20.78282661952768
348	-13.79980211145448
349	-20.66675246924114
350	-34.19632341142328
351	-27.99417513914781
352	-23.19395882382845
353	-83.35148154869273
354	-37.13127525107101
355	-54.98769398352529
356	-18.29637726204043
357	-35.58385778285447
358	-28.95722596716757
359	-18.4120758785476
360	-28.89919760098661
361	-6.035732608151327
362	-27.89740615814671
363	-33.21463646004577
364	-9.190448706893788
365	-22.28523794904525
366	-11.53226164501173
367	-12.7736456217798
368	-10.77104009113347
369	-10.48271884416947
370	-10.85350031233925
371	-14.06238050537544
372	-38.72272362778998
373	-66.84216014084866
374	-27.83631015098648
375	-124.7412341005449
376	-16.49273757725107
377	-32.78361720138566
378	-26.1815734380252
379	-6.280348235638835
380	-33.53592107339497
381	-31.44390847804708
382	-17.57675733314864
383	-12.6893663321732
384	-70.27206357697324
385	-15.38772430136219
386	-4.721164680346302
387	-20.6505816984166
388	-11.41083567408784
389	-42.24716004113321
390	-6.608701135363266
391	-40.4451895122455
392	-6.025088322117909
393	-17.72400137780006
394	-32.32392654530432
395	-6.334453698843288
396	-32.16056589165044
397	-28.49320426333135
398	-5.684389548677339
399	-22.04088068041782
400	-42.27989199667972
401	-54.54471042134148
402	-48.3555242795771
403	-31.44509900873351
404	-49.14441127621267
405	-22.12234918611868
406	-32.22985962387843
407	-17.05710647927529
408	-43.13787198261156
409	-15.42517664359453
410	-20.02274513350671
411	-73.08047050579582
412	-16.63313331586502
413	-19.6171630182865
414	-44.88221969802927
415	-11.22501724180716
416	-13.19218084095844
417	-53.10524849801037
418	-17.52794939807335
419	-29.97710599271418
420	-12.80096079652432
421	-28.57686653456704
422	-44.08517243032857
423	-61.42804776442372
424	-23.9192088943926
425	-56.54587733396738
426	-4.367623936573718
427	-13.24594183482369
428	-18.71091564243153
429	-18.33217892726142
430	-24.61517460939854
431	-28.6090220634172
432	-21.21687424921927
433	-91.59825028953712
434	-27.44282039873395
435	-25.93187682186583
436	-21.97910344185208
437	-30.09682085513298
438	-27.19931840827467
439	-11.52867086954874
440	-4.367623936573718
441	-28.08821875472993
442	-33.13970810624881
443	-10.11184017452102
444	-24.68429297204401
445	-4.755157387679522
446	-36.2215480812277
447	-31.35344918502875
448	-4.367623936573718
449	-11.01520509481563
450	-78.90305065944963
451	-14.84908550271952
452	-30.46886411344351
453	-27.6759381971804
454	-24.07916419835784
455	-25.89607555065467
456	-20.86089911608304
457	-62.90952034299818
458	-11.79304130473106
459	-48.48126552724406
460	-6.873869381969337
461	-34.55980570063969
462	-18.86137518618694
463	-25.48541663851673
464	-10.93798883108172
465	-23.05999405111274
466	-14.72361485278774
467	-32.01505003069011
468	-16.57243080591489
469	-10.70759464488991
470	-35.19079838332929
471	-6.137369502093177
472	-64.24364426996134
473	-13.42912107143388
474	-32.00317685253017
475	-21.93075630000171
476	-6.852875986341706
477	-25.51904494493752
478	-12.0354518965515
479	-11.71186664378244
480	-29.51961022294367
481	-4.367623936573718
482	-19.54791832870377
483	-19.21955653129864
484	-5.999871514231859
485	-17.6909274359909
486	-6.27935476564286
487	-5.914386742326879
488	-6.067086845575383
489	-6.067086845575383
490	-12.4742223875699
491	-6.281174951043821
492	-6.140384687995056
493	-14.29585882717513
494	-43.00099982529827
495	-45.45411112349395
496	-39.87730790252588
497	-6.281174951043821
498	-44.20282553346532
