#SITE	SITE_LOG_LIKELIHOODS
1	-4.049271125007524
2	-11.13245605315498
3	-15.69139007232205
4	-26.82389483267234
5	-4.871611511445618
6	-43.35383684251384
7	-12.91889968681384
8	-5.938211747795239
9	-4.083705020114275
10	-4.020746932290458
11	-4.934025319405791
12	-4.909677144256794
13	-3.820767306038763
14	-9.393672636042051
15	-5.090745250917651
16	-10.28409005407814
17	-3.820767306038763
18	-5.18503545160192
19	-36.03418814761091
20	-5.459283218735266
21	-4.89512534761834
22	-3.820767306038763
23	-4.291115233882025
24	-5.191221568327674
25	-4.227345236228456
26	-9.53435390264705
27	-4.370517779912944
28	-12.63750726553026
29	-5.73731975438609
30	-4.580099270949528
31	-5.393903403725697
32	-4.580099270949528
33	-14.91674592882491
34	-4.291115233882025
35	-3.932672402162754
36	-9.719776638133364
37	-20.31571851941282
38	-14.32237535884436
39	-3.932654021260915
40	-13.08294031755616
41	-17.20735712897766
42	-17.6577991061779
43	-3.932654021260915
44	-4.840330559299091
45	-4.236563636557347
46	-16.39253075839995
47	-3.936206950349457
48	-3.806372964279409
49	-5.453049969104899
50	-4.606960542736627
51	-5.854068433428312
52	-3.932654021260915
53	-4.455677927507961
54	-4.236563636557347
55	-4.020746932290458
56	-4.021404092524619
57	-4.944585280562875
58	-3.820767306038763
59	-4.233912378265204
60	-4.909677144256794
61	-3.932672402162754
62	-9.53435390264705
63	-4.290796656783061
64	-3.820767306038763
65	-4.227345236228456
66	-4.049271125007524
67	-58.62826642091873
68	-5.854068433428312
69	-4.832072658721308
70	-3.820767306038763
71	-4.580099270949528
72	-4.89512534761834
73	-3.936206950349457
74	-4.82586533984486
75	-5.974597957117803
76	-12.00202519244098
77	-5.090745250917651
78	-13.36091623983834
79	-4.734233256475029
80	-5.014716126637886
81	-4.290796656783061
82	-10.52677624431809
83	-4.680906828503364
84	-4.083705020114275
85	-4.642834675450201
86	-4.622552742125086
87	-15.05649510664935
88	-4.622552742125086
89	-5.453049969104899
90	-3.932654021260915
91	-4.233912378265204
92	-4.233912378265204
93	-5.335392049256255
94	-5.191221568327674
95	-6.146843496990666
96	-5.170750101307156
97	-12.35614224109134
98	-12.27115901403399
99	-4.680906828503364
100	-13.40020595863816
101	-4.89512534761834
102	-64.63012896468862
103	-4.840330559299091
104	-5.693137939983889
105	-4.227345236228456
106	-5.938211747795239
107	-5.377867507757432
108	-3.932672402162754
109	-4.455677927507961
110	-4.871611511445618
111	-4.020746932290458
112	-4.370517779912944
113	-3.806372964279409
114	-5.018576266219507
115	-4.049271125007524
116	-5.377867507757432
117	-5.393903403725697
118	-5.654344116116618
119	-3.932672402162754
120	-4.734233256475029
121	-5.18503545160192
122	-4.944585280562875
123	-4.291115233882025
124	-4.083705020114275
125	-10.45233890773068
126	-5.060003261979968
127	-4.049271125007524
128	-19.34037970047068
129	-3.806372964279409
130	-4.606960542736627
131	-4.832072658721308
132	-29.3737863769398
133	-4.083705020114275
134	-11.57063273852999
135	-10.04900931610052
136	-8.829003982650216
137	-3.936206950349457
138	-5.377867507757432
139	-4.370517779912944
140	-4.236563636557347
141	-4.669479959508814
142	-4.669479959508814
143	-11.26234545971774
144	-11.82062163271708
145	-4.021404092524619
146	-12.98934607047583
147	-5.060003261979968
148	-4.291115233882025
149	-3.820767306038763
150	-4.914337342580525
151	-5.191221568327674
152	-4.606960542736627
153	-4.049271125007524
154	-13.93764945868833
155	-3.806372964279409
156	-4.871611511445618
157	-13.95399221735059
158	-40.09724172647627
159	-4.233912378265204
160	-4.020746932290458
161	-12.98390910930883
162	-119.0194186313229
163	-22.20553611950032
164	-10.63013901663749
165	-4.913581619199105
166	-9.600826541585565
167	-3.936206950349457
168	-12.15923189067036
169	-8.894994237333419
170	-4.083705020114275
171	-5.335392049256255
172	-4.227345236228456
173	-11.83847644770622
174	-4.680906828503364
175	-4.021404092524619
176	-12.6430393929124
177	-13.42164005804035
178	-5.060003261979968
179	-4.370517779912944
180	-50.70045049719655
181	-5.459283218735266
182	-23.60934976000536
183	-10.77817566304345
184	-10.96407121099393
185	-11.3385511178379
186	-24.48350852646276
187	-4.370517779912944
188	-4.914337342580525
189	-4.233912378265204
190	-11.32668026296922
191	-4.82586533984486
192	-4.734233256475029
193	-4.832072658721308
194	-28.54845115511307
195	-3.932672402162754
196	-4.82586533984486
197	-4.020746932290458
198	-4.832072658721308
199	-4.82586533984486
200	-4.291115233882025
201	-5.014716126637886
202	-6.275969329600447
203	-11.3157057307167
204	-9.848839049308081
205	-4.734233256475029
206	-5.335392049256255
207	-4.680906828503364
208	-4.416738677974184
209	-4.049271125007524
210	-3.974427503808199
211	-5.090745250917651
212	-3.806372964279409
213	-4.580099270949528
214	-12.4407108934485
215	-4.258110865455029
216	-10.62724549623418
217	-4.227345236228456
218	-15.68948258030671
219	-16.97674323164279
220	-4.233912378265204
221	-6.126324685284003
222	-12.08255132898086
223	-4.020746932290458
224	-4.913581619199105
225	-9.336078544663147
226	-5.018576266219507
227	-4.416738677974184
228	-3.820767306038763
229	-4.934025319405791
230	-4.291115233882025
231	-3.806372964279409
232	-4.580099270949528
233	-12.45894772490272
234	-4.669479959508814
235	-17.16772395324659
236	-50.25400215080791
237	-50.68875914318905
238	-4.290796656783061
239	-29.73584324435073
240	-5.170750101307156
241	-37.91383712127019
242	-3.932654021260915
243	-4.236563636557347
244	-4.934025319405791
245	-4.236689872676252
246	-4.258110865455029
247	-3.936206950349457
248	-4.642834675450201
249	-4.227345236228456
250	-3.806372964279409
251	-3.932654021260915
252	-4.455677927507961
253	-4.909677144256794
254	-5.014716126637886
255	-4.290796656783061
256	-4.236563636557347
257	-5.393903403725697
258	-4.89512534761834
259	-10.42630655819263
260	-4.840330559299091
261	-23.18000012714496
262	-4.370517779912944
263	-4.642834675450201
264	-22.51418845596911
265	-10.78365695593784
266	-4.258110865455029
267	-4.832072658721308
268	-4.049271125007524
269	-3.806372964279409
270	-3.932672402162754
271	-52.77301969073656
272	-16.22453897810808
273	-5.654344116116618
274	-4.838184233831762
275	-12.03040587994005
276	-25.76600577956372
277	-4.021404092524619
278	-11.78257309341072
279	-3.930158987192426
280	-8.794941140295652
281	-12.01336990351751
282	-10.38906052962123
283	-9.43697717792206
284	-9.166858061714789
285	-21.88226682036816
286	-4.414322912703783
