#SITE	SITE_LOG_LIKELIHOODS
1	-3.799366325786136
2	-12.62612205006863
3	-29.1511865517394
4	-44.93204749729367
5	-24.03401240935827
6	-57.78387544004867
7	-14.65468233675507
8	-9.218884345736051
9	-10.8454618522268
10	-8.0075782139256
11	-6.686564797118249
12	-8.930707305512433
13	-7.649569475309885
14	-14.62421298715349
15	-6.861122074271565
16	-31.21880145700988
17	-7.649569475309885
18	-11.94701165436588
19	-39.99156888715859
20	-19.61381972328225
21	-8.37077589550894
22	-10.19525747284917
23	-15.27844047198486
24	-9.583769336968192
25	-6.76021433738285
26	-14.37125282673241
27	-9.365863261753713
28	-15.08548600367272
29	-10.01410946937103
30	-8.477508040028155
31	-8.578689109661505
32	-5.565900138446179
33	-74.74687487927871
34	-9.614907808569018
35	-4.985527123739928
36	-14.35037566913243
37	-37.55748778211228
38	-25.20745668404122
39	-11.77050998308888
40	-18.11876983731457
41	-45.0621998214483
42	-21.63889726661773
43	-6.445015859635298
44	-11.17886189737965
45	-14.22858245153987
46	-17.1105047421506
47	-6.624246056737008
48	-4.855703373366985
49	-7.698696817159902
50	-8.815047919800978
51	-5.912646744545311
52	-6.445015859635298
53	-8.672626754477267
54	-19.9582935061538
55	-6.690297680028227
56	-9.682856655116696
57	-9.387971656078742
58	-17.32409104607153
59	-5.144342298976758
60	-8.619339239132941
61	-7.102795859457771
62	-11.94264661707719
63	-6.290272613648638
64	-4.586425689532519
65	-7.890023106169105
66	-4.796459333238154
67	-63.5679059889775
68	-5.912646744545311
69	-14.25787111938399
70	-4.586425689532519
71	-5.565900138446179
72	-8.37077589550894
73	-14.6332802905624
74	-9.763928654345353
75	-7.423158370547102
76	-12.72254945967285
77	-7.357464836682507
78	-16.86069803559366
79	-7.47734287454814
80	-15.30857778127917
81	-8.439570404585371
82	-15.26262748752612
83	-6.255524447939111
84	-4.745644098485622
85	-15.2802770260143
86	-10.27948285760792
87	-15.70341912852083
88	-6.712234186823189
89	-7.698696817159902
90	-9.536008215527588
91	-7.927672990591646
92	-8.758273876194833
93	-8.58260084369938
94	-6.205496994643308
95	-6.274585875036582
96	-18.85510055190727
97	-16.96393613307939
98	-18.07791331540423
99	-6.255524447939111
100	-15.4473677399555
101	-8.83322745743167
102	-74.95644915697841
103	-5.993802670741411
104	-9.052850007028235
105	-6.76021433738285
106	-6.747598197874795
107	-10.69979307805331
108	-4.985527123739928
109	-6.913351655742165
110	-46.56841861854189
111	-5.27655472932021
112	-8.042808619406223
113	-6.1896064913262
114	-11.63036045387147
115	-4.796459333238154
116	-8.023108250848553
117	-14.96545496087281
118	-16.65159776560772
119	-10.7084940315045
120	-9.950587883049449
121	-42.61370718903864
122	-9.387971656078742
123	-6.660189302512212
124	-4.745644098485622
125	-14.53726609967868
126	-5.867596948698034
127	-13.95334895181444
128	-24.51507659667527
129	-4.855703373366985
130	-6.080845072048754
131	-9.262527470418162
132	-29.26329559685482
133	-4.745644098485622
134	-15.18236504276438
135	-19.16872684231497
136	-31.92121897805413
137	-4.334989307523535
138	-9.4723543196714
139	-14.4621437640449
140	-18.98177104880421
141	-7.750252167526503
142	-7.750252167526503
143	-13.60451557680409
144	-25.03528667588768
145	-9.216846048834926
146	-16.27857452946614
147	-7.416230127193869
148	-6.660189302512212
149	-14.35192698689198
150	-6.939713294050507
151	-7.671510867839332
152	-18.19650712539971
153	-7.756275067453371
154	-32.29418796293717
155	-6.1896064913262
156	-16.25017676299116
157	-16.78241713125703
158	-39.56201882317006
159	-5.144342298976758
160	-5.27655472932021
161	-16.70508880175995
162	-120.0546148970483
163	-22.4659511674774
164	-12.81523527687474
165	-9.236429116082816
166	-12.5411702074902
167	-4.334989307523535
168	-14.26119781873854
169	-10.56546095166937
170	-6.793666674160622
171	-9.490643606438155
172	-7.890023106169105
173	-15.88686010734287
174	-5.816671482976076
175	-8.707566343604114
176	-16.00862463288993
177	-15.90185670193476
178	-5.867596948698034
179	-8.219488607631838
180	-49.6557894996109
181	-20.41468404568198
182	-30.24626307052717
183	-17.51966791563024
184	-12.02076849160357
185	-19.87278652112805
186	-24.7424079308993
187	-7.371825604668418
188	-6.785952700617607
189	-5.144342298976758
190	-15.04726638085048
191	-7.18889729562459
192	-7.47734287454814
193	-7.402007468175697
194	-30.5558082870715
195	-8.069384426276182
196	-12.19850299738643
197	-6.690297680028227
198	-9.262527470418162
199	-10.8641054403928
200	-11.41656835440728
201	-8.561100083972004
202	-9.301840912974026
203	-17.13431244364686
204	-22.68165707285028
205	-7.47734287454814
206	-8.944532423339957
207	-9.667347662071494
208	-4.676345774329129
209	-4.796459333238154
210	-9.923115979497664
211	-18.52003102700428
212	-4.855703373366985
213	-26.19965764501294
214	-15.08425304058003
215	-7.088860239458231
216	-12.22013620581279
217	-6.76021433738285
218	-20.53059822380583
219	-20.11636894086794
220	-10.9117480720424
221	-8.558799689673224
222	-16.52395071102126
223	-6.690297680028227
224	-5.338684572221812
225	-12.55698337814478
226	-5.318958726886789
227	-4.676345774329129
228	-4.586425689532519
229	-6.686564797118249
230	-6.660189302512212
231	-4.855703373366985
232	-17.77194591531098
233	-17.04660794284889
234	-5.968355006659325
235	-20.09829887783436
236	-63.21967650850941
237	-87.58040178855408
238	-14.50127566982406
239	-33.81137109728394
240	-19.75171188792639
241	-38.74016001992649
242	-21.53601124875115
243	-6.676379089983067
244	-8.492498586703896
245	-7.074791116951669
246	-8.906509059205288
247	-6.661389318435394
248	-7.590336207762625
249	-6.76021433738285
250	-16.05778767005897
251	-9.088351930860512
252	-6.913351655742165
253	-10.47029750514274
254	-11.0048000713458
255	-26.21486097857793
256	-24.29897773169382
257	-13.5873879634305
258	-8.83322745743167
259	-19.2144556451461
260	-7.51066325723101
261	-28.52617468759345
262	-10.63119889514139
263	-9.400676175017397
264	-62.8950127344698
265	-28.02491646020127
266	-7.316480832057096
267	-9.262527470418162
268	-4.796459333238154
269	-8.62505619037511
270	-6.019059298821996
271	-71.9079646333024
272	-26.31196282497938
273	-10.50365521180505
274	-15.60947570167423
275	-13.89642672843745
276	-28.19983763708147
277	-8.834793801023828
278	-24.29846072002353
279	-6.442820791091217
280	-17.48039609401322
281	-16.39163724262066
282	-18.6789862052587
283	-10.86074681772996
284	-17.05923523832507
285	-26.12417410192093
286	-4.672703079298005
