#SITE	SITE_LOG_LIKELIHOODS
1	-4.392143606694949
2	-17.25591161428317
3	-29.26845014711763
4	-49.5167211462924
5	-28.42351267271146
6	-54.22115872573271
7	-15.96533555720992
8	-9.749743037902102
9	-12.52534808634937
10	-8.973355487150668
11	-7.046709595638657
12	-8.435098455799016
13	-9.781661552020413
14	-15.82224056641165
15	-7.420340265198133
16	-33.59517691411274
17	-9.781661552020413
18	-11.97490034886542
19	-45.05032011816059
20	-17.35323920240071
21	-7.721404449172318
22	-11.17368520794146
23	-15.9170945569537
24	-10.2528492520879
25	-7.31278596390682
26	-15.71009321520596
27	-8.797954935451219
28	-15.6987588560255
29	-8.179610449898181
30	-9.085995440557149
31	-9.644054076336513
32	-5.919748740628105
33	-72.56644865220935
34	-11.15784311799842
35	-5.79700173193329
36	-16.19131097399467
37	-35.73262227541304
38	-22.55180653141721
39	-12.72984236567733
40	-19.88610624933773
41	-46.05258687113164
42	-23.3730980661296
43	-7.162690771554229
44	-12.25228142516491
45	-14.79719198061786
46	-18.09936364602799
47	-8.412563567868796
48	-5.678670140081902
49	-7.533975886001386
50	-10.05053974208003
51	-5.771317090389267
52	-7.162690771554229
53	-11.34661317530951
54	-22.04647714785654
55	-7.688813926150105
56	-11.01031982438975
57	-10.96898838554489
58	-18.60765964205507
59	-5.841850738776598
60	-8.698622323370163
61	-8.345030437769095
62	-13.20822199179975
63	-7.358906139196646
64	-6.052469513643196
65	-7.957449113731776
66	-5.389834182275033
67	-64.39803417478606
68	-5.771317090389267
69	-14.68045373120587
70	-6.052469513643196
71	-5.919748740628105
72	-7.721404449172318
73	-15.47271407002229
74	-7.85774001919197
75	-7.90237041590821
76	-13.56970508543997
77	-7.128314734120472
78	-14.98331487390242
79	-8.778542280944862
80	-16.45269315009604
81	-8.035961378902062
82	-15.09291271968604
83	-6.661426837733289
84	-5.75690587755504
85	-14.43276213429478
86	-10.47464759763201
87	-17.00982104911854
88	-6.841472445250951
89	-7.533975886001386
90	-9.332124267289956
91	-8.162375633945587
92	-11.37289963257424
93	-7.763878361890401
94	-5.547093825789711
95	-6.000539291322537
96	-19.0975892704586
97	-17.63724592799967
98	-18.35694289841809
99	-6.661426837733289
100	-14.49857105602908
101	-7.385962999793025
102	-66.46208283933356
103	-5.85898536301682
104	-7.952237913779295
105	-7.31278596390682
106	-5.694157695141899
107	-10.90684918284902
108	-5.79700173193329
109	-7.065059822583285
110	-46.73385266984562
111	-5.90812092383925
112	-9.24446635094505
113	-6.661601224663153
114	-12.5330195701131
115	-5.389834182275033
116	-7.442534298008645
117	-14.72150033825948
118	-15.71358758814087
119	-11.50344250717807
120	-9.601766323541673
121	-46.13655336418491
122	-10.96898838554489
123	-7.016195648606414
124	-5.75690587755504
125	-15.24143569905291
126	-5.870406890654022
127	-13.5414649344652
128	-23.99485394721142
129	-5.678670140081902
130	-5.647090109181721
131	-9.995334510014073
132	-27.85368652277123
133	-5.75690587755504
134	-13.76078534412373
135	-20.5068583847723
136	-31.90427750179533
137	-5.794105497666303
138	-9.658880456781619
139	-14.11090414792357
140	-16.33538028845522
141	-7.899943631849263
142	-7.899943631849263
143	-13.34835584154785
144	-26.45385047030143
145	-8.713425289413331
146	-14.5356549034356
147	-7.340070163051271
148	-7.016195648606414
149	-14.72749190402624
150	-6.152428803946544
151	-7.888261692631821
152	-18.37462924254182
153	-8.121999110176839
154	-30.66115878469178
155	-6.661601224663153
156	-15.14385555919781
157	-13.37414535424198
158	-38.6268959355435
159	-5.841850738776598
160	-5.90812092383925
161	-15.33854848960934
162	-101.8413009968482
163	-20.81586589715596
164	-12.41471132966027
165	-8.790736825562606
166	-12.61673099740715
167	-5.794105497666303
168	-13.2821638415457
169	-11.26550157711434
170	-7.425772755242612
171	-10.30183523459767
172	-7.957449113731776
173	-16.05802127014947
174	-5.484924154385505
175	-9.593934856506712
176	-19.04310273658375
177	-15.11914287152672
178	-5.870406890654022
179	-7.947592218153124
180	-46.67214250977745
181	-20.12509488439594
182	-31.9493943407082
183	-17.99859306328965
184	-11.57075124218046
185	-20.87369484007904
186	-22.32675044632293
187	-7.803186369438555
188	-7.385323847058352
189	-5.841850738776598
190	-14.12031326297658
191	-7.291552411181208
192	-8.778542280944862
193	-7.335934528549201
194	-27.09190848929189
195	-9.279909812885066
196	-10.8198194837229
197	-7.688813926150105
198	-9.995334510014073
199	-11.48360886619653
200	-11.69860484986261
201	-8.449631874024254
202	-9.097938959924059
203	-15.60420107446575
204	-21.04469063801404
205	-8.778542280944862
206	-9.881192699431312
207	-10.13877898680919
208	-5.704548440043466
209	-5.389834182275033
210	-8.064180190045706
211	-17.32132281635572
212	-5.678670140081902
213	-24.74490943465539
214	-12.34051437497495
215	-7.743677021678848
216	-12.58746726631194
217	-7.31278596390682
218	-21.84702436352426
219	-22.41878926789265
220	-12.74544112775326
221	-8.439904276093969
222	-16.28046195664587
223	-7.688813926150105
224	-5.740803782506532
225	-12.13457872276194
226	-5.801560904245356
227	-5.704548440043466
228	-6.052469513643196
229	-7.046709595638657
230	-7.016195648606414
231	-5.678670140081902
232	-13.47587823310701
233	-17.44321559431313
234	-6.110147288484162
235	-20.98829660173057
236	-66.6394203895976
237	-81.42529054592917
238	-14.65773558403421
239	-34.85331131143983
240	-18.21724440947235
241	-36.51032076786834
242	-22.66123421360626
243	-7.049669553577361
244	-8.657892624317979
245	-7.727344670481941
246	-11.11416983032684
247	-7.71067254094218
248	-7.601684968170963
249	-7.31278596390682
250	-16.10439836738458
251	-10.2783474751824
252	-7.065059822583285
253	-10.31278129810813
254	-12.11647665802307
255	-28.7611588504959
256	-25.32827589205906
257	-12.59255920923519
258	-7.385962999793025
259	-19.53260288369373
260	-7.563878864917416
261	-29.14216791896538
262	-10.88659669268444
263	-9.39308144511574
264	-65.03206792951207
265	-27.121129871995
266	-7.125686576234776
267	-9.995334510014073
268	-5.389834182275033
269	-9.213379071179974
270	-6.707090154873589
271	-74.4633932591957
272	-26.64847945242031
273	-10.69305563958972
274	-14.88988400619135
275	-13.76831264083071
276	-30.57417204190893
277	-7.538656328355017
278	-23.64736484281643
279	-7.160613746318029
280	-17.37133218299901
281	-15.33918488415772
282	-18.05568321528441
283	-11.16476720738968
284	-17.34273479183624
285	-23.2197905682179
286	-5.699107517734762
