#SITE	SITE_LOG_LIKELIHOOD
1	-1.22125e-15
2	-1.22125e-15
3	-12.0002
4	-24.9459
5	-22.4997
6	-19.9074
7	-3.83541
8	-4.11544
9	-5.39182
10	-5.21566
11	-4.82044
12	-4.35246
13	-4.11544
14	-4.83319
15	-3.71987
16	-22.2354
17	-4.11544
18	-4.16194
19	-4.11544
20	-11.2291
21	-4.82061
22	-4.9345
23	-11.7016
24	-4.38287
25	-4.16194
26	-4.41759
27	-4.16194
28	-4.45857
29	-4.44683
30	-4.80844
31	-5.21566
32	-5.47801
33	-54.2077
34	-4.38287
35	-4.83965
36	-4.38287
37	-10.6282
38	-10.7025
39	-4.37873
40	-3.95348
41	-30.0393
42	-4.82061
43	-3.95348
44	-5.01138
45	-11.0207
46	-4.83965
47	-5.01138
48	-4.80545
49	-4.11544
50	-3.71987
51	-4.38287
52	-3.95348
53	-3.83541
54	-17.8733
55	-4.11544
56	-4.4289
57	-3.71987
58	-10.9053
59	-3.83541
60	-3.71987
61	-4.80545
62	-4.83965
63	-3.83541
64	-5.71304
65	-4.15682
66	-5.01138
67	-10.4867
68	-4.38287
69	-10.639
70	-5.71304
71	-5.47801
72	-4.82061
73	-10.7657
74	-4.06575
75	-5.02061
76	-3.95348
77	-4.11237
78	-4.41586
79	-4.11544
80	-10.6027
81	-3.86672
82	-4.41586
83	-4.80545
84	-3.71987
85	-10.2992
86	-4.41279
87	-4.83965
88	-4.41759
89	-4.11544
90	-4.44683
91	-4.21292
92	-5.08527
93	-4.82044
94	-4.9345
95	-5.65093
96	-11.6973
97	-4.41759
98	-4.41759
99	-4.80545
100	-4.11544
101	-4.41586
102	-10.2174
103	-5.26393
104	-4.37873
105	-4.16194
106	-4.42241
107	-4.38287
108	-4.83965
109	-5.47801
110	-49.653
111	-4.45857
112	-3.71987
113	-4.41279
114	-10.1113
115	-5.01138
116	-4.41706
117	-10.607
118	-10.1366
119	-10.1324
120	-4.06575
121	-43.7754
122	-3.71987
123	-3.71987
124	-3.71987
125	-5.21566
126	-4.4289
127	-11.9092
128	-4.38287
129	-4.80545
130	-5.12674
131	-4.38287
132	-3.71987
133	-3.71987
134	-5.51956
135	-9.58993
136	-23.6915
137	-4.11544
138	-3.71987
139	-9.92418
140	-12.6778
141	-3.95348
142	-3.95348
143	-4.15682
144	-11.636
145	-4.34052
146	-4.45072
147	-4.82172
148	-3.71987
149	-11.9228
150	-4.45072
151	-3.83541
152	-12.4042
153	-4.82044
154	-17.4866
155	-4.41279
156	-11.2816
157	-4.42241
158	-4.4289
159	-3.83541
160	-4.45857
161	-4.41279
162	-3.83541
163	-4.69402
164	-4.83965
165	-4.41706
166	-4.83965
167	-4.11544
168	-5.51956
169	-4.44683
170	-3.71955
171	-4.45857
172	-4.15682
173	-3.95348
174	-4.41279
175	-3.71987
176	-3.83541
177	-4.41279
178	-4.4289
179	-4.82172
180	-4.4289
181	-16.4787
182	-3.71987
183	-4.38287
184	-5.01138
185	-10.5459
186	-3.71955
187	-4.4289
188	-4.11544
189	-3.83541
190	-5.08527
191	-4.11544
192	-4.11544
193	-4.4289
194	-4.38287
195	-4.41759
196	-4.22823
197	-4.11544
198	-4.38287
199	-3.71987
200	-4.22823
201	-4.37873
202	-4.80844
203	-3.86672
204	-12.997
205	-4.11544
206	-4.11544
207	-4.41759
208	-4.69402
209	-5.01138
210	-4.41586
211	-12.222
212	-4.80545
213	-18.3712
214	-4.42241
215	-3.71987
216	-4.34052
217	-4.16194
218	-4.45072
219	-4.82044
220	-9.99381
221	-4.35246
222	-4.41586
223	-4.11544
224	-4.16194
225	-3.71955
226	-3.95348
227	-4.69402
228	-5.71304
229	-4.82044
230	-3.71987
231	-4.80545
232	-10.0295
233	-4.4289
234	-4.34052
235	-4.11269
236	-17.4851
237	-44.9593
238	-9.93496
239	-4.3463
240	-11.2029
241	-3.83541
242	-19.232
243	-5.21566
244	-4.42241
245	-3.71987
246	-4.11544
247	-4.45857
248	-3.95348
249	-4.16194
250	-13.1129
251	-5.12674
252	-5.47801
253	-4.11237
254	-4.44683
255	-25.702
256	-24.1247
257	-9.89203
258	-4.41586
259	-12.5347
260	-5.65093
261	-4.11544
262	-3.86672
263	-4.80545
264	-48.1193
265	-16.885
266	-3.71955
267	-4.38287
268	-5.01138
269	-3.71987
270	-4.44683
271	-19.3731
272	-11.3228
273	-4.41759
274	-12.1332
275	-4.82044
276	-3.71987
277	-3.95755
278	-15.7611
279	-3.95348
280	-9.87851
281	-3.71955
282	-9.78466
283	-4.82044
284	-10.6046
285	-4.91877
286	-4.68426
