#SITE	WT_AA	SITE_ENTROPY	PI_A	PI_C	PI_D	PI_E	PI_F	PI_G	PI_H	PI_I	PI_K	PI_L	PI_M	PI_N	PI_P	PI_Q	PI_R	PI_S	PI_T	PI_V	PI_W	PI_Y
1	na	2.018774	0.014493	0.014493	0.014493	0.014493	0.014493	0.014493	0.014493	0.014493	0.014493	0.014493	0.724638	0.014493	0.014493	0.014493	0.014493	0.014493	0.014493	0.014493	0.014493	0.014493
2	na	2.154422	0.014493	0.014493	0.043478	0.014493	0.014493	0.014493	0.014493	0.014493	0.014493	0.014493	0.014493	0.014493	0.014493	0.014493	0.014493	0.695652	0.014493	0.014493	0.014493	0.014493
3	na	2.331613	0.009615	0.009615	0.009615	0.009615	0.009615	0.009615	0.009615	0.461538	0.019231	0.009615	0.336538	0.009615	0.028846	0.009615	0.009615	0.009615	0.009615	0.009615	0.009615	0.009615
4	na	2.421289	0.009524	0.009524	0.009524	0.009524	0.009524	0.009524	0.009524	0.009524	0.057143	0.009524	0.019048	0.009524	0.009524	0.428571	0.342857	0.009524	0.009524	0.009524	0.009524	0.009524
5	na	2.278839	0.009524	0.009524	0.009524	0.009524	0.019048	0.009524	0.476190	0.009524	0.009524	0.009524	0.009524	0.009524	0.009524	0.009524	0.019048	0.009524	0.009524	0.009524	0.009524	0.333333
6	na	2.230259	0.009524	0.009524	0.009524	0.009524	0.485714	0.009524	0.009524	0.333333	0.009524	0.009524	0.009524	0.009524	0.009524	0.009524	0.009524	0.009524	0.009524	0.019048	0.009524	0.009524
7	na	1.450829	0.009524	0.009524	0.009524	0.009524	0.009524	0.009524	0.009524	0.009524	0.009524	0.009524	0.009524	0.009524	0.009524	0.009524	0.819048	0.009524	0.009524	0.009524	0.009524	0.009524
8	na	2.190983	0.009524	0.009524	0.009524	0.009524	0.009524	0.009524	0.009524	0.009524	0.009524	0.352381	0.009524	0.009524	0.009524	0.009524	0.009524	0.009524	0.009524	0.476190	0.009524	0.009524
9	na	2.190983	0.476190	0.352381	0.009524	0.009524	0.009524	0.009524	0.009524	0.009524	0.009524	0.009524	0.009524	0.009524	0.009524	0.009524	0.009524	0.009524	0.009524	0.009524	0.009524	0.009524
10	na	2.190983	0.009524	0.009524	0.009524	0.009524	0.009524	0.009524	0.009524	0.352381	0.009524	0.476190	0.009524	0.009524	0.009524	0.009524	0.009524	0.009524	0.009524	0.009524	0.009524	0.009524
11	na	1.450829	0.009524	0.009524	0.009524	0.009524	0.009524	0.009524	0.009524	0.819048	0.009524	0.009524	0.009524	0.009524	0.009524	0.009524	0.009524	0.009524	0.009524	0.009524	0.009524	0.009524
12	na	2.190983	0.009524	0.009524	0.009524	0.009524	0.009524	0.009524	0.009524	0.009524	0.009524	0.009524	0.009524	0.009524	0.476190	0.009524	0.009524	0.352381	0.009524	0.009524	0.009524	0.009524
13	na	2.190983	0.009524	0.009524	0.009524	0.009524	0.476190	0.009524	0.009524	0.009524	0.009524	0.352381	0.009524	0.009524	0.009524	0.009524	0.009524	0.009524	0.009524	0.009524	0.009524	0.009524
14	na	2.194798	0.009524	0.009524	0.009524	0.009524	0.466667	0.009524	0.009524	0.009524	0.009524	0.361905	0.009524	0.009524	0.009524	0.009524	0.009524	0.009524	0.009524	0.009524	0.009524	0.009524
15	na	1.450829	0.819048	0.009524	0.009524	0.009524	0.009524	0.009524	0.009524	0.009524	0.009524	0.009524	0.009524	0.009524	0.009524	0.009524	0.009524	0.009524	0.009524	0.009524	0.009524	0.009524
16	na	2.169208	0.514286	0.009524	0.009524	0.009524	0.009524	0.009524	0.009524	0.009524	0.009524	0.009524	0.009524	0.009524	0.009524	0.009524	0.009524	0.009524	0.314286	0.009524	0.009524	0.009524
17	na	2.190983	0.009524	0.009524	0.009524	0.009524	0.476190	0.009524	0.009524	0.009524	0.009524	0.352381	0.009524	0.009524	0.009524	0.009524	0.009524	0.009524	0.009524	0.009524	0.009524	0.009524
18	na	2.190983	0.009524	0.476190	0.009524	0.009524	0.009524	0.009524	0.009524	0.009524	0.009524	0.009524	0.009524	0.009524	0.352381	0.009524	0.009524	0.009524	0.009524	0.009524	0.009524	0.009524
19	na	1.765196	0.009524	0.009524	0.009524	0.009524	0.066667	0.009524	0.009524	0.019048	0.009524	0.752381	0.009524	0.009524	0.009524	0.009524	0.009524	0.009524	0.009524	0.009524	0.009524	0.009524
20	na	2.235102	0.342857	0.009524	0.009524	0.009524	0.009524	0.009524	0.009524	0.009524	0.009524	0.009524	0.009524	0.009524	0.476190	0.009524	0.009524	0.009524	0.009524	0.019048	0.009524	0.009524
21	na	1.450829	0.009524	0.009524	0.009524	0.009524	0.009524	0.009524	0.009524	0.009524	0.009524	0.009524	0.009524	0.009524	0.009524	0.009524	0.009524	0.009524	0.009524	0.819048	0.009524	0.009524
22	na	2.190983	0.009524	0.009524	0.009524	0.009524	0.476190	0.009524	0.352381	0.009524	0.009524	0.009524	0.009524	0.009524	0.009524	0.009524	0.009524	0.009524	0.009524	0.009524	0.009524	0.009524
23	na	1.506643	0.809524	0.009524	0.009524	0.009524	0.009524	0.009524	0.009524	0.009524	0.009524	0.009524	0.009524	0.009524	0.009524	0.009524	0.009524	0.019048	0.009524	0.009524	0.009524	0.009524
24	na	2.190983	0.009524	0.009524	0.009524	0.009524	0.009524	0.009524	0.476190	0.009524	0.009524	0.009524	0.009524	0.009524	0.009524	0.009524	0.009524	0.352381	0.009524	0.009524	0.009524	0.009524
25	na	1.450829	0.009524	0.009524	0.009524	0.009524	0.009524	0.009524	0.009524	0.009524	0.009524	0.009524	0.009524	0.009524	0.819048	0.009524	0.009524	0.009524	0.009524	0.009524	0.009524	0.009524
26	na	2.239288	0.009524	0.009524	0.009524	0.466667	0.009524	0.009524	0.009524	0.009524	0.019048	0.009524	0.009524	0.009524	0.009524	0.352381	0.009524	0.009524	0.009524	0.009524	0.009524	0.009524
27	na	2.190983	0.009524	0.009524	0.009524	0.009524	0.009524	0.009524	0.009524	0.009524	0.009524	0.009524	0.009524	0.009524	0.352381	0.009524	0.009524	0.009524	0.476190	0.009524	0.009524	0.009524
28	na	1.506643	0.009524	0.009524	0.009524	0.009524	0.009524	0.009524	0.009524	0.009524	0.009524	0.809524	0.009524	0.009524	0.009524	0.009524	0.009524	0.009524	0.009524	0.019048	0.009524	0.009524
29	na	2.190983	0.009524	0.009524	0.009524	0.352381	0.009524	0.009524	0.009524	0.009524	0.009524	0.009524	0.009524	0.009524	0.009524	0.009524	0.009524	0.009524	0.009524	0.476190	0.009524	0.009524
30	na	2.190983	0.009524	0.009524	0.009524	0.009524	0.009524	0.009524	0.009524	0.009524	0.476190	0.009524	0.009524	0.009524	0.009524	0.352381	0.009524	0.009524	0.009524	0.009524	0.009524	0.009524
31	na	2.190983	0.009524	0.009524	0.009524	0.009524	0.009524	0.009524	0.009524	0.352381	0.009524	0.009524	0.009524	0.009524	0.009524	0.009524	0.009524	0.009524	0.009524	0.476190	0.009524	0.009524
32	na	1.450829	0.009524	0.009524	0.009524	0.009524	0.009524	0.009524	0.009524	0.009524	0.819048	0.009524	0.009524	0.009524	0.009524	0.009524	0.009524	0.009524	0.009524	0.009524	0.009524	0.009524
33	na	2.557430	0.009524	0.009524	0.466667	0.019048	0.009524	0.009524	0.009524	0.009524	0.009524	0.219048	0.009524	0.009524	0.019048	0.133333	0.009524	0.009524	0.009524	0.009524	0.009524	0.009524
34	na	2.190983	0.476190	0.009524	0.009524	0.009524	0.009524	0.009524	0.009524	0.009524	0.009524	0.009524	0.009524	0.009524	0.009524	0.009524	0.009524	0.352381	0.009524	0.009524	0.009524	0.009524
35	na	1.450829	0.009524	0.009524	0.009524	0.819048	0.009524	0.009524	0.009524	0.009524	0.009524	0.009524	0.009524	0.009524	0.009524	0.009524	0.009524	0.009524	0.009524	0.009524	0.009524	0.009524
36	na	2.239288	0.009524	0.009524	0.466667	0.009524	0.009524	0.009524	0.009524	0.009524	0.009524	0.009524	0.009524	0.019048	0.009524	0.009524	0.009524	0.352381	0.009524	0.009524	0.009524	0.009524
37	na	1.765196	0.009524	0.009524	0.009524	0.009524	0.009524	0.009524	0.009524	0.009524	0.066667	0.009524	0.009524	0.009524	0.009524	0.752381	0.019048	0.009524	0.009524	0.009524	0.009524	0.009524
38	na	1.562296	0.009524	0.009524	0.009524	0.009524	0.009524	0.009524	0.009524	0.009524	0.009524	0.800000	0.009524	0.009524	0.019048	0.009524	0.009524	0.009524	0.009524	0.019048	0.009524	0.009524
39	na	2.190983	0.009524	0.009524	0.009524	0.009524	0.009524	0.476190	0.009524	0.009524	0.009524	0.009524	0.009524	0.009524	0.009524	0.009524	0.009524	0.352381	0.009524	0.009524	0.009524	0.009524
40	na	2.239288	0.466667	0.009524	0.009524	0.009524	0.009524	0.352381	0.009524	0.009524	0.009524	0.009524	0.009524	0.009524	0.009524	0.009524	0.009524	0.019048	0.009524	0.009524	0.009524	0.009524
41	na	1.765196	0.009524	0.009524	0.009524	0.009524	0.009524	0.009524	0.009524	0.009524	0.009524	0.009524	0.009524	0.009524	0.009524	0.009524	0.752381	0.066667	0.019048	0.009524	0.009524	0.009524
42	na	1.506643	0.009524	0.009524	0.009524	0.009524	0.009524	0.009524	0.009524	0.009524	0.009524	0.009524	0.009524	0.009524	0.009524	0.009524	0.009524	0.019048	0.009524	0.809524	0.009524	0.009524
43	na	1.450829	0.009524	0.009524	0.009524	0.009524	0.009524	0.819048	0.009524	0.009524	0.009524	0.009524	0.009524	0.009524	0.009524	0.009524	0.009524	0.009524	0.009524	0.009524	0.009524	0.009524
44	na	2.190983	0.009524	0.009524	0.009524	0.009524	0.009524	0.009524	0.009524	0.009524	0.009524	0.009524	0.352381	0.009524	0.009524	0.009524	0.009524	0.009524	0.009524	0.009524	0.009524	0.476190
45	na	1.506643	0.009524	0.009524	0.009524	0.009524	0.009524	0.009524	0.009524	0.809524	0.009524	0.009524	0.009524	0.009524	0.009524	0.009524	0.009524	0.009524	0.009524	0.019048	0.009524	0.009524
46	na	1.450829	0.009524	0.009524	0.009524	0.819048	0.009524	0.009524	0.009524	0.009524	0.009524	0.009524	0.009524	0.009524	0.009524	0.009524	0.009524	0.009524	0.009524	0.009524	0.009524	0.009524
47	na	2.190983	0.009524	0.009524	0.009524	0.009524	0.009524	0.009524	0.009524	0.009524	0.009524	0.476190	0.352381	0.009524	0.009524	0.009524	0.009524	0.009524	0.009524	0.009524	0.009524	0.009524
48	na	1.450829	0.009524	0.009524	0.819048	0.009524	0.009524	0.009524	0.009524	0.009524	0.009524	0.009524	0.009524	0.009524	0.009524	0.009524	0.009524	0.009524	0.009524	0.009524	0.009524	0.009524
49	na	1.450829	0.009524	0.009524	0.009524	0.009524	0.009524	0.009524	0.009524	0.009524	0.009524	0.819048	0.009524	0.009524	0.009524	0.009524	0.009524	0.009524	0.009524	0.009524	0.009524	0.009524
50	na	2.190983	0.352381	0.009524	0.009524	0.009524	0.009524	0.009524	0.009524	0.009524	0.009524	0.009524	0.009524	0.476190	0.009524	0.009524	0.009524	0.009524	0.009524	0.009524	0.009524	0.009524
51	na	1.450829	0.009524	0.009524	0.009524	0.009524	0.009524	0.009524	0.009524	0.009524	0.009524	0.009524	0.009524	0.009524	0.009524	0.009524	0.009524	0.819048	0.009524	0.009524	0.009524	0.009524
52	na	1.450829	0.009524	0.009524	0.009524	0.009524	0.009524	0.819048	0.009524	0.009524	0.009524	0.009524	0.009524	0.009524	0.009524	0.009524	0.009524	0.009524	0.009524	0.009524	0.009524	0.009524
53	na	2.190983	0.009524	0.009524	0.009524	0.009524	0.009524	0.009524	0.009524	0.009524	0.476190	0.009524	0.009524	0.009524	0.009524	0.009524	0.352381	0.009524	0.009524	0.009524	0.009524	0.009524
54	na	2.190983	0.009524	0.009524	0.009524	0.009524	0.009524	0.009524	0.009524	0.476190	0.009524	0.009524	0.009524	0.009524	0.009524	0.009524	0.009524	0.009524	0.352381	0.009524	0.009524	0.009524
55	na	1.450829	0.009524	0.009524	0.009524	0.009524	0.009524	0.009524	0.009524	0.009524	0.009524	0.819048	0.009524	0.009524	0.009524	0.009524	0.009524	0.009524	0.009524	0.009524	0.009524	0.009524
56	na	2.190983	0.009524	0.009524	0.009524	0.476190	0.009524	0.009524	0.009524	0.009524	0.009524	0.009524	0.009524	0.009524	0.009524	0.009524	0.009524	0.009524	0.352381	0.009524	0.009524	0.009524
57	na	2.190983	0.352381	0.009524	0.009524	0.009524	0.009524	0.009524	0.009524	0.009524	0.009524	0.009524	0.009524	0.009524	0.009524	0.009524	0.009524	0.476190	0.009524	0.009524	0.009524	0.009524
58	na	2.235102	0.009524	0.009524	0.009524	0.009524	0.476190	0.009524	0.009524	0.009524	0.009524	0.009524	0.009524	0.009524	0.009524	0.009524	0.019048	0.009524	0.009524	0.009524	0.342857	0.009524
59	na	1.450829	0.009524	0.009524	0.009524	0.009524	0.009524	0.009524	0.009524	0.009524	0.009524	0.009524	0.009524	0.009524	0.009524	0.009524	0.819048	0.009524	0.009524	0.009524	0.009524	0.009524
60	na	2.190983	0.352381	0.009524	0.009524	0.009524	0.009524	0.009524	0.009524	0.009524	0.009524	0.009524	0.009524	0.009524	0.476190	0.009524	0.009524	0.009524	0.009524	0.009524	0.009524	0.009524
61	na	2.190983	0.009524	0.009524	0.352381	0.476190	0.009524	0.009524	0.009524	0.009524	0.009524	0.009524	0.009524	0.009524	0.009524	0.009524	0.009524	0.009524	0.009524	0.009524	0.009524	0.009524
62	na	1.506643	0.009524	0.009524	0.009524	0.809524	0.009524	0.009524	0.009524	0.009524	0.019048	0.009524	0.009524	0.009524	0.009524	0.009524	0.009524	0.009524	0.009524	0.009524	0.009524	0.009524
63	na	1.450829	0.009524	0.009524	0.009524	0.009524	0.009524	0.009524	0.009524	0.009524	0.009524	0.009524	0.009524	0.009524	0.009524	0.009524	0.819048	0.009524	0.009524	0.009524	0.009524	0.009524
64	na	1.450829	0.009524	0.009524	0.009524	0.009524	0.819048	0.009524	0.009524	0.009524	0.009524	0.009524	0.009524	0.009524	0.009524	0.009524	0.009524	0.009524	0.009524	0.009524	0.009524	0.009524
65	na	1.450829	0.009524	0.009524	0.009524	0.009524	0.009524	0.009524	0.009524	0.009524	0.009524	0.009524	0.009524	0.009524	0.819048	0.009524	0.009524	0.009524	0.009524	0.009524	0.009524	0.009524
66	na	1.450829	0.009524	0.009524	0.009524	0.009524	0.009524	0.009524	0.009524	0.009524	0.009524	0.009524	0.819048	0.009524	0.009524	0.009524	0.009524	0.009524	0.009524	0.009524	0.009524	0.009524
67	na	1.839283	0.009524	0.009524	0.009524	0.009524	0.009524	0.009524	0.009524	0.038095	0.009524	0.047619	0.742857	0.009524	0.009524	0.009524	0.009524	0.009524	0.009524	0.019048	0.009524	0.009524
68	na	1.450829	0.009524	0.009524	0.009524	0.009524	0.009524	0.009524	0.009524	0.009524	0.009524	0.009524	0.009524	0.009524	0.009524	0.009524	0.009524	0.819048	0.009524	0.009524	0.009524	0.009524
69	na	1.506643	0.019048	0.009524	0.009524	0.009524	0.009524	0.009524	0.009524	0.009524	0.009524	0.009524	0.009524	0.009524	0.009524	0.009524	0.009524	0.009524	0.809524	0.009524	0.009524	0.009524
70	na	1.450829	0.009524	0.009524	0.009524	0.009524	0.819048	0.009524	0.009524	0.009524	0.009524	0.009524	0.009524	0.009524	0.009524	0.009524	0.009524	0.009524	0.009524	0.009524	0.009524	0.009524
71	na	1.450829	0.009524	0.009524	0.009524	0.009524	0.009524	0.009524	0.009524	0.009524	0.819048	0.009524	0.009524	0.009524	0.009524	0.009524	0.009524	0.009524	0.009524	0.009524	0.009524	0.009524
72	na	1.450829	0.009524	0.009524	0.009524	0.009524	0.009524	0.009524	0.009524	0.009524	0.009524	0.009524	0.009524	0.009524	0.009524	0.009524	0.009524	0.009524	0.009524	0.819048	0.009524	0.009524
73	na	2.235102	0.009524	0.009524	0.009524	0.009524	0.009524	0.009524	0.009524	0.009524	0.009524	0.476190	0.019048	0.009524	0.009524	0.009524	0.009524	0.009524	0.009524	0.342857	0.009524	0.009524
74	na	1.450829	0.009524	0.009524	0.009524	0.009524	0.009524	0.009524	0.009524	0.009524	0.009524	0.819048	0.009524	0.009524	0.009524	0.009524	0.009524	0.009524	0.009524	0.009524	0.009524	0.009524
75	na	1.450829	0.009524	0.819048	0.009524	0.009524	0.009524	0.009524	0.009524	0.009524	0.009524	0.009524	0.009524	0.009524	0.009524	0.009524	0.009524	0.009524	0.009524	0.009524	0.009524	0.009524
76	na	1.450829	0.009524	0.009524	0.009524	0.009524	0.009524	0.819048	0.009524	0.009524	0.009524	0.009524	0.009524	0.009524	0.009524	0.009524	0.009524	0.009524	0.009524	0.009524	0.009524	0.009524
77	na	1.450829	0.819048	0.009524	0.009524	0.009524	0.009524	0.009524	0.009524	0.009524	0.009524	0.009524	0.009524	0.009524	0.009524	0.009524	0.009524	0.009524	0.009524	0.009524	0.009524	0.009524
78	na	1.506643	0.009524	0.009524	0.009524	0.019048	0.009524	0.009524	0.009524	0.009524	0.009524	0.009524	0.009524	0.009524	0.009524	0.009524	0.009524	0.009524	0.009524	0.809524	0.009524	0.009524
79	na	1.450829	0.009524	0.009524	0.009524	0.009524	0.009524	0.009524	0.009524	0.009524	0.009524	0.819048	0.009524	0.009524	0.009524	0.009524	0.009524	0.009524	0.009524	0.009524	0.009524	0.009524
80	na	2.190983	0.352381	0.009524	0.009524	0.009524	0.009524	0.009524	0.009524	0.009524	0.009524	0.009524	0.009524	0.009524	0.009524	0.009524	0.009524	0.476190	0.009524	0.009524	0.009524	0.009524
81	na	1.450829	0.009524	0.009524	0.009524	0.009524	0.009524	0.009524	0.009524	0.009524	0.009524	0.009524	0.009524	0.009524	0.009524	0.009524	0.819048	0.009524	0.009524	0.009524	0.009524	0.009524
82	na	1.598738	0.009524	0.009524	0.009524	0.009524	0.009524	0.009524	0.009524	0.038095	0.009524	0.009524	0.009524	0.009524	0.009524	0.009524	0.009524	0.009524	0.009524	0.790476	0.009524	0.009524
83	na	1.450829	0.009524	0.009524	0.819048	0.009524	0.009524	0.009524	0.009524	0.009524	0.009524	0.009524	0.009524	0.009524	0.009524	0.009524	0.009524	0.009524	0.009524	0.009524	0.009524	0.009524
84	na	1.450829	0.819048	0.009524	0.009524	0.009524	0.009524	0.009524	0.009524	0.009524	0.009524	0.009524	0.009524	0.009524	0.009524	0.009524	0.009524	0.009524	0.009524	0.009524	0.009524	0.009524
85	na	1.506643	0.009524	0.009524	0.019048	0.009524	0.009524	0.809524	0.009524	0.009524	0.009524	0.009524	0.009524	0.009524	0.009524	0.009524	0.009524	0.009524	0.009524	0.009524	0.009524	0.009524
86	na	2.190983	0.009524	0.009524	0.352381	0.009524	0.009524	0.009524	0.009524	0.009524	0.009524	0.009524	0.009524	0.009524	0.009524	0.476190	0.009524	0.009524	0.009524	0.009524	0.009524	0.009524
87	na	1.450829	0.009524	0.009524	0.009524	0.819048	0.009524	0.009524	0.009524	0.009524	0.009524	0.009524	0.009524	0.009524	0.009524	0.009524	0.009524	0.009524	0.009524	0.009524	0.009524	0.009524
88	na	1.450829	0.009524	0.009524	0.009524	0.009524	0.009524	0.009524	0.009524	0.009524	0.009524	0.009524	0.009524	0.009524	0.009524	0.819048	0.009524	0.009524	0.009524	0.009524	0.009524	0.009524
89	na	1.450829	0.009524	0.009524	0.009524	0.009524	0.009524	0.009524	0.009524	0.009524	0.009524	0.819048	0.009524	0.009524	0.009524	0.009524	0.009524	0.009524	0.009524	0.009524	0.009524	0.009524
90	na	2.190983	0.009524	0.009524	0.009524	0.352381	0.009524	0.476190	0.009524	0.009524	0.009524	0.009524	0.009524	0.009524	0.009524	0.009524	0.009524	0.009524	0.009524	0.009524	0.009524	0.009524
91	na	1.450829	0.009524	0.009524	0.009524	0.009524	0.009524	0.009524	0.009524	0.009524	0.009524	0.009524	0.009524	0.009524	0.009524	0.009524	0.819048	0.009524	0.009524	0.009524	0.009524	0.009524
92	na	2.190983	0.009524	0.009524	0.009524	0.009524	0.009524	0.009524	0.009524	0.009524	0.352381	0.009524	0.009524	0.009524	0.009524	0.009524	0.476190	0.009524	0.009524	0.009524	0.009524	0.009524
93	na	1.450829	0.009524	0.009524	0.009524	0.009524	0.009524	0.009524	0.009524	0.819048	0.009524	0.009524	0.009524	0.009524	0.009524	0.009524	0.009524	0.009524	0.009524	0.009524	0.009524	0.009524
94	na	1.450829	0.009524	0.009524	0.009524	0.009524	0.009524	0.009524	0.819048	0.009524	0.009524	0.009524	0.009524	0.009524	0.009524	0.009524	0.009524	0.009524	0.009524	0.009524	0.009524	0.009524
95	na	1.450829	0.009524	0.009524	0.009524	0.009524	0.009524	0.009524	0.009524	0.009524	0.009524	0.009524	0.009524	0.009524	0.009524	0.009524	0.009524	0.009524	0.009524	0.009524	0.009524	0.819048
96	na	2.186522	0.009524	0.009524	0.009524	0.009524	0.009524	0.009524	0.009524	0.009524	0.009524	0.009524	0.009524	0.009524	0.009524	0.009524	0.342857	0.485714	0.009524	0.009524	0.009524	0.009524
97	na	1.555107	0.009524	0.009524	0.009524	0.009524	0.009524	0.009524	0.009524	0.009524	0.009524	0.009524	0.009524	0.009524	0.009524	0.800000	0.028571	0.009524	0.009524	0.009524	0.009524	0.009524
98	na	2.280123	0.009524	0.009524	0.009524	0.009524	0.009524	0.009524	0.009524	0.009524	0.009524	0.009524	0.009524	0.457143	0.009524	0.352381	0.009524	0.028571	0.009524	0.009524	0.009524	0.009524
99	na	1.450829	0.009524	0.009524	0.819048	0.009524	0.009524	0.009524	0.009524	0.009524	0.009524	0.009524	0.009524	0.009524	0.009524	0.009524	0.009524	0.009524	0.009524	0.009524	0.009524	0.009524
100	na	1.506643	0.009524	0.009524	0.009524	0.009524	0.009524	0.009524	0.009524	0.009524	0.009524	0.809524	0.009524	0.009524	0.009524	0.009524	0.009524	0.009524	0.009524	0.019048	0.009524	0.009524
101	na	1.450829	0.009524	0.009524	0.009524	0.009524	0.009524	0.009524	0.009524	0.009524	0.009524	0.009524	0.009524	0.009524	0.009524	0.009524	0.009524	0.009524	0.009524	0.819048	0.009524	0.009524
102	na	2.630170	0.009524	0.009524	0.342857	0.304762	0.009524	0.019048	0.009524	0.009524	0.180952	0.009524	0.009524	0.009524	0.009524	0.009524	0.009524	0.009524	0.009524	0.009524	0.009524	0.009524
103	na	1.450829	0.009524	0.009524	0.009524	0.009524	0.009524	0.009524	0.009524	0.009524	0.009524	0.009524	0.009524	0.009524	0.009524	0.009524	0.009524	0.009524	0.009524	0.009524	0.009524	0.819048
104	na	1.450829	0.009524	0.009524	0.009524	0.009524	0.009524	0.009524	0.009524	0.009524	0.009524	0.009524	0.009524	0.009524	0.009524	0.009524	0.009524	0.819048	0.009524	0.009524	0.009524	0.009524
105	na	1.450829	0.009524	0.009524	0.009524	0.009524	0.009524	0.009524	0.009524	0.009524	0.009524	0.009524	0.009524	0.009524	0.819048	0.009524	0.009524	0.009524	0.009524	0.009524	0.009524	0.009524
106	na	1.450829	0.009524	0.009524	0.009524	0.009524	0.009524	0.009524	0.009524	0.009524	0.009524	0.009524	0.009524	0.009524	0.009524	0.009524	0.009524	0.009524	0.009524	0.819048	0.009524	0.009524
107	na	2.190983	0.009524	0.009524	0.009524	0.009524	0.009524	0.009524	0.009524	0.009524	0.009524	0.009524	0.009524	0.009524	0.009524	0.009524	0.009524	0.352381	0.476190	0.009524	0.009524	0.009524
108	na	1.450829	0.009524	0.009524	0.009524	0.819048	0.009524	0.009524	0.009524	0.009524	0.009524	0.009524	0.009524	0.009524	0.009524	0.009524	0.009524	0.009524	0.009524	0.009524	0.009524	0.009524
109	na	1.450829	0.009524	0.009524	0.009524	0.009524	0.009524	0.009524	0.009524	0.009524	0.819048	0.009524	0.009524	0.009524	0.009524	0.009524	0.009524	0.009524	0.009524	0.009524	0.009524	0.009524
110	na	1.506643	0.009524	0.009524	0.009524	0.009524	0.009524	0.009524	0.809524	0.009524	0.009524	0.009524	0.009524	0.009524	0.009524	0.009524	0.009524	0.009524	0.009524	0.009524	0.009524	0.019048
111	na	1.450829	0.009524	0.009524	0.009524	0.009524	0.009524	0.009524	0.009524	0.009524	0.009524	0.819048	0.009524	0.009524	0.009524	0.009524	0.009524	0.009524	0.009524	0.009524	0.009524	0.009524
112	na	2.190983	0.352381	0.009524	0.009524	0.009524	0.009524	0.009524	0.009524	0.009524	0.009524	0.009524	0.009524	0.009524	0.009524	0.009524	0.009524	0.009524	0.476190	0.009524	0.009524	0.009524
113	na	1.450829	0.009524	0.009524	0.819048	0.009524	0.009524	0.009524	0.009524	0.009524	0.009524	0.009524	0.009524	0.009524	0.009524	0.009524	0.009524	0.009524	0.009524	0.009524	0.009524	0.009524
114	na	1.450829	0.009524	0.009524	0.009524	0.009524	0.009524	0.819048	0.009524	0.009524	0.009524	0.009524	0.009524	0.009524	0.009524	0.009524	0.009524	0.009524	0.009524	0.009524	0.009524	0.009524
115	na	1.450829	0.009524	0.009524	0.009524	0.009524	0.009524	0.009524	0.009524	0.009524	0.009524	0.009524	0.819048	0.009524	0.009524	0.009524	0.009524	0.009524	0.009524	0.009524	0.009524	0.009524
116	na	1.450829	0.009524	0.009524	0.009524	0.009524	0.009524	0.009524	0.009524	0.009524	0.009524	0.009524	0.009524	0.009524	0.009524	0.009524	0.009524	0.009524	0.819048	0.009524	0.009524	0.009524
117	na	1.506643	0.009524	0.009524	0.009524	0.009524	0.009524	0.009524	0.009524	0.019048	0.009524	0.009524	0.009524	0.009524	0.009524	0.009524	0.009524	0.009524	0.009524	0.809524	0.009524	0.009524
118	na	2.190983	0.009524	0.009524	0.009524	0.009524	0.009524	0.352381	0.009524	0.009524	0.009524	0.009524	0.009524	0.009524	0.009524	0.009524	0.476190	0.009524	0.009524	0.009524	0.009524	0.009524
119	na	1.450829	0.009524	0.009524	0.009524	0.819048	0.009524	0.009524	0.009524	0.009524	0.009524	0.009524	0.009524	0.009524	0.009524	0.009524	0.009524	0.009524	0.009524	0.009524	0.009524	0.009524
120	na	1.450829	0.009524	0.009524	0.009524	0.009524	0.009524	0.009524	0.009524	0.009524	0.009524	0.819048	0.009524	0.009524	0.009524	0.009524	0.009524	0.009524	0.009524	0.009524	0.009524	0.009524
121	na	1.506643	0.009524	0.809524	0.009524	0.009524	0.009524	0.009524	0.009524	0.009524	0.009524	0.009524	0.009524	0.009524	0.009524	0.009524	0.019048	0.009524	0.009524	0.009524	0.009524	0.009524
122	na	2.190983	0.352381	0.009524	0.009524	0.009524	0.009524	0.009524	0.009524	0.009524	0.009524	0.009524	0.009524	0.009524	0.009524	0.009524	0.009524	0.476190	0.009524	0.009524	0.009524	0.009524
123	na	1.450829	0.819048	0.009524	0.009524	0.009524	0.009524	0.009524	0.009524	0.009524	0.009524	0.009524	0.009524	0.009524	0.009524	0.009524	0.009524	0.009524	0.009524	0.009524	0.009524	0.009524
124	na	1.450829	0.819048	0.009524	0.009524	0.009524	0.009524	0.009524	0.009524	0.009524	0.009524	0.009524	0.009524	0.009524	0.009524	0.009524	0.009524	0.009524	0.009524	0.009524	0.009524	0.009524
125	na	1.506643	0.009524	0.009524	0.009524	0.009524	0.009524	0.009524	0.009524	0.809524	0.009524	0.009524	0.009524	0.009524	0.009524	0.009524	0.009524	0.009524	0.009524	0.019048	0.009524	0.009524
126	na	1.450829	0.009524	0.009524	0.009524	0.009524	0.009524	0.009524	0.009524	0.009524	0.009524	0.009524	0.009524	0.009524	0.009524	0.009524	0.009524	0.009524	0.819048	0.009524	0.009524	0.009524
127	na	1.598738	0.009524	0.009524	0.009524	0.009524	0.009524	0.009524	0.009524	0.009524	0.009524	0.009524	0.790476	0.009524	0.009524	0.009524	0.009524	0.009524	0.009524	0.038095	0.009524	0.009524
128	na	1.562296	0.009524	0.009524	0.009524	0.009524	0.009524	0.019048	0.009524	0.009524	0.009524	0.009524	0.009524	0.009524	0.009524	0.009524	0.009524	0.800000	0.019048	0.009524	0.009524	0.009524
129	na	1.450829	0.009524	0.009524	0.819048	0.009524	0.009524	0.009524	0.009524	0.009524	0.009524	0.009524	0.009524	0.009524	0.009524	0.009524	0.009524	0.009524	0.009524	0.009524	0.009524	0.009524
130	na	1.450829	0.009524	0.009524	0.009524	0.009524	0.009524	0.009524	0.009524	0.009524	0.009524	0.009524	0.009524	0.819048	0.009524	0.009524	0.009524	0.009524	0.009524	0.009524	0.009524	0.009524
131	na	2.190983	0.009524	0.009524	0.009524	0.009524	0.009524	0.009524	0.009524	0.009524	0.009524	0.009524	0.009524	0.009524	0.009524	0.009524	0.009524	0.352381	0.476190	0.009524	0.009524	0.009524
132	na	1.450829	0.819048	0.009524	0.009524	0.009524	0.009524	0.009524	0.009524	0.009524	0.009524	0.009524	0.009524	0.009524	0.009524	0.009524	0.009524	0.009524	0.009524	0.009524	0.009524	0.009524
133	na	1.450829	0.819048	0.009524	0.009524	0.009524	0.009524	0.009524	0.009524	0.009524	0.009524	0.009524	0.009524	0.009524	0.009524	0.009524	0.009524	0.009524	0.009524	0.009524	0.009524	0.009524
134	na	1.506643	0.009524	0.009524	0.009524	0.009524	0.009524	0.009524	0.019048	0.009524	0.009524	0.009524	0.009524	0.809524	0.009524	0.009524	0.009524	0.009524	0.009524	0.009524	0.009524	0.009524
135	na	1.506643	0.009524	0.009524	0.009524	0.009524	0.009524	0.009524	0.009524	0.019048	0.009524	0.809524	0.009524	0.009524	0.009524	0.009524	0.009524	0.009524	0.009524	0.009524	0.009524	0.009524
136	na	1.506643	0.009524	0.009524	0.009524	0.009524	0.019048	0.009524	0.009524	0.009524	0.009524	0.809524	0.009524	0.009524	0.009524	0.009524	0.009524	0.009524	0.009524	0.009524	0.009524	0.009524
137	na	1.450829	0.009524	0.009524	0.009524	0.009524	0.009524	0.009524	0.009524	0.009524	0.009524	0.819048	0.009524	0.009524	0.009524	0.009524	0.009524	0.009524	0.009524	0.009524	0.009524	0.009524
138	na	2.190983	0.352381	0.009524	0.009524	0.009524	0.009524	0.009524	0.009524	0.009524	0.009524	0.009524	0.009524	0.009524	0.009524	0.009524	0.009524	0.009524	0.476190	0.009524	0.009524	0.009524
139	na	1.506643	0.009524	0.009524	0.009524	0.009524	0.009524	0.009524	0.009524	0.019048	0.009524	0.009524	0.009524	0.009524	0.009524	0.009524	0.009524	0.009524	0.809524	0.009524	0.009524	0.009524
140	na	2.235102	0.009524	0.009524	0.009524	0.009524	0.019048	0.009524	0.009524	0.476190	0.009524	0.009524	0.009524	0.009524	0.009524	0.009524	0.009524	0.009524	0.009524	0.342857	0.009524	0.009524
141	na	1.450829	0.009524	0.009524	0.009524	0.009524	0.009524	0.819048	0.009524	0.009524	0.009524	0.009524	0.009524	0.009524	0.009524	0.009524	0.009524	0.009524	0.009524	0.009524	0.009524	0.009524
142	na	1.450829	0.009524	0.009524	0.009524	0.009524	0.009524	0.819048	0.009524	0.009524	0.009524	0.009524	0.009524	0.009524	0.009524	0.009524	0.009524	0.009524	0.009524	0.009524	0.009524	0.009524
143	na	1.506643	0.009524	0.009524	0.009524	0.009524	0.009524	0.009524	0.009524	0.009524	0.009524	0.009524	0.009524	0.009524	0.809524	0.009524	0.009524	0.019048	0.009524	0.009524	0.009524	0.009524
144	na	2.351441	0.323810	0.009524	0.009524	0.009524	0.009524	0.009524	0.009524	0.009524	0.466667	0.009524	0.009524	0.009524	0.009524	0.019048	0.009524	0.009524	0.009524	0.038095	0.009524	0.009524
145	na	2.190983	0.009524	0.009524	0.009524	0.476190	0.009524	0.352381	0.009524	0.009524	0.009524	0.009524	0.009524	0.009524	0.009524	0.009524	0.009524	0.009524	0.009524	0.009524	0.009524	0.009524
146	na	1.450829	0.009524	0.009524	0.009524	0.009524	0.009524	0.009524	0.009524	0.009524	0.009524	0.819048	0.009524	0.009524	0.009524	0.009524	0.009524	0.009524	0.009524	0.009524	0.009524	0.009524
147	na	1.450829	0.009524	0.009524	0.009524	0.009524	0.009524	0.009524	0.009524	0.009524	0.009524	0.009524	0.009524	0.009524	0.009524	0.009524	0.009524	0.009524	0.819048	0.009524	0.009524	0.009524
148	na	1.450829	0.819048	0.009524	0.009524	0.009524	0.009524	0.009524	0.009524	0.009524	0.009524	0.009524	0.009524	0.009524	0.009524	0.009524	0.009524	0.009524	0.009524	0.009524	0.009524	0.009524
149	na	1.506643	0.009524	0.009524	0.009524	0.009524	0.809524	0.009524	0.009524	0.009524	0.009524	0.009524	0.009524	0.009524	0.009524	0.009524	0.009524	0.019048	0.009524	0.009524	0.009524	0.009524
150	na	1.450829	0.009524	0.009524	0.009524	0.009524	0.009524	0.009524	0.009524	0.009524	0.009524	0.819048	0.009524	0.009524	0.009524	0.009524	0.009524	0.009524	0.009524	0.009524	0.009524	0.009524
151	na	2.190983	0.009524	0.009524	0.009524	0.009524	0.009524	0.009524	0.476190	0.009524	0.009524	0.009524	0.009524	0.009524	0.009524	0.009524	0.352381	0.009524	0.009524	0.009524	0.009524	0.009524
152	na	2.235102	0.009524	0.009524	0.009524	0.019048	0.009524	0.009524	0.009524	0.009524	0.009524	0.009524	0.009524	0.476190	0.009524	0.342857	0.009524	0.009524	0.009524	0.009524	0.009524	0.009524
153	na	2.190983	0.009524	0.009524	0.009524	0.009524	0.009524	0.009524	0.009524	0.352381	0.009524	0.009524	0.476190	0.009524	0.009524	0.009524	0.009524	0.009524	0.009524	0.009524	0.009524	0.009524
154	na	1.562296	0.009524	0.009524	0.019048	0.009524	0.009524	0.800000	0.009524	0.009524	0.009524	0.009524	0.009524	0.009524	0.009524	0.009524	0.019048	0.009524	0.009524	0.009524	0.009524	0.009524
155	na	1.450829	0.009524	0.009524	0.819048	0.009524	0.009524	0.009524	0.009524	0.009524	0.009524	0.009524	0.009524	0.009524	0.009524	0.009524	0.009524	0.009524	0.009524	0.009524	0.009524	0.009524
156	na	2.190983	0.009524	0.009524	0.009524	0.009524	0.009524	0.009524	0.476190	0.009524	0.009524	0.009524	0.009524	0.352381	0.009524	0.009524	0.009524	0.009524	0.009524	0.009524	0.009524	0.009524
157	na	1.450829	0.009524	0.009524	0.009524	0.009524	0.009524	0.009524	0.009524	0.009524	0.009524	0.009524	0.009524	0.009524	0.009524	0.009524	0.009524	0.009524	0.009524	0.819048	0.009524	0.009524
158	na	1.450829	0.009524	0.009524	0.009524	0.009524	0.009524	0.009524	0.009524	0.009524	0.009524	0.009524	0.009524	0.009524	0.009524	0.009524	0.009524	0.009524	0.819048	0.009524	0.009524	0.009524
159	na	1.450829	0.009524	0.009524	0.009524	0.009524	0.009524	0.009524	0.009524	0.009524	0.009524	0.009524	0.009524	0.009524	0.009524	0.009524	0.819048	0.009524	0.009524	0.009524	0.009524	0.009524
160	na	1.450829	0.009524	0.009524	0.009524	0.009524	0.009524	0.009524	0.009524	0.009524	0.009524	0.819048	0.009524	0.009524	0.009524	0.009524	0.009524	0.009524	0.009524	0.009524	0.009524	0.009524
161	na	1.506643	0.009524	0.009524	0.809524	0.009524	0.009524	0.009524	0.019048	0.009524	0.009524	0.009524	0.009524	0.009524	0.009524	0.009524	0.009524	0.009524	0.009524	0.009524	0.009524	0.009524
162	na	2.188336	0.009524	0.047619	0.009524	0.009524	0.009524	0.009524	0.047619	0.009524	0.009524	0.009524	0.009524	0.009524	0.009524	0.009524	0.647619	0.104762	0.009524	0.009524	0.009524	0.009524
163	na	1.610596	0.009524	0.009524	0.009524	0.009524	0.009524	0.009524	0.009524	0.009524	0.009524	0.019048	0.009524	0.009524	0.009524	0.009524	0.028571	0.009524	0.009524	0.009524	0.790476	0.009524
164	na	1.506643	0.009524	0.009524	0.009524	0.809524	0.009524	0.019048	0.009524	0.009524	0.009524	0.009524	0.009524	0.009524	0.009524	0.009524	0.009524	0.009524	0.009524	0.009524	0.009524	0.009524
165	na	2.190983	0.009524	0.009524	0.009524	0.009524	0.009524	0.009524	0.009524	0.009524	0.009524	0.009524	0.009524	0.009524	0.476190	0.009524	0.009524	0.009524	0.352381	0.009524	0.009524	0.009524
166	na	1.506643	0.009524	0.009524	0.009524	0.809524	0.009524	0.009524	0.009524	0.009524	0.019048	0.009524	0.009524	0.009524	0.009524	0.009524	0.009524	0.009524	0.009524	0.009524	0.009524	0.009524
167	na	1.450829	0.009524	0.009524	0.009524	0.009524	0.009524	0.009524	0.009524	0.009524	0.009524	0.819048	0.009524	0.009524	0.009524	0.009524	0.009524	0.009524	0.009524	0.009524	0.009524	0.009524
168	na	1.506643	0.009524	0.009524	0.009524	0.009524	0.009524	0.009524	0.009524	0.009524	0.009524	0.009524	0.009524	0.809524	0.009524	0.009524	0.009524	0.009524	0.019048	0.009524	0.009524	0.009524
169	na	1.450829	0.009524	0.009524	0.009524	0.819048	0.009524	0.009524	0.009524	0.009524	0.009524	0.009524	0.009524	0.009524	0.009524	0.009524	0.009524	0.009524	0.009524	0.009524	0.009524	0.009524
170	na	1.450829	0.819048	0.009524	0.009524	0.009524	0.009524	0.009524	0.009524	0.009524	0.009524	0.009524	0.009524	0.009524	0.009524	0.009524	0.009524	0.009524	0.009524	0.009524	0.009524	0.009524
171	na	2.190983	0.009524	0.009524	0.009524	0.009524	0.009524	0.009524	0.009524	0.476190	0.009524	0.352381	0.009524	0.009524	0.009524	0.009524	0.009524	0.009524	0.009524	0.009524	0.009524	0.009524
172	na	1.450829	0.009524	0.009524	0.009524	0.009524	0.009524	0.009524	0.009524	0.009524	0.009524	0.009524	0.009524	0.009524	0.819048	0.009524	0.009524	0.009524	0.009524	0.009524	0.009524	0.009524
173	na	2.316003	0.009524	0.009524	0.009524	0.009524	0.009524	0.352381	0.038095	0.009524	0.009524	0.009524	0.009524	0.447619	0.009524	0.009524	0.009524	0.009524	0.009524	0.009524	0.009524	0.009524
174	na	1.450829	0.009524	0.009524	0.819048	0.009524	0.009524	0.009524	0.009524	0.009524	0.009524	0.009524	0.009524	0.009524	0.009524	0.009524	0.009524	0.009524	0.009524	0.009524	0.009524	0.009524
175	na	2.190983	0.352381	0.009524	0.009524	0.476190	0.009524	0.009524	0.009524	0.009524	0.009524	0.009524	0.009524	0.009524	0.009524	0.009524	0.009524	0.009524	0.009524	0.009524	0.009524	0.009524
176	na	1.506643	0.019048	0.009524	0.009524	0.009524	0.009524	0.009524	0.009524	0.009524	0.009524	0.009524	0.009524	0.009524	0.009524	0.009524	0.809524	0.009524	0.009524	0.009524	0.009524	0.009524
177	na	1.506643	0.009524	0.009524	0.809524	0.019048	0.009524	0.009524	0.009524	0.009524	0.009524	0.009524	0.009524	0.009524	0.009524	0.009524	0.009524	0.009524	0.009524	0.009524	0.009524	0.009524
178	na	1.450829	0.009524	0.009524	0.009524	0.009524	0.009524	0.009524	0.009524	0.009524	0.009524	0.009524	0.009524	0.009524	0.009524	0.009524	0.009524	0.009524	0.819048	0.009524	0.009524	0.009524
179	na	1.450829	0.009524	0.009524	0.009524	0.009524	0.009524	0.009524	0.009524	0.009524	0.009524	0.009524	0.009524	0.009524	0.009524	0.009524	0.009524	0.009524	0.819048	0.009524	0.009524	0.009524
180	na	2.190983	0.009524	0.009524	0.009524	0.009524	0.009524	0.009524	0.009524	0.009524	0.009524	0.009524	0.352381	0.009524	0.009524	0.009524	0.009524	0.009524	0.476190	0.009524	0.009524	0.009524
181	na	1.450829	0.009524	0.009524	0.009524	0.009524	0.009524	0.009524	0.009524	0.009524	0.009524	0.009524	0.009524	0.009524	0.819048	0.009524	0.009524	0.009524	0.009524	0.009524	0.009524	0.009524
182	na	1.638732	0.780952	0.009524	0.009524	0.009524	0.009524	0.009524	0.009524	0.009524	0.009524	0.009524	0.009524	0.009524	0.009524	0.009524	0.009524	0.009524	0.009524	0.047619	0.009524	0.009524
183	na	2.239288	0.466667	0.009524	0.009524	0.009524	0.009524	0.009524	0.009524	0.009524	0.009524	0.009524	0.009524	0.009524	0.019048	0.009524	0.009524	0.352381	0.009524	0.009524	0.009524	0.009524
184	na	1.598738	0.009524	0.009524	0.009524	0.009524	0.009524	0.009524	0.009524	0.009524	0.009524	0.009524	0.790476	0.009524	0.009524	0.009524	0.009524	0.009524	0.009524	0.038095	0.009524	0.009524
185	na	1.506643	0.809524	0.009524	0.009524	0.009524	0.009524	0.009524	0.009524	0.009524	0.009524	0.009524	0.009524	0.009524	0.009524	0.009524	0.009524	0.009524	0.019048	0.009524	0.009524	0.009524
186	na	2.239288	0.352381	0.009524	0.009524	0.009524	0.009524	0.009524	0.009524	0.009524	0.009524	0.009524	0.009524	0.019048	0.009524	0.009524	0.009524	0.009524	0.466667	0.009524	0.009524	0.009524
187	na	1.450829	0.009524	0.009524	0.009524	0.009524	0.009524	0.009524	0.009524	0.009524	0.009524	0.009524	0.009524	0.009524	0.009524	0.009524	0.009524	0.009524	0.819048	0.009524	0.009524	0.009524
188	na	1.450829	0.009524	0.009524	0.009524	0.009524	0.009524	0.009524	0.009524	0.009524	0.009524	0.819048	0.009524	0.009524	0.009524	0.009524	0.009524	0.009524	0.009524	0.009524	0.009524	0.009524
189	na	1.450829	0.009524	0.009524	0.009524	0.009524	0.009524	0.009524	0.009524	0.009524	0.009524	0.009524	0.009524	0.009524	0.009524	0.009524	0.819048	0.009524	0.009524	0.009524	0.009524	0.009524
190	na	1.506643	0.009524	0.009524	0.009524	0.009524	0.009524	0.009524	0.009524	0.009524	0.809524	0.009524	0.009524	0.009524	0.009524	0.009524	0.009524	0.009524	0.019048	0.009524	0.009524	0.009524
191	na	1.450829	0.009524	0.009524	0.009524	0.009524	0.009524	0.009524	0.009524	0.009524	0.009524	0.819048	0.009524	0.009524	0.009524	0.009524	0.009524	0.009524	0.009524	0.009524	0.009524	0.009524
192	na	1.450829	0.009524	0.009524	0.009524	0.009524	0.009524	0.009524	0.009524	0.009524	0.009524	0.819048	0.009524	0.009524	0.009524	0.009524	0.009524	0.009524	0.009524	0.009524	0.009524	0.009524
193	na	1.450829	0.009524	0.009524	0.009524	0.009524	0.009524	0.009524	0.009524	0.009524	0.009524	0.009524	0.009524	0.009524	0.009524	0.009524	0.009524	0.009524	0.819048	0.009524	0.009524	0.009524
194	na	2.290561	0.009524	0.009524	0.019048	0.009524	0.009524	0.447619	0.009524	0.009524	0.009524	0.009524	0.009524	0.009524	0.009524	0.009524	0.009524	0.361905	0.009524	0.019048	0.009524	0.009524
195	na	2.190983	0.009524	0.009524	0.009524	0.476190	0.009524	0.009524	0.009524	0.009524	0.009524	0.009524	0.009524	0.009524	0.009524	0.352381	0.009524	0.009524	0.009524	0.009524	0.009524	0.009524
196	na	2.190983	0.009524	0.009524	0.009524	0.009524	0.009524	0.009524	0.009524	0.009524	0.009524	0.476190	0.009524	0.009524	0.009524	0.009524	0.352381	0.009524	0.009524	0.009524	0.009524	0.009524
197	na	1.450829	0.009524	0.009524	0.009524	0.009524	0.009524	0.009524	0.009524	0.009524	0.009524	0.819048	0.009524	0.009524	0.009524	0.009524	0.009524	0.009524	0.009524	0.009524	0.009524	0.009524
198	na	2.190983	0.009524	0.009524	0.009524	0.009524	0.009524	0.009524	0.009524	0.009524	0.009524	0.009524	0.009524	0.009524	0.009524	0.009524	0.009524	0.352381	0.476190	0.009524	0.009524	0.009524
199	na	2.190983	0.352381	0.009524	0.009524	0.009524	0.009524	0.009524	0.009524	0.009524	0.009524	0.476190	0.009524	0.009524	0.009524	0.009524	0.009524	0.009524	0.009524	0.009524	0.009524	0.009524
200	na	2.190983	0.476190	0.009524	0.009524	0.009524	0.009524	0.009524	0.009524	0.009524	0.009524	0.009524	0.009524	0.009524	0.009524	0.009524	0.352381	0.009524	0.009524	0.009524	0.009524	0.009524
201	na	1.450829	0.009524	0.009524	0.009524	0.009524	0.009524	0.009524	0.009524	0.009524	0.009524	0.009524	0.009524	0.009524	0.009524	0.009524	0.009524	0.819048	0.009524	0.009524	0.009524	0.009524
202	na	2.190983	0.009524	0.009524	0.009524	0.009524	0.009524	0.009524	0.009524	0.009524	0.009524	0.009524	0.009524	0.009524	0.009524	0.352381	0.476190	0.009524	0.009524	0.009524	0.009524	0.009524
203	na	2.239288	0.009524	0.009524	0.009524	0.009524	0.009524	0.009524	0.009524	0.009524	0.009524	0.009524	0.009524	0.009524	0.019048	0.466667	0.352381	0.009524	0.009524	0.009524	0.009524	0.009524
204	na	1.562296	0.009524	0.009524	0.009524	0.009524	0.009524	0.009524	0.019048	0.009524	0.009524	0.009524	0.009524	0.009524	0.009524	0.800000	0.019048	0.009524	0.009524	0.009524	0.009524	0.009524
205	na	1.450829	0.009524	0.009524	0.009524	0.009524	0.009524	0.009524	0.009524	0.009524	0.009524	0.819048	0.009524	0.009524	0.009524	0.009524	0.009524	0.009524	0.009524	0.009524	0.009524	0.009524
206	na	2.190983	0.009524	0.009524	0.009524	0.009524	0.009524	0.009524	0.009524	0.476190	0.009524	0.352381	0.009524	0.009524	0.009524	0.009524	0.009524	0.009524	0.009524	0.009524	0.009524	0.009524
207	na	2.190983	0.009524	0.009524	0.476190	0.009524	0.009524	0.009524	0.009524	0.009524	0.009524	0.009524	0.009524	0.009524	0.009524	0.352381	0.009524	0.009524	0.009524	0.009524	0.009524	0.009524
208	na	1.450829	0.009524	0.009524	0.009524	0.009524	0.009524	0.009524	0.009524	0.009524	0.009524	0.009524	0.009524	0.009524	0.009524	0.009524	0.009524	0.009524	0.009524	0.009524	0.819048	0.009524
209	na	1.450829	0.009524	0.009524	0.009524	0.009524	0.009524	0.009524	0.009524	0.009524	0.009524	0.009524	0.819048	0.009524	0.009524	0.009524	0.009524	0.009524	0.009524	0.009524	0.009524	0.009524
210	na	2.201684	0.009615	0.009615	0.009615	0.471154	0.009615	0.009615	0.009615	0.009615	0.009615	0.009615	0.009615	0.009615	0.009615	0.009615	0.009615	0.009615	0.009615	0.355769	0.009615	0.009615
211	na	2.235102	0.476190	0.009524	0.342857	0.019048	0.009524	0.009524	0.009524	0.009524	0.009524	0.009524	0.009524	0.009524	0.009524	0.009524	0.009524	0.009524	0.009524	0.009524	0.009524	0.009524
212	na	1.450829	0.009524	0.009524	0.819048	0.009524	0.009524	0.009524	0.009524	0.009524	0.009524	0.009524	0.009524	0.009524	0.009524	0.009524	0.009524	0.009524	0.009524	0.009524	0.009524	0.009524
213	na	2.235102	0.009524	0.009524	0.009524	0.009524	0.009524	0.019048	0.009524	0.009524	0.476190	0.009524	0.009524	0.009524	0.009524	0.009524	0.342857	0.009524	0.009524	0.009524	0.009524	0.009524
214	na	1.450829	0.009524	0.009524	0.009524	0.009524	0.009524	0.009524	0.009524	0.009524	0.009524	0.009524	0.009524	0.009524	0.009524	0.009524	0.009524	0.009524	0.009524	0.819048	0.009524	0.009524
215	na	1.450829	0.819048	0.009524	0.009524	0.009524	0.009524	0.009524	0.009524	0.009524	0.009524	0.009524	0.009524	0.009524	0.009524	0.009524	0.009524	0.009524	0.009524	0.009524	0.009524	0.009524
216	na	1.450829	0.009524	0.009524	0.009524	0.009524	0.009524	0.819048	0.009524	0.009524	0.009524	0.009524	0.009524	0.009524	0.009524	0.009524	0.009524	0.009524	0.009524	0.009524	0.009524	0.009524
217	na	1.450829	0.009524	0.009524	0.009524	0.009524	0.009524	0.009524	0.009524	0.009524	0.009524	0.009524	0.009524	0.009524	0.819048	0.009524	0.009524	0.009524	0.009524	0.009524	0.009524	0.009524
218	na	1.555107	0.009524	0.009524	0.009524	0.009524	0.009524	0.009524	0.009524	0.028571	0.009524	0.800000	0.009524	0.009524	0.009524	0.009524	0.009524	0.009524	0.009524	0.009524	0.009524	0.009524
219	na	2.239288	0.009524	0.009524	0.009524	0.009524	0.009524	0.009524	0.009524	0.352381	0.009524	0.466667	0.019048	0.009524	0.009524	0.009524	0.009524	0.009524	0.009524	0.009524	0.009524	0.009524
220	na	1.450829	0.009524	0.009524	0.009524	0.009524	0.009524	0.009524	0.009524	0.009524	0.009524	0.009524	0.009524	0.009524	0.009524	0.009524	0.819048	0.009524	0.009524	0.009524	0.009524	0.009524
221	na	1.450829	0.009524	0.009524	0.009524	0.009524	0.009524	0.009524	0.009524	0.009524	0.009524	0.009524	0.009524	0.009524	0.009524	0.009524	0.009524	0.819048	0.009524	0.009524	0.009524	0.009524
222	na	2.194798	0.466667	0.009524	0.009524	0.009524	0.009524	0.009524	0.009524	0.009524	0.009524	0.009524	0.009524	0.009524	0.009524	0.009524	0.009524	0.009524	0.009524	0.361905	0.009524	0.009524
223	na	1.450829	0.009524	0.009524	0.009524	0.009524	0.009524	0.009524	0.009524	0.009524	0.009524	0.819048	0.009524	0.009524	0.009524	0.009524	0.009524	0.009524	0.009524	0.009524	0.009524	0.009524
224	na	1.450829	0.009524	0.009524	0.009524	0.009524	0.009524	0.009524	0.009524	0.009524	0.009524	0.009524	0.009524	0.009524	0.819048	0.009524	0.009524	0.009524	0.009524	0.009524	0.009524	0.009524
225	na	1.450829	0.819048	0.009524	0.009524	0.009524	0.009524	0.009524	0.009524	0.009524	0.009524	0.009524	0.009524	0.009524	0.009524	0.009524	0.009524	0.009524	0.009524	0.009524	0.009524	0.009524
226	na	1.450829	0.009524	0.009524	0.009524	0.009524	0.009524	0.819048	0.009524	0.009524	0.009524	0.009524	0.009524	0.009524	0.009524	0.009524	0.009524	0.009524	0.009524	0.009524	0.009524	0.009524
227	na	1.450829	0.009524	0.009524	0.009524	0.009524	0.009524	0.009524	0.009524	0.009524	0.009524	0.009524	0.009524	0.009524	0.009524	0.009524	0.009524	0.009524	0.009524	0.009524	0.819048	0.009524
228	na	1.450829	0.009524	0.009524	0.009524	0.009524	0.819048	0.009524	0.009524	0.009524	0.009524	0.009524	0.009524	0.009524	0.009524	0.009524	0.009524	0.009524	0.009524	0.009524	0.009524	0.009524
229	na	1.450829	0.009524	0.009524	0.009524	0.009524	0.009524	0.009524	0.009524	0.819048	0.009524	0.009524	0.009524	0.009524	0.009524	0.009524	0.009524	0.009524	0.009524	0.009524	0.009524	0.009524
230	na	1.450829	0.819048	0.009524	0.009524	0.009524	0.009524	0.009524	0.009524	0.009524	0.009524	0.009524	0.009524	0.009524	0.009524	0.009524	0.009524	0.009524	0.009524	0.009524	0.009524	0.009524
231	na	1.450829	0.009524	0.009524	0.819048	0.009524	0.009524	0.009524	0.009524	0.009524	0.009524	0.009524	0.009524	0.009524	0.009524	0.009524	0.009524	0.009524	0.009524	0.009524	0.009524	0.009524
232	na	1.506643	0.009524	0.009524	0.009524	0.009524	0.009524	0.009524	0.009524	0.009524	0.809524	0.009524	0.009524	0.009524	0.009524	0.009524	0.019048	0.009524	0.009524	0.009524	0.009524	0.009524
233	na	2.190983	0.009524	0.009524	0.009524	0.009524	0.009524	0.009524	0.009524	0.009524	0.009524	0.009524	0.009524	0.009524	0.009524	0.009524	0.009524	0.476190	0.352381	0.009524	0.009524	0.009524
234	na	1.450829	0.009524	0.009524	0.009524	0.009524	0.009524	0.819048	0.009524	0.009524	0.009524	0.009524	0.009524	0.009524	0.009524	0.009524	0.009524	0.009524	0.009524	0.009524	0.009524	0.009524
235	na	1.598738	0.790476	0.009524	0.009524	0.009524	0.009524	0.009524	0.009524	0.009524	0.009524	0.009524	0.009524	0.009524	0.009524	0.009524	0.009524	0.009524	0.038095	0.009524	0.009524	0.009524
236	na	2.155425	0.009524	0.009524	0.019048	0.009524	0.009524	0.600000	0.009524	0.009524	0.009524	0.009524	0.009524	0.009524	0.009524	0.009524	0.019048	0.209524	0.009524	0.009524	0.009524	0.009524
237	na	1.999485	0.009524	0.009524	0.009524	0.666667	0.009524	0.009524	0.009524	0.009524	0.152381	0.009524	0.009524	0.009524	0.009524	0.009524	0.009524	0.009524	0.009524	0.019048	0.009524	0.009524
238	na	1.506643	0.009524	0.009524	0.009524	0.009524	0.009524	0.009524	0.009524	0.009524	0.009524	0.009524	0.009524	0.009524	0.009524	0.019048	0.809524	0.009524	0.009524	0.009524	0.009524	0.009524
239	na	1.450829	0.009524	0.009524	0.009524	0.009524	0.009524	0.819048	0.009524	0.009524	0.009524	0.009524	0.009524	0.009524	0.009524	0.009524	0.009524	0.009524	0.009524	0.009524	0.009524	0.009524
240	na	2.235102	0.342857	0.009524	0.009524	0.009524	0.009524	0.019048	0.009524	0.009524	0.009524	0.009524	0.009524	0.009524	0.009524	0.009524	0.009524	0.476190	0.009524	0.009524	0.009524	0.009524
241	na	1.665920	0.009524	0.019048	0.009524	0.009524	0.009524	0.009524	0.019048	0.009524	0.009524	0.009524	0.009524	0.009524	0.009524	0.009524	0.780952	0.028571	0.009524	0.009524	0.009524	0.009524
242	na	1.450829	0.009524	0.009524	0.009524	0.009524	0.009524	0.819048	0.009524	0.009524	0.009524	0.009524	0.009524	0.009524	0.009524	0.009524	0.009524	0.009524	0.009524	0.009524	0.009524	0.009524
243	na	1.450829	0.009524	0.009524	0.009524	0.009524	0.009524	0.009524	0.009524	0.819048	0.009524	0.009524	0.009524	0.009524	0.009524	0.009524	0.009524	0.009524	0.009524	0.009524	0.009524	0.009524
244	na	2.190983	0.009524	0.009524	0.009524	0.009524	0.009524	0.009524	0.009524	0.476190	0.009524	0.009524	0.009524	0.009524	0.009524	0.009524	0.009524	0.009524	0.009524	0.352381	0.009524	0.009524
245	na	1.473348	0.815534	0.009709	0.009709	0.009709	0.009709	0.009709	0.009709	0.009709	0.009709	0.009709	0.009709	0.009709	0.009709	0.009709	0.009709	0.009709	0.009709	0.009709	0.009709	0.009709
246	na	2.190983	0.476190	0.009524	0.009524	0.009524	0.009524	0.009524	0.009524	0.009524	0.009524	0.352381	0.009524	0.009524	0.009524	0.009524	0.009524	0.009524	0.009524	0.009524	0.009524	0.009524
247	na	1.450829	0.009524	0.009524	0.009524	0.009524	0.009524	0.009524	0.009524	0.009524	0.009524	0.819048	0.009524	0.009524	0.009524	0.009524	0.009524	0.009524	0.009524	0.009524	0.009524	0.009524
248	na	1.450829	0.009524	0.009524	0.009524	0.009524	0.009524	0.819048	0.009524	0.009524	0.009524	0.009524	0.009524	0.009524	0.009524	0.009524	0.009524	0.009524	0.009524	0.009524	0.009524	0.009524
249	na	1.450829	0.009524	0.009524	0.009524	0.009524	0.009524	0.009524	0.009524	0.009524	0.009524	0.009524	0.009524	0.009524	0.819048	0.009524	0.009524	0.009524	0.009524	0.009524	0.009524	0.009524
250	na	2.235102	0.009524	0.009524	0.476190	0.009524	0.009524	0.009524	0.019048	0.009524	0.009524	0.009524	0.009524	0.342857	0.009524	0.009524	0.009524	0.009524	0.009524	0.009524	0.009524	0.009524
251	na	2.190983	0.009524	0.009524	0.009524	0.009524	0.009524	0.476190	0.009524	0.009524	0.009524	0.009524	0.009524	0.352381	0.009524	0.009524	0.009524	0.009524	0.009524	0.009524	0.009524	0.009524
252	na	1.450829	0.009524	0.009524	0.009524	0.009524	0.009524	0.009524	0.009524	0.009524	0.819048	0.009524	0.009524	0.009524	0.009524	0.009524	0.009524	0.009524	0.009524	0.009524	0.009524	0.009524
253	na	2.190983	0.352381	0.009524	0.009524	0.009524	0.009524	0.009524	0.009524	0.009524	0.009524	0.009524	0.009524	0.009524	0.476190	0.009524	0.009524	0.009524	0.009524	0.009524	0.009524	0.009524
254	na	2.190983	0.009524	0.009524	0.009524	0.352381	0.009524	0.009524	0.009524	0.009524	0.009524	0.009524	0.009524	0.009524	0.009524	0.009524	0.009524	0.476190	0.009524	0.009524	0.009524	0.009524
255	na	1.450829	0.009524	0.009524	0.009524	0.009524	0.009524	0.009524	0.009524	0.009524	0.009524	0.009524	0.009524	0.009524	0.009524	0.009524	0.819048	0.009524	0.009524	0.009524	0.009524	0.009524
256	na	1.450829	0.009524	0.009524	0.009524	0.009524	0.009524	0.009524	0.009524	0.819048	0.009524	0.009524	0.009524	0.009524	0.009524	0.009524	0.009524	0.009524	0.009524	0.009524	0.009524	0.009524
257	na	1.450829	0.009524	0.009524	0.009524	0.009524	0.009524	0.009524	0.009524	0.009524	0.009524	0.009524	0.009524	0.009524	0.009524	0.009524	0.009524	0.009524	0.009524	0.819048	0.009524	0.009524
258	na	1.450829	0.009524	0.009524	0.009524	0.009524	0.009524	0.009524	0.009524	0.009524	0.009524	0.009524	0.009524	0.009524	0.009524	0.009524	0.009524	0.009524	0.009524	0.819048	0.009524	0.009524
259	na	1.450829	0.009524	0.009524	0.009524	0.009524	0.009524	0.009524	0.009524	0.819048	0.009524	0.009524	0.009524	0.009524	0.009524	0.009524	0.009524	0.009524	0.009524	0.009524	0.009524	0.009524
260	na	1.450829	0.009524	0.009524	0.009524	0.009524	0.009524	0.009524	0.009524	0.009524	0.009524	0.009524	0.009524	0.009524	0.009524	0.009524	0.009524	0.009524	0.009524	0.009524	0.009524	0.819048
261	na	2.377170	0.009524	0.009524	0.009524	0.009524	0.009524	0.009524	0.009524	0.009524	0.009524	0.352381	0.057143	0.009524	0.009524	0.009524	0.009524	0.009524	0.428571	0.009524	0.009524	0.009524
262	na	2.190983	0.009524	0.009524	0.009524	0.009524	0.009524	0.009524	0.009524	0.009524	0.009524	0.009524	0.009524	0.009524	0.009524	0.009524	0.352381	0.009524	0.476190	0.009524	0.009524	0.009524
263	na	2.190983	0.009524	0.009524	0.352381	0.009524	0.009524	0.476190	0.009524	0.009524	0.009524	0.009524	0.009524	0.009524	0.009524	0.009524	0.009524	0.009524	0.009524	0.009524	0.009524	0.009524
264	na	2.316003	0.009524	0.009524	0.009524	0.009524	0.009524	0.038095	0.009524	0.009524	0.009524	0.009524	0.009524	0.009524	0.009524	0.009524	0.009524	0.447619	0.352381	0.009524	0.009524	0.009524
265	na	2.235102	0.009524	0.009524	0.009524	0.009524	0.009524	0.009524	0.009524	0.009524	0.009524	0.009524	0.009524	0.009524	0.342857	0.476190	0.009524	0.019048	0.009524	0.009524	0.009524	0.009524
266	na	1.450829	0.819048	0.009524	0.009524	0.009524	0.009524	0.009524	0.009524	0.009524	0.009524	0.009524	0.009524	0.009524	0.009524	0.009524	0.009524	0.009524	0.009524	0.009524	0.009524	0.009524
267	na	2.190983	0.009524	0.009524	0.009524	0.009524	0.009524	0.009524	0.009524	0.009524	0.009524	0.009524	0.009524	0.009524	0.009524	0.009524	0.009524	0.352381	0.476190	0.009524	0.009524	0.009524
268	na	1.450829	0.009524	0.009524	0.009524	0.009524	0.009524	0.009524	0.009524	0.009524	0.009524	0.009524	0.819048	0.009524	0.009524	0.009524	0.009524	0.009524	0.009524	0.009524	0.009524	0.009524
269	na	2.190983	0.352381	0.009524	0.476190	0.009524	0.009524	0.009524	0.009524	0.009524	0.009524	0.009524	0.009524	0.009524	0.009524	0.009524	0.009524	0.009524	0.009524	0.009524	0.009524	0.009524
270	na	1.450829	0.009524	0.009524	0.009524	0.819048	0.009524	0.009524	0.009524	0.009524	0.009524	0.009524	0.009524	0.009524	0.009524	0.009524	0.009524	0.009524	0.009524	0.009524	0.009524	0.009524
271	na	1.804641	0.028571	0.009524	0.009524	0.009524	0.009524	0.009524	0.009524	0.009524	0.009524	0.038095	0.009524	0.009524	0.009524	0.028571	0.752381	0.009524	0.009524	0.009524	0.009524	0.009524
272	na	1.654062	0.009524	0.009524	0.038095	0.009524	0.009524	0.009524	0.009524	0.009524	0.009524	0.009524	0.009524	0.780952	0.009524	0.009524	0.009524	0.019048	0.009524	0.009524	0.009524	0.009524
273	na	2.190983	0.009524	0.009524	0.009524	0.009524	0.009524	0.009524	0.009524	0.009524	0.009524	0.009524	0.009524	0.009524	0.009524	0.352381	0.476190	0.009524	0.009524	0.009524	0.009524	0.009524
274	na	1.506643	0.009524	0.009524	0.009524	0.009524	0.009524	0.009524	0.019048	0.009524	0.009524	0.009524	0.009524	0.009524	0.009524	0.809524	0.009524	0.009524	0.009524	0.009524	0.009524	0.009524
275	na	1.506643	0.009524	0.009524	0.009524	0.009524	0.009524	0.009524	0.009524	0.809524	0.009524	0.009524	0.009524	0.009524	0.009524	0.009524	0.009524	0.009524	0.019048	0.009524	0.009524	0.009524
276	na	1.555107	0.800000	0.009524	0.009524	0.009524	0.009524	0.009524	0.009524	0.009524	0.009524	0.009524	0.009524	0.009524	0.009524	0.009524	0.009524	0.009524	0.009524	0.028571	0.009524	0.009524
277	na	2.190983	0.009524	0.009524	0.009524	0.476190	0.009524	0.352381	0.009524	0.009524	0.009524	0.009524	0.009524	0.009524	0.009524	0.009524	0.009524	0.009524	0.009524	0.009524	0.009524	0.009524
278	na	1.506643	0.009524	0.009524	0.009524	0.009524	0.009524	0.009524	0.009524	0.809524	0.009524	0.009524	0.009524	0.009524	0.009524	0.009524	0.009524	0.009524	0.019048	0.009524	0.009524	0.009524
279	na	1.461995	0.009615	0.009615	0.009615	0.009615	0.009615	0.817308	0.009615	0.009615	0.009615	0.009615	0.009615	0.009615	0.009615	0.009615	0.009615	0.009615	0.009615	0.009615	0.009615	0.009615
280	na	1.461995	0.817308	0.009615	0.009615	0.009615	0.009615	0.009615	0.009615	0.009615	0.009615	0.009615	0.009615	0.009615	0.009615	0.009615	0.009615	0.009615	0.009615	0.009615	0.009615	0.009615
281	na	2.201684	0.355769	0.009615	0.009615	0.009615	0.009615	0.009615	0.009615	0.009615	0.009615	0.009615	0.009615	0.009615	0.009615	0.009615	0.009615	0.471154	0.009615	0.009615	0.009615	0.009615
282	na	1.529915	0.009709	0.009709	0.009709	0.009709	0.009709	0.009709	0.009709	0.009709	0.009709	0.805825	0.009709	0.009709	0.019417	0.009709	0.009709	0.009709	0.009709	0.009709	0.009709	0.009709
283	na	1.473348	0.009709	0.009709	0.009709	0.009709	0.009709	0.009709	0.009709	0.815534	0.009709	0.009709	0.009709	0.009709	0.009709	0.009709	0.009709	0.009709	0.009709	0.009709	0.009709	0.009709
284	na	2.208461	0.009709	0.009709	0.009709	0.349515	0.009709	0.009709	0.009709	0.009709	0.475728	0.009709	0.009709	0.009709	0.009709	0.009709	0.009709	0.009709	0.009709	0.009709	0.009709	0.009709
285	na	1.591222	0.009804	0.009804	0.009804	0.009804	0.009804	0.009804	0.794118	0.009804	0.009804	0.029412	0.009804	0.009804	0.009804	0.009804	0.009804	0.009804	0.009804	0.009804	0.009804	0.009804
286	na	1.496635	0.009901	0.009901	0.009901	0.009901	0.009901	0.009901	0.009901	0.009901	0.009901	0.009901	0.009901	0.009901	0.009901	0.009901	0.009901	0.009901	0.009901	0.009901	0.811881	0.009901
