#SITE	WT_AA	SITE_ENTROPY	PI_A	PI_C	PI_D	PI_E	PI_F	PI_G	PI_H	PI_I	PI_K	PI_L	PI_M	PI_N	PI_P	PI_Q	PI_R	PI_S	PI_T	PI_V	PI_W	PI_Y
1	na	4.021195	0.126514	0.010551	0.056467	0.052267	0.014361	0.072978	0.014166	0.056174	0.025498	0.125147	0.034877	0.024521	0.042399	0.046796	0.083919	0.061938	0.059496	0.060473	0.017390	0.014068
2	na	4.021195	0.126514	0.010551	0.056467	0.052267	0.014361	0.072978	0.014166	0.056174	0.025498	0.125147	0.034877	0.024521	0.042399	0.046796	0.083919	0.061938	0.059496	0.060473	0.017390	0.014068
3	na	4.021195	0.126514	0.010551	0.056467	0.052267	0.014361	0.072978	0.014166	0.056174	0.025498	0.125147	0.034877	0.024521	0.042399	0.046796	0.083919	0.061938	0.059496	0.060473	0.017390	0.014068
4	na	4.021195	0.126514	0.010551	0.056467	0.052267	0.014361	0.072978	0.014166	0.056174	0.025498	0.125147	0.034877	0.024521	0.042399	0.046796	0.083919	0.061938	0.059496	0.060473	0.017390	0.014068
5	na	4.021195	0.126514	0.010551	0.056467	0.052267	0.014361	0.072978	0.014166	0.056174	0.025498	0.125147	0.034877	0.024521	0.042399	0.046796	0.083919	0.061938	0.059496	0.060473	0.017390	0.014068
6	na	4.021195	0.126514	0.010551	0.056467	0.052267	0.014361	0.072978	0.014166	0.056174	0.025498	0.125147	0.034877	0.024521	0.042399	0.046796	0.083919	0.061938	0.059496	0.060473	0.017390	0.014068
7	na	4.021195	0.126514	0.010551	0.056467	0.052267	0.014361	0.072978	0.014166	0.056174	0.025498	0.125147	0.034877	0.024521	0.042399	0.046796	0.083919	0.061938	0.059496	0.060473	0.017390	0.014068
8	na	4.021195	0.126514	0.010551	0.056467	0.052267	0.014361	0.072978	0.014166	0.056174	0.025498	0.125147	0.034877	0.024521	0.042399	0.046796	0.083919	0.061938	0.059496	0.060473	0.017390	0.014068
9	na	4.021195	0.126514	0.010551	0.056467	0.052267	0.014361	0.072978	0.014166	0.056174	0.025498	0.125147	0.034877	0.024521	0.042399	0.046796	0.083919	0.061938	0.059496	0.060473	0.017390	0.014068
10	na	4.021195	0.126514	0.010551	0.056467	0.052267	0.014361	0.072978	0.014166	0.056174	0.025498	0.125147	0.034877	0.024521	0.042399	0.046796	0.083919	0.061938	0.059496	0.060473	0.017390	0.014068
11	na	4.021195	0.126514	0.010551	0.056467	0.052267	0.014361	0.072978	0.014166	0.056174	0.025498	0.125147	0.034877	0.024521	0.042399	0.046796	0.083919	0.061938	0.059496	0.060473	0.017390	0.014068
12	na	4.021195	0.126514	0.010551	0.056467	0.052267	0.014361	0.072978	0.014166	0.056174	0.025498	0.125147	0.034877	0.024521	0.042399	0.046796	0.083919	0.061938	0.059496	0.060473	0.017390	0.014068
13	na	4.021195	0.126514	0.010551	0.056467	0.052267	0.014361	0.072978	0.014166	0.056174	0.025498	0.125147	0.034877	0.024521	0.042399	0.046796	0.083919	0.061938	0.059496	0.060473	0.017390	0.014068
14	na	4.021195	0.126514	0.010551	0.056467	0.052267	0.014361	0.072978	0.014166	0.056174	0.025498	0.125147	0.034877	0.024521	0.042399	0.046796	0.083919	0.061938	0.059496	0.060473	0.017390	0.014068
15	na	4.021195	0.126514	0.010551	0.056467	0.052267	0.014361	0.072978	0.014166	0.056174	0.025498	0.125147	0.034877	0.024521	0.042399	0.046796	0.083919	0.061938	0.059496	0.060473	0.017390	0.014068
16	na	4.021195	0.126514	0.010551	0.056467	0.052267	0.014361	0.072978	0.014166	0.056174	0.025498	0.125147	0.034877	0.024521	0.042399	0.046796	0.083919	0.061938	0.059496	0.060473	0.017390	0.014068
17	na	4.021195	0.126514	0.010551	0.056467	0.052267	0.014361	0.072978	0.014166	0.056174	0.025498	0.125147	0.034877	0.024521	0.042399	0.046796	0.083919	0.061938	0.059496	0.060473	0.017390	0.014068
18	na	4.021195	0.126514	0.010551	0.056467	0.052267	0.014361	0.072978	0.014166	0.056174	0.025498	0.125147	0.034877	0.024521	0.042399	0.046796	0.083919	0.061938	0.059496	0.060473	0.017390	0.014068
19	na	4.021195	0.126514	0.010551	0.056467	0.052267	0.014361	0.072978	0.014166	0.056174	0.025498	0.125147	0.034877	0.024521	0.042399	0.046796	0.083919	0.061938	0.059496	0.060473	0.017390	0.014068
20	na	4.021195	0.126514	0.010551	0.056467	0.052267	0.014361	0.072978	0.014166	0.056174	0.025498	0.125147	0.034877	0.024521	0.042399	0.046796	0.083919	0.061938	0.059496	0.060473	0.017390	0.014068
21	na	4.021195	0.126514	0.010551	0.056467	0.052267	0.014361	0.072978	0.014166	0.056174	0.025498	0.125147	0.034877	0.024521	0.042399	0.046796	0.083919	0.061938	0.059496	0.060473	0.017390	0.014068
22	na	4.021195	0.126514	0.010551	0.056467	0.052267	0.014361	0.072978	0.014166	0.056174	0.025498	0.125147	0.034877	0.024521	0.042399	0.046796	0.083919	0.061938	0.059496	0.060473	0.017390	0.014068
23	na	4.021195	0.126514	0.010551	0.056467	0.052267	0.014361	0.072978	0.014166	0.056174	0.025498	0.125147	0.034877	0.024521	0.042399	0.046796	0.083919	0.061938	0.059496	0.060473	0.017390	0.014068
24	na	4.021195	0.126514	0.010551	0.056467	0.052267	0.014361	0.072978	0.014166	0.056174	0.025498	0.125147	0.034877	0.024521	0.042399	0.046796	0.083919	0.061938	0.059496	0.060473	0.017390	0.014068
25	na	4.021195	0.126514	0.010551	0.056467	0.052267	0.014361	0.072978	0.014166	0.056174	0.025498	0.125147	0.034877	0.024521	0.042399	0.046796	0.083919	0.061938	0.059496	0.060473	0.017390	0.014068
26	na	4.021195	0.126514	0.010551	0.056467	0.052267	0.014361	0.072978	0.014166	0.056174	0.025498	0.125147	0.034877	0.024521	0.042399	0.046796	0.083919	0.061938	0.059496	0.060473	0.017390	0.014068
27	na	4.021195	0.126514	0.010551	0.056467	0.052267	0.014361	0.072978	0.014166	0.056174	0.025498	0.125147	0.034877	0.024521	0.042399	0.046796	0.083919	0.061938	0.059496	0.060473	0.017390	0.014068
28	na	4.021195	0.126514	0.010551	0.056467	0.052267	0.014361	0.072978	0.014166	0.056174	0.025498	0.125147	0.034877	0.024521	0.042399	0.046796	0.083919	0.061938	0.059496	0.060473	0.017390	0.014068
29	na	4.021195	0.126514	0.010551	0.056467	0.052267	0.014361	0.072978	0.014166	0.056174	0.025498	0.125147	0.034877	0.024521	0.042399	0.046796	0.083919	0.061938	0.059496	0.060473	0.017390	0.014068
30	na	4.021195	0.126514	0.010551	0.056467	0.052267	0.014361	0.072978	0.014166	0.056174	0.025498	0.125147	0.034877	0.024521	0.042399	0.046796	0.083919	0.061938	0.059496	0.060473	0.017390	0.014068
31	na	4.021195	0.126514	0.010551	0.056467	0.052267	0.014361	0.072978	0.014166	0.056174	0.025498	0.125147	0.034877	0.024521	0.042399	0.046796	0.083919	0.061938	0.059496	0.060473	0.017390	0.014068
32	na	4.021195	0.126514	0.010551	0.056467	0.052267	0.014361	0.072978	0.014166	0.056174	0.025498	0.125147	0.034877	0.024521	0.042399	0.046796	0.083919	0.061938	0.059496	0.060473	0.017390	0.014068
33	na	4.021195	0.126514	0.010551	0.056467	0.052267	0.014361	0.072978	0.014166	0.056174	0.025498	0.125147	0.034877	0.024521	0.042399	0.046796	0.083919	0.061938	0.059496	0.060473	0.017390	0.014068
34	na	4.021195	0.126514	0.010551	0.056467	0.052267	0.014361	0.072978	0.014166	0.056174	0.025498	0.125147	0.034877	0.024521	0.042399	0.046796	0.083919	0.061938	0.059496	0.060473	0.017390	0.014068
35	na	4.021195	0.126514	0.010551	0.056467	0.052267	0.014361	0.072978	0.014166	0.056174	0.025498	0.125147	0.034877	0.024521	0.042399	0.046796	0.083919	0.061938	0.059496	0.060473	0.017390	0.014068
36	na	4.021195	0.126514	0.010551	0.056467	0.052267	0.014361	0.072978	0.014166	0.056174	0.025498	0.125147	0.034877	0.024521	0.042399	0.046796	0.083919	0.061938	0.059496	0.060473	0.017390	0.014068
37	na	4.021195	0.126514	0.010551	0.056467	0.052267	0.014361	0.072978	0.014166	0.056174	0.025498	0.125147	0.034877	0.024521	0.042399	0.046796	0.083919	0.061938	0.059496	0.060473	0.017390	0.014068
38	na	4.021195	0.126514	0.010551	0.056467	0.052267	0.014361	0.072978	0.014166	0.056174	0.025498	0.125147	0.034877	0.024521	0.042399	0.046796	0.083919	0.061938	0.059496	0.060473	0.017390	0.014068
39	na	4.021195	0.126514	0.010551	0.056467	0.052267	0.014361	0.072978	0.014166	0.056174	0.025498	0.125147	0.034877	0.024521	0.042399	0.046796	0.083919	0.061938	0.059496	0.060473	0.017390	0.014068
40	na	4.021195	0.126514	0.010551	0.056467	0.052267	0.014361	0.072978	0.014166	0.056174	0.025498	0.125147	0.034877	0.024521	0.042399	0.046796	0.083919	0.061938	0.059496	0.060473	0.017390	0.014068
41	na	4.021195	0.126514	0.010551	0.056467	0.052267	0.014361	0.072978	0.014166	0.056174	0.025498	0.125147	0.034877	0.024521	0.042399	0.046796	0.083919	0.061938	0.059496	0.060473	0.017390	0.014068
42	na	4.021195	0.126514	0.010551	0.056467	0.052267	0.014361	0.072978	0.014166	0.056174	0.025498	0.125147	0.034877	0.024521	0.042399	0.046796	0.083919	0.061938	0.059496	0.060473	0.017390	0.014068
43	na	4.021195	0.126514	0.010551	0.056467	0.052267	0.014361	0.072978	0.014166	0.056174	0.025498	0.125147	0.034877	0.024521	0.042399	0.046796	0.083919	0.061938	0.059496	0.060473	0.017390	0.014068
44	na	4.021195	0.126514	0.010551	0.056467	0.052267	0.014361	0.072978	0.014166	0.056174	0.025498	0.125147	0.034877	0.024521	0.042399	0.046796	0.083919	0.061938	0.059496	0.060473	0.017390	0.014068
45	na	4.021195	0.126514	0.010551	0.056467	0.052267	0.014361	0.072978	0.014166	0.056174	0.025498	0.125147	0.034877	0.024521	0.042399	0.046796	0.083919	0.061938	0.059496	0.060473	0.017390	0.014068
46	na	4.021195	0.126514	0.010551	0.056467	0.052267	0.014361	0.072978	0.014166	0.056174	0.025498	0.125147	0.034877	0.024521	0.042399	0.046796	0.083919	0.061938	0.059496	0.060473	0.017390	0.014068
47	na	4.021195	0.126514	0.010551	0.056467	0.052267	0.014361	0.072978	0.014166	0.056174	0.025498	0.125147	0.034877	0.024521	0.042399	0.046796	0.083919	0.061938	0.059496	0.060473	0.017390	0.014068
48	na	4.021195	0.126514	0.010551	0.056467	0.052267	0.014361	0.072978	0.014166	0.056174	0.025498	0.125147	0.034877	0.024521	0.042399	0.046796	0.083919	0.061938	0.059496	0.060473	0.017390	0.014068
49	na	4.021195	0.126514	0.010551	0.056467	0.052267	0.014361	0.072978	0.014166	0.056174	0.025498	0.125147	0.034877	0.024521	0.042399	0.046796	0.083919	0.061938	0.059496	0.060473	0.017390	0.014068
50	na	4.021195	0.126514	0.010551	0.056467	0.052267	0.014361	0.072978	0.014166	0.056174	0.025498	0.125147	0.034877	0.024521	0.042399	0.046796	0.083919	0.061938	0.059496	0.060473	0.017390	0.014068
51	na	4.021195	0.126514	0.010551	0.056467	0.052267	0.014361	0.072978	0.014166	0.056174	0.025498	0.125147	0.034877	0.024521	0.042399	0.046796	0.083919	0.061938	0.059496	0.060473	0.017390	0.014068
52	na	4.021195	0.126514	0.010551	0.056467	0.052267	0.014361	0.072978	0.014166	0.056174	0.025498	0.125147	0.034877	0.024521	0.042399	0.046796	0.083919	0.061938	0.059496	0.060473	0.017390	0.014068
53	na	4.021195	0.126514	0.010551	0.056467	0.052267	0.014361	0.072978	0.014166	0.056174	0.025498	0.125147	0.034877	0.024521	0.042399	0.046796	0.083919	0.061938	0.059496	0.060473	0.017390	0.014068
54	na	4.021195	0.126514	0.010551	0.056467	0.052267	0.014361	0.072978	0.014166	0.056174	0.025498	0.125147	0.034877	0.024521	0.042399	0.046796	0.083919	0.061938	0.059496	0.060473	0.017390	0.014068
55	na	4.021195	0.126514	0.010551	0.056467	0.052267	0.014361	0.072978	0.014166	0.056174	0.025498	0.125147	0.034877	0.024521	0.042399	0.046796	0.083919	0.061938	0.059496	0.060473	0.017390	0.014068
56	na	4.021195	0.126514	0.010551	0.056467	0.052267	0.014361	0.072978	0.014166	0.056174	0.025498	0.125147	0.034877	0.024521	0.042399	0.046796	0.083919	0.061938	0.059496	0.060473	0.017390	0.014068
57	na	4.021195	0.126514	0.010551	0.056467	0.052267	0.014361	0.072978	0.014166	0.056174	0.025498	0.125147	0.034877	0.024521	0.042399	0.046796	0.083919	0.061938	0.059496	0.060473	0.017390	0.014068
58	na	4.021195	0.126514	0.010551	0.056467	0.052267	0.014361	0.072978	0.014166	0.056174	0.025498	0.125147	0.034877	0.024521	0.042399	0.046796	0.083919	0.061938	0.059496	0.060473	0.017390	0.014068
59	na	4.021195	0.126514	0.010551	0.056467	0.052267	0.014361	0.072978	0.014166	0.056174	0.025498	0.125147	0.034877	0.024521	0.042399	0.046796	0.083919	0.061938	0.059496	0.060473	0.017390	0.014068
60	na	4.021195	0.126514	0.010551	0.056467	0.052267	0.014361	0.072978	0.014166	0.056174	0.025498	0.125147	0.034877	0.024521	0.042399	0.046796	0.083919	0.061938	0.059496	0.060473	0.017390	0.014068
61	na	4.021195	0.126514	0.010551	0.056467	0.052267	0.014361	0.072978	0.014166	0.056174	0.025498	0.125147	0.034877	0.024521	0.042399	0.046796	0.083919	0.061938	0.059496	0.060473	0.017390	0.014068
62	na	4.021195	0.126514	0.010551	0.056467	0.052267	0.014361	0.072978	0.014166	0.056174	0.025498	0.125147	0.034877	0.024521	0.042399	0.046796	0.083919	0.061938	0.059496	0.060473	0.017390	0.014068
63	na	4.021195	0.126514	0.010551	0.056467	0.052267	0.014361	0.072978	0.014166	0.056174	0.025498	0.125147	0.034877	0.024521	0.042399	0.046796	0.083919	0.061938	0.059496	0.060473	0.017390	0.014068
64	na	4.021195	0.126514	0.010551	0.056467	0.052267	0.014361	0.072978	0.014166	0.056174	0.025498	0.125147	0.034877	0.024521	0.042399	0.046796	0.083919	0.061938	0.059496	0.060473	0.017390	0.014068
65	na	4.021195	0.126514	0.010551	0.056467	0.052267	0.014361	0.072978	0.014166	0.056174	0.025498	0.125147	0.034877	0.024521	0.042399	0.046796	0.083919	0.061938	0.059496	0.060473	0.017390	0.014068
66	na	4.021195	0.126514	0.010551	0.056467	0.052267	0.014361	0.072978	0.014166	0.056174	0.025498	0.125147	0.034877	0.024521	0.042399	0.046796	0.083919	0.061938	0.059496	0.060473	0.017390	0.014068
67	na	4.021195	0.126514	0.010551	0.056467	0.052267	0.014361	0.072978	0.014166	0.056174	0.025498	0.125147	0.034877	0.024521	0.042399	0.046796	0.083919	0.061938	0.059496	0.060473	0.017390	0.014068
68	na	4.021195	0.126514	0.010551	0.056467	0.052267	0.014361	0.072978	0.014166	0.056174	0.025498	0.125147	0.034877	0.024521	0.042399	0.046796	0.083919	0.061938	0.059496	0.060473	0.017390	0.014068
69	na	4.021195	0.126514	0.010551	0.056467	0.052267	0.014361	0.072978	0.014166	0.056174	0.025498	0.125147	0.034877	0.024521	0.042399	0.046796	0.083919	0.061938	0.059496	0.060473	0.017390	0.014068
70	na	4.021195	0.126514	0.010551	0.056467	0.052267	0.014361	0.072978	0.014166	0.056174	0.025498	0.125147	0.034877	0.024521	0.042399	0.046796	0.083919	0.061938	0.059496	0.060473	0.017390	0.014068
71	na	4.021195	0.126514	0.010551	0.056467	0.052267	0.014361	0.072978	0.014166	0.056174	0.025498	0.125147	0.034877	0.024521	0.042399	0.046796	0.083919	0.061938	0.059496	0.060473	0.017390	0.014068
72	na	4.021195	0.126514	0.010551	0.056467	0.052267	0.014361	0.072978	0.014166	0.056174	0.025498	0.125147	0.034877	0.024521	0.042399	0.046796	0.083919	0.061938	0.059496	0.060473	0.017390	0.014068
73	na	4.021195	0.126514	0.010551	0.056467	0.052267	0.014361	0.072978	0.014166	0.056174	0.025498	0.125147	0.034877	0.024521	0.042399	0.046796	0.083919	0.061938	0.059496	0.060473	0.017390	0.014068
74	na	4.021195	0.126514	0.010551	0.056467	0.052267	0.014361	0.072978	0.014166	0.056174	0.025498	0.125147	0.034877	0.024521	0.042399	0.046796	0.083919	0.061938	0.059496	0.060473	0.017390	0.014068
75	na	4.021195	0.126514	0.010551	0.056467	0.052267	0.014361	0.072978	0.014166	0.056174	0.025498	0.125147	0.034877	0.024521	0.042399	0.046796	0.083919	0.061938	0.059496	0.060473	0.017390	0.014068
76	na	4.021195	0.126514	0.010551	0.056467	0.052267	0.014361	0.072978	0.014166	0.056174	0.025498	0.125147	0.034877	0.024521	0.042399	0.046796	0.083919	0.061938	0.059496	0.060473	0.017390	0.014068
77	na	4.021195	0.126514	0.010551	0.056467	0.052267	0.014361	0.072978	0.014166	0.056174	0.025498	0.125147	0.034877	0.024521	0.042399	0.046796	0.083919	0.061938	0.059496	0.060473	0.017390	0.014068
78	na	4.021195	0.126514	0.010551	0.056467	0.052267	0.014361	0.072978	0.014166	0.056174	0.025498	0.125147	0.034877	0.024521	0.042399	0.046796	0.083919	0.061938	0.059496	0.060473	0.017390	0.014068
79	na	4.021195	0.126514	0.010551	0.056467	0.052267	0.014361	0.072978	0.014166	0.056174	0.025498	0.125147	0.034877	0.024521	0.042399	0.046796	0.083919	0.061938	0.059496	0.060473	0.017390	0.014068
80	na	4.021195	0.126514	0.010551	0.056467	0.052267	0.014361	0.072978	0.014166	0.056174	0.025498	0.125147	0.034877	0.024521	0.042399	0.046796	0.083919	0.061938	0.059496	0.060473	0.017390	0.014068
81	na	4.021195	0.126514	0.010551	0.056467	0.052267	0.014361	0.072978	0.014166	0.056174	0.025498	0.125147	0.034877	0.024521	0.042399	0.046796	0.083919	0.061938	0.059496	0.060473	0.017390	0.014068
82	na	4.021195	0.126514	0.010551	0.056467	0.052267	0.014361	0.072978	0.014166	0.056174	0.025498	0.125147	0.034877	0.024521	0.042399	0.046796	0.083919	0.061938	0.059496	0.060473	0.017390	0.014068
83	na	4.021195	0.126514	0.010551	0.056467	0.052267	0.014361	0.072978	0.014166	0.056174	0.025498	0.125147	0.034877	0.024521	0.042399	0.046796	0.083919	0.061938	0.059496	0.060473	0.017390	0.014068
84	na	4.021195	0.126514	0.010551	0.056467	0.052267	0.014361	0.072978	0.014166	0.056174	0.025498	0.125147	0.034877	0.024521	0.042399	0.046796	0.083919	0.061938	0.059496	0.060473	0.017390	0.014068
85	na	4.021195	0.126514	0.010551	0.056467	0.052267	0.014361	0.072978	0.014166	0.056174	0.025498	0.125147	0.034877	0.024521	0.042399	0.046796	0.083919	0.061938	0.059496	0.060473	0.017390	0.014068
86	na	4.021195	0.126514	0.010551	0.056467	0.052267	0.014361	0.072978	0.014166	0.056174	0.025498	0.125147	0.034877	0.024521	0.042399	0.046796	0.083919	0.061938	0.059496	0.060473	0.017390	0.014068
87	na	4.021195	0.126514	0.010551	0.056467	0.052267	0.014361	0.072978	0.014166	0.056174	0.025498	0.125147	0.034877	0.024521	0.042399	0.046796	0.083919	0.061938	0.059496	0.060473	0.017390	0.014068
88	na	4.021195	0.126514	0.010551	0.056467	0.052267	0.014361	0.072978	0.014166	0.056174	0.025498	0.125147	0.034877	0.024521	0.042399	0.046796	0.083919	0.061938	0.059496	0.060473	0.017390	0.014068
89	na	4.021195	0.126514	0.010551	0.056467	0.052267	0.014361	0.072978	0.014166	0.056174	0.025498	0.125147	0.034877	0.024521	0.042399	0.046796	0.083919	0.061938	0.059496	0.060473	0.017390	0.014068
90	na	4.021195	0.126514	0.010551	0.056467	0.052267	0.014361	0.072978	0.014166	0.056174	0.025498	0.125147	0.034877	0.024521	0.042399	0.046796	0.083919	0.061938	0.059496	0.060473	0.017390	0.014068
91	na	4.021195	0.126514	0.010551	0.056467	0.052267	0.014361	0.072978	0.014166	0.056174	0.025498	0.125147	0.034877	0.024521	0.042399	0.046796	0.083919	0.061938	0.059496	0.060473	0.017390	0.014068
92	na	4.021195	0.126514	0.010551	0.056467	0.052267	0.014361	0.072978	0.014166	0.056174	0.025498	0.125147	0.034877	0.024521	0.042399	0.046796	0.083919	0.061938	0.059496	0.060473	0.017390	0.014068
93	na	4.021195	0.126514	0.010551	0.056467	0.052267	0.014361	0.072978	0.014166	0.056174	0.025498	0.125147	0.034877	0.024521	0.042399	0.046796	0.083919	0.061938	0.059496	0.060473	0.017390	0.014068
94	na	4.021195	0.126514	0.010551	0.056467	0.052267	0.014361	0.072978	0.014166	0.056174	0.025498	0.125147	0.034877	0.024521	0.042399	0.046796	0.083919	0.061938	0.059496	0.060473	0.017390	0.014068
95	na	4.021195	0.126514	0.010551	0.056467	0.052267	0.014361	0.072978	0.014166	0.056174	0.025498	0.125147	0.034877	0.024521	0.042399	0.046796	0.083919	0.061938	0.059496	0.060473	0.017390	0.014068
96	na	4.021195	0.126514	0.010551	0.056467	0.052267	0.014361	0.072978	0.014166	0.056174	0.025498	0.125147	0.034877	0.024521	0.042399	0.046796	0.083919	0.061938	0.059496	0.060473	0.017390	0.014068
97	na	4.021195	0.126514	0.010551	0.056467	0.052267	0.014361	0.072978	0.014166	0.056174	0.025498	0.125147	0.034877	0.024521	0.042399	0.046796	0.083919	0.061938	0.059496	0.060473	0.017390	0.014068
98	na	4.021195	0.126514	0.010551	0.056467	0.052267	0.014361	0.072978	0.014166	0.056174	0.025498	0.125147	0.034877	0.024521	0.042399	0.046796	0.083919	0.061938	0.059496	0.060473	0.017390	0.014068
99	na	4.021195	0.126514	0.010551	0.056467	0.052267	0.014361	0.072978	0.014166	0.056174	0.025498	0.125147	0.034877	0.024521	0.042399	0.046796	0.083919	0.061938	0.059496	0.060473	0.017390	0.014068
100	na	4.021195	0.126514	0.010551	0.056467	0.052267	0.014361	0.072978	0.014166	0.056174	0.025498	0.125147	0.034877	0.024521	0.042399	0.046796	0.083919	0.061938	0.059496	0.060473	0.017390	0.014068
101	na	4.021195	0.126514	0.010551	0.056467	0.052267	0.014361	0.072978	0.014166	0.056174	0.025498	0.125147	0.034877	0.024521	0.042399	0.046796	0.083919	0.061938	0.059496	0.060473	0.017390	0.014068
102	na	4.021195	0.126514	0.010551	0.056467	0.052267	0.014361	0.072978	0.014166	0.056174	0.025498	0.125147	0.034877	0.024521	0.042399	0.046796	0.083919	0.061938	0.059496	0.060473	0.017390	0.014068
103	na	4.021195	0.126514	0.010551	0.056467	0.052267	0.014361	0.072978	0.014166	0.056174	0.025498	0.125147	0.034877	0.024521	0.042399	0.046796	0.083919	0.061938	0.059496	0.060473	0.017390	0.014068
104	na	4.021195	0.126514	0.010551	0.056467	0.052267	0.014361	0.072978	0.014166	0.056174	0.025498	0.125147	0.034877	0.024521	0.042399	0.046796	0.083919	0.061938	0.059496	0.060473	0.017390	0.014068
105	na	4.021195	0.126514	0.010551	0.056467	0.052267	0.014361	0.072978	0.014166	0.056174	0.025498	0.125147	0.034877	0.024521	0.042399	0.046796	0.083919	0.061938	0.059496	0.060473	0.017390	0.014068
106	na	4.021195	0.126514	0.010551	0.056467	0.052267	0.014361	0.072978	0.014166	0.056174	0.025498	0.125147	0.034877	0.024521	0.042399	0.046796	0.083919	0.061938	0.059496	0.060473	0.017390	0.014068
107	na	4.021195	0.126514	0.010551	0.056467	0.052267	0.014361	0.072978	0.014166	0.056174	0.025498	0.125147	0.034877	0.024521	0.042399	0.046796	0.083919	0.061938	0.059496	0.060473	0.017390	0.014068
108	na	4.021195	0.126514	0.010551	0.056467	0.052267	0.014361	0.072978	0.014166	0.056174	0.025498	0.125147	0.034877	0.024521	0.042399	0.046796	0.083919	0.061938	0.059496	0.060473	0.017390	0.014068
109	na	4.021195	0.126514	0.010551	0.056467	0.052267	0.014361	0.072978	0.014166	0.056174	0.025498	0.125147	0.034877	0.024521	0.042399	0.046796	0.083919	0.061938	0.059496	0.060473	0.017390	0.014068
110	na	4.021195	0.126514	0.010551	0.056467	0.052267	0.014361	0.072978	0.014166	0.056174	0.025498	0.125147	0.034877	0.024521	0.042399	0.046796	0.083919	0.061938	0.059496	0.060473	0.017390	0.014068
111	na	4.021195	0.126514	0.010551	0.056467	0.052267	0.014361	0.072978	0.014166	0.056174	0.025498	0.125147	0.034877	0.024521	0.042399	0.046796	0.083919	0.061938	0.059496	0.060473	0.017390	0.014068
112	na	4.021195	0.126514	0.010551	0.056467	0.052267	0.014361	0.072978	0.014166	0.056174	0.025498	0.125147	0.034877	0.024521	0.042399	0.046796	0.083919	0.061938	0.059496	0.060473	0.017390	0.014068
113	na	4.021195	0.126514	0.010551	0.056467	0.052267	0.014361	0.072978	0.014166	0.056174	0.025498	0.125147	0.034877	0.024521	0.042399	0.046796	0.083919	0.061938	0.059496	0.060473	0.017390	0.014068
114	na	4.021195	0.126514	0.010551	0.056467	0.052267	0.014361	0.072978	0.014166	0.056174	0.025498	0.125147	0.034877	0.024521	0.042399	0.046796	0.083919	0.061938	0.059496	0.060473	0.017390	0.014068
115	na	4.021195	0.126514	0.010551	0.056467	0.052267	0.014361	0.072978	0.014166	0.056174	0.025498	0.125147	0.034877	0.024521	0.042399	0.046796	0.083919	0.061938	0.059496	0.060473	0.017390	0.014068
116	na	4.021195	0.126514	0.010551	0.056467	0.052267	0.014361	0.072978	0.014166	0.056174	0.025498	0.125147	0.034877	0.024521	0.042399	0.046796	0.083919	0.061938	0.059496	0.060473	0.017390	0.014068
117	na	4.021195	0.126514	0.010551	0.056467	0.052267	0.014361	0.072978	0.014166	0.056174	0.025498	0.125147	0.034877	0.024521	0.042399	0.046796	0.083919	0.061938	0.059496	0.060473	0.017390	0.014068
118	na	4.021195	0.126514	0.010551	0.056467	0.052267	0.014361	0.072978	0.014166	0.056174	0.025498	0.125147	0.034877	0.024521	0.042399	0.046796	0.083919	0.061938	0.059496	0.060473	0.017390	0.014068
119	na	4.021195	0.126514	0.010551	0.056467	0.052267	0.014361	0.072978	0.014166	0.056174	0.025498	0.125147	0.034877	0.024521	0.042399	0.046796	0.083919	0.061938	0.059496	0.060473	0.017390	0.014068
120	na	4.021195	0.126514	0.010551	0.056467	0.052267	0.014361	0.072978	0.014166	0.056174	0.025498	0.125147	0.034877	0.024521	0.042399	0.046796	0.083919	0.061938	0.059496	0.060473	0.017390	0.014068
121	na	4.021195	0.126514	0.010551	0.056467	0.052267	0.014361	0.072978	0.014166	0.056174	0.025498	0.125147	0.034877	0.024521	0.042399	0.046796	0.083919	0.061938	0.059496	0.060473	0.017390	0.014068
122	na	4.021195	0.126514	0.010551	0.056467	0.052267	0.014361	0.072978	0.014166	0.056174	0.025498	0.125147	0.034877	0.024521	0.042399	0.046796	0.083919	0.061938	0.059496	0.060473	0.017390	0.014068
123	na	4.021195	0.126514	0.010551	0.056467	0.052267	0.014361	0.072978	0.014166	0.056174	0.025498	0.125147	0.034877	0.024521	0.042399	0.046796	0.083919	0.061938	0.059496	0.060473	0.017390	0.014068
124	na	4.021195	0.126514	0.010551	0.056467	0.052267	0.014361	0.072978	0.014166	0.056174	0.025498	0.125147	0.034877	0.024521	0.042399	0.046796	0.083919	0.061938	0.059496	0.060473	0.017390	0.014068
125	na	4.021195	0.126514	0.010551	0.056467	0.052267	0.014361	0.072978	0.014166	0.056174	0.025498	0.125147	0.034877	0.024521	0.042399	0.046796	0.083919	0.061938	0.059496	0.060473	0.017390	0.014068
126	na	4.021195	0.126514	0.010551	0.056467	0.052267	0.014361	0.072978	0.014166	0.056174	0.025498	0.125147	0.034877	0.024521	0.042399	0.046796	0.083919	0.061938	0.059496	0.060473	0.017390	0.014068
127	na	4.021195	0.126514	0.010551	0.056467	0.052267	0.014361	0.072978	0.014166	0.056174	0.025498	0.125147	0.034877	0.024521	0.042399	0.046796	0.083919	0.061938	0.059496	0.060473	0.017390	0.014068
128	na	4.021195	0.126514	0.010551	0.056467	0.052267	0.014361	0.072978	0.014166	0.056174	0.025498	0.125147	0.034877	0.024521	0.042399	0.046796	0.083919	0.061938	0.059496	0.060473	0.017390	0.014068
129	na	4.021195	0.126514	0.010551	0.056467	0.052267	0.014361	0.072978	0.014166	0.056174	0.025498	0.125147	0.034877	0.024521	0.042399	0.046796	0.083919	0.061938	0.059496	0.060473	0.017390	0.014068
130	na	4.021195	0.126514	0.010551	0.056467	0.052267	0.014361	0.072978	0.014166	0.056174	0.025498	0.125147	0.034877	0.024521	0.042399	0.046796	0.083919	0.061938	0.059496	0.060473	0.017390	0.014068
131	na	4.021195	0.126514	0.010551	0.056467	0.052267	0.014361	0.072978	0.014166	0.056174	0.025498	0.125147	0.034877	0.024521	0.042399	0.046796	0.083919	0.061938	0.059496	0.060473	0.017390	0.014068
132	na	4.021195	0.126514	0.010551	0.056467	0.052267	0.014361	0.072978	0.014166	0.056174	0.025498	0.125147	0.034877	0.024521	0.042399	0.046796	0.083919	0.061938	0.059496	0.060473	0.017390	0.014068
133	na	4.021195	0.126514	0.010551	0.056467	0.052267	0.014361	0.072978	0.014166	0.056174	0.025498	0.125147	0.034877	0.024521	0.042399	0.046796	0.083919	0.061938	0.059496	0.060473	0.017390	0.014068
134	na	4.021195	0.126514	0.010551	0.056467	0.052267	0.014361	0.072978	0.014166	0.056174	0.025498	0.125147	0.034877	0.024521	0.042399	0.046796	0.083919	0.061938	0.059496	0.060473	0.017390	0.014068
135	na	4.021195	0.126514	0.010551	0.056467	0.052267	0.014361	0.072978	0.014166	0.056174	0.025498	0.125147	0.034877	0.024521	0.042399	0.046796	0.083919	0.061938	0.059496	0.060473	0.017390	0.014068
136	na	4.021195	0.126514	0.010551	0.056467	0.052267	0.014361	0.072978	0.014166	0.056174	0.025498	0.125147	0.034877	0.024521	0.042399	0.046796	0.083919	0.061938	0.059496	0.060473	0.017390	0.014068
137	na	4.021195	0.126514	0.010551	0.056467	0.052267	0.014361	0.072978	0.014166	0.056174	0.025498	0.125147	0.034877	0.024521	0.042399	0.046796	0.083919	0.061938	0.059496	0.060473	0.017390	0.014068
138	na	4.021195	0.126514	0.010551	0.056467	0.052267	0.014361	0.072978	0.014166	0.056174	0.025498	0.125147	0.034877	0.024521	0.042399	0.046796	0.083919	0.061938	0.059496	0.060473	0.017390	0.014068
139	na	4.021195	0.126514	0.010551	0.056467	0.052267	0.014361	0.072978	0.014166	0.056174	0.025498	0.125147	0.034877	0.024521	0.042399	0.046796	0.083919	0.061938	0.059496	0.060473	0.017390	0.014068
140	na	4.021195	0.126514	0.010551	0.056467	0.052267	0.014361	0.072978	0.014166	0.056174	0.025498	0.125147	0.034877	0.024521	0.042399	0.046796	0.083919	0.061938	0.059496	0.060473	0.017390	0.014068
141	na	4.021195	0.126514	0.010551	0.056467	0.052267	0.014361	0.072978	0.014166	0.056174	0.025498	0.125147	0.034877	0.024521	0.042399	0.046796	0.083919	0.061938	0.059496	0.060473	0.017390	0.014068
142	na	4.021195	0.126514	0.010551	0.056467	0.052267	0.014361	0.072978	0.014166	0.056174	0.025498	0.125147	0.034877	0.024521	0.042399	0.046796	0.083919	0.061938	0.059496	0.060473	0.017390	0.014068
143	na	4.021195	0.126514	0.010551	0.056467	0.052267	0.014361	0.072978	0.014166	0.056174	0.025498	0.125147	0.034877	0.024521	0.042399	0.046796	0.083919	0.061938	0.059496	0.060473	0.017390	0.014068
144	na	4.021195	0.126514	0.010551	0.056467	0.052267	0.014361	0.072978	0.014166	0.056174	0.025498	0.125147	0.034877	0.024521	0.042399	0.046796	0.083919	0.061938	0.059496	0.060473	0.017390	0.014068
145	na	4.021195	0.126514	0.010551	0.056467	0.052267	0.014361	0.072978	0.014166	0.056174	0.025498	0.125147	0.034877	0.024521	0.042399	0.046796	0.083919	0.061938	0.059496	0.060473	0.017390	0.014068
146	na	4.021195	0.126514	0.010551	0.056467	0.052267	0.014361	0.072978	0.014166	0.056174	0.025498	0.125147	0.034877	0.024521	0.042399	0.046796	0.083919	0.061938	0.059496	0.060473	0.017390	0.014068
147	na	4.021195	0.126514	0.010551	0.056467	0.052267	0.014361	0.072978	0.014166	0.056174	0.025498	0.125147	0.034877	0.024521	0.042399	0.046796	0.083919	0.061938	0.059496	0.060473	0.017390	0.014068
148	na	4.021195	0.126514	0.010551	0.056467	0.052267	0.014361	0.072978	0.014166	0.056174	0.025498	0.125147	0.034877	0.024521	0.042399	0.046796	0.083919	0.061938	0.059496	0.060473	0.017390	0.014068
149	na	4.021195	0.126514	0.010551	0.056467	0.052267	0.014361	0.072978	0.014166	0.056174	0.025498	0.125147	0.034877	0.024521	0.042399	0.046796	0.083919	0.061938	0.059496	0.060473	0.017390	0.014068
150	na	4.021195	0.126514	0.010551	0.056467	0.052267	0.014361	0.072978	0.014166	0.056174	0.025498	0.125147	0.034877	0.024521	0.042399	0.046796	0.083919	0.061938	0.059496	0.060473	0.017390	0.014068
151	na	4.021195	0.126514	0.010551	0.056467	0.052267	0.014361	0.072978	0.014166	0.056174	0.025498	0.125147	0.034877	0.024521	0.042399	0.046796	0.083919	0.061938	0.059496	0.060473	0.017390	0.014068
152	na	4.021195	0.126514	0.010551	0.056467	0.052267	0.014361	0.072978	0.014166	0.056174	0.025498	0.125147	0.034877	0.024521	0.042399	0.046796	0.083919	0.061938	0.059496	0.060473	0.017390	0.014068
153	na	4.021195	0.126514	0.010551	0.056467	0.052267	0.014361	0.072978	0.014166	0.056174	0.025498	0.125147	0.034877	0.024521	0.042399	0.046796	0.083919	0.061938	0.059496	0.060473	0.017390	0.014068
154	na	4.021195	0.126514	0.010551	0.056467	0.052267	0.014361	0.072978	0.014166	0.056174	0.025498	0.125147	0.034877	0.024521	0.042399	0.046796	0.083919	0.061938	0.059496	0.060473	0.017390	0.014068
155	na	4.021195	0.126514	0.010551	0.056467	0.052267	0.014361	0.072978	0.014166	0.056174	0.025498	0.125147	0.034877	0.024521	0.042399	0.046796	0.083919	0.061938	0.059496	0.060473	0.017390	0.014068
156	na	4.021195	0.126514	0.010551	0.056467	0.052267	0.014361	0.072978	0.014166	0.056174	0.025498	0.125147	0.034877	0.024521	0.042399	0.046796	0.083919	0.061938	0.059496	0.060473	0.017390	0.014068
157	na	4.021195	0.126514	0.010551	0.056467	0.052267	0.014361	0.072978	0.014166	0.056174	0.025498	0.125147	0.034877	0.024521	0.042399	0.046796	0.083919	0.061938	0.059496	0.060473	0.017390	0.014068
158	na	4.021195	0.126514	0.010551	0.056467	0.052267	0.014361	0.072978	0.014166	0.056174	0.025498	0.125147	0.034877	0.024521	0.042399	0.046796	0.083919	0.061938	0.059496	0.060473	0.017390	0.014068
159	na	4.021195	0.126514	0.010551	0.056467	0.052267	0.014361	0.072978	0.014166	0.056174	0.025498	0.125147	0.034877	0.024521	0.042399	0.046796	0.083919	0.061938	0.059496	0.060473	0.017390	0.014068
160	na	4.021195	0.126514	0.010551	0.056467	0.052267	0.014361	0.072978	0.014166	0.056174	0.025498	0.125147	0.034877	0.024521	0.042399	0.046796	0.083919	0.061938	0.059496	0.060473	0.017390	0.014068
161	na	4.021195	0.126514	0.010551	0.056467	0.052267	0.014361	0.072978	0.014166	0.056174	0.025498	0.125147	0.034877	0.024521	0.042399	0.046796	0.083919	0.061938	0.059496	0.060473	0.017390	0.014068
162	na	4.021195	0.126514	0.010551	0.056467	0.052267	0.014361	0.072978	0.014166	0.056174	0.025498	0.125147	0.034877	0.024521	0.042399	0.046796	0.083919	0.061938	0.059496	0.060473	0.017390	0.014068
163	na	4.021195	0.126514	0.010551	0.056467	0.052267	0.014361	0.072978	0.014166	0.056174	0.025498	0.125147	0.034877	0.024521	0.042399	0.046796	0.083919	0.061938	0.059496	0.060473	0.017390	0.014068
164	na	4.021195	0.126514	0.010551	0.056467	0.052267	0.014361	0.072978	0.014166	0.056174	0.025498	0.125147	0.034877	0.024521	0.042399	0.046796	0.083919	0.061938	0.059496	0.060473	0.017390	0.014068
165	na	4.021195	0.126514	0.010551	0.056467	0.052267	0.014361	0.072978	0.014166	0.056174	0.025498	0.125147	0.034877	0.024521	0.042399	0.046796	0.083919	0.061938	0.059496	0.060473	0.017390	0.014068
166	na	4.021195	0.126514	0.010551	0.056467	0.052267	0.014361	0.072978	0.014166	0.056174	0.025498	0.125147	0.034877	0.024521	0.042399	0.046796	0.083919	0.061938	0.059496	0.060473	0.017390	0.014068
167	na	4.021195	0.126514	0.010551	0.056467	0.052267	0.014361	0.072978	0.014166	0.056174	0.025498	0.125147	0.034877	0.024521	0.042399	0.046796	0.083919	0.061938	0.059496	0.060473	0.017390	0.014068
168	na	4.021195	0.126514	0.010551	0.056467	0.052267	0.014361	0.072978	0.014166	0.056174	0.025498	0.125147	0.034877	0.024521	0.042399	0.046796	0.083919	0.061938	0.059496	0.060473	0.017390	0.014068
169	na	4.021195	0.126514	0.010551	0.056467	0.052267	0.014361	0.072978	0.014166	0.056174	0.025498	0.125147	0.034877	0.024521	0.042399	0.046796	0.083919	0.061938	0.059496	0.060473	0.017390	0.014068
170	na	4.021195	0.126514	0.010551	0.056467	0.052267	0.014361	0.072978	0.014166	0.056174	0.025498	0.125147	0.034877	0.024521	0.042399	0.046796	0.083919	0.061938	0.059496	0.060473	0.017390	0.014068
171	na	4.021195	0.126514	0.010551	0.056467	0.052267	0.014361	0.072978	0.014166	0.056174	0.025498	0.125147	0.034877	0.024521	0.042399	0.046796	0.083919	0.061938	0.059496	0.060473	0.017390	0.014068
172	na	4.021195	0.126514	0.010551	0.056467	0.052267	0.014361	0.072978	0.014166	0.056174	0.025498	0.125147	0.034877	0.024521	0.042399	0.046796	0.083919	0.061938	0.059496	0.060473	0.017390	0.014068
173	na	4.021195	0.126514	0.010551	0.056467	0.052267	0.014361	0.072978	0.014166	0.056174	0.025498	0.125147	0.034877	0.024521	0.042399	0.046796	0.083919	0.061938	0.059496	0.060473	0.017390	0.014068
174	na	4.021195	0.126514	0.010551	0.056467	0.052267	0.014361	0.072978	0.014166	0.056174	0.025498	0.125147	0.034877	0.024521	0.042399	0.046796	0.083919	0.061938	0.059496	0.060473	0.017390	0.014068
175	na	4.021195	0.126514	0.010551	0.056467	0.052267	0.014361	0.072978	0.014166	0.056174	0.025498	0.125147	0.034877	0.024521	0.042399	0.046796	0.083919	0.061938	0.059496	0.060473	0.017390	0.014068
176	na	4.021195	0.126514	0.010551	0.056467	0.052267	0.014361	0.072978	0.014166	0.056174	0.025498	0.125147	0.034877	0.024521	0.042399	0.046796	0.083919	0.061938	0.059496	0.060473	0.017390	0.014068
177	na	4.021195	0.126514	0.010551	0.056467	0.052267	0.014361	0.072978	0.014166	0.056174	0.025498	0.125147	0.034877	0.024521	0.042399	0.046796	0.083919	0.061938	0.059496	0.060473	0.017390	0.014068
178	na	4.021195	0.126514	0.010551	0.056467	0.052267	0.014361	0.072978	0.014166	0.056174	0.025498	0.125147	0.034877	0.024521	0.042399	0.046796	0.083919	0.061938	0.059496	0.060473	0.017390	0.014068
179	na	4.021195	0.126514	0.010551	0.056467	0.052267	0.014361	0.072978	0.014166	0.056174	0.025498	0.125147	0.034877	0.024521	0.042399	0.046796	0.083919	0.061938	0.059496	0.060473	0.017390	0.014068
180	na	4.021195	0.126514	0.010551	0.056467	0.052267	0.014361	0.072978	0.014166	0.056174	0.025498	0.125147	0.034877	0.024521	0.042399	0.046796	0.083919	0.061938	0.059496	0.060473	0.017390	0.014068
181	na	4.021195	0.126514	0.010551	0.056467	0.052267	0.014361	0.072978	0.014166	0.056174	0.025498	0.125147	0.034877	0.024521	0.042399	0.046796	0.083919	0.061938	0.059496	0.060473	0.017390	0.014068
182	na	4.021195	0.126514	0.010551	0.056467	0.052267	0.014361	0.072978	0.014166	0.056174	0.025498	0.125147	0.034877	0.024521	0.042399	0.046796	0.083919	0.061938	0.059496	0.060473	0.017390	0.014068
183	na	4.021195	0.126514	0.010551	0.056467	0.052267	0.014361	0.072978	0.014166	0.056174	0.025498	0.125147	0.034877	0.024521	0.042399	0.046796	0.083919	0.061938	0.059496	0.060473	0.017390	0.014068
184	na	4.021195	0.126514	0.010551	0.056467	0.052267	0.014361	0.072978	0.014166	0.056174	0.025498	0.125147	0.034877	0.024521	0.042399	0.046796	0.083919	0.061938	0.059496	0.060473	0.017390	0.014068
185	na	4.021195	0.126514	0.010551	0.056467	0.052267	0.014361	0.072978	0.014166	0.056174	0.025498	0.125147	0.034877	0.024521	0.042399	0.046796	0.083919	0.061938	0.059496	0.060473	0.017390	0.014068
186	na	4.021195	0.126514	0.010551	0.056467	0.052267	0.014361	0.072978	0.014166	0.056174	0.025498	0.125147	0.034877	0.024521	0.042399	0.046796	0.083919	0.061938	0.059496	0.060473	0.017390	0.014068
187	na	4.021195	0.126514	0.010551	0.056467	0.052267	0.014361	0.072978	0.014166	0.056174	0.025498	0.125147	0.034877	0.024521	0.042399	0.046796	0.083919	0.061938	0.059496	0.060473	0.017390	0.014068
188	na	4.021195	0.126514	0.010551	0.056467	0.052267	0.014361	0.072978	0.014166	0.056174	0.025498	0.125147	0.034877	0.024521	0.042399	0.046796	0.083919	0.061938	0.059496	0.060473	0.017390	0.014068
189	na	4.021195	0.126514	0.010551	0.056467	0.052267	0.014361	0.072978	0.014166	0.056174	0.025498	0.125147	0.034877	0.024521	0.042399	0.046796	0.083919	0.061938	0.059496	0.060473	0.017390	0.014068
190	na	4.021195	0.126514	0.010551	0.056467	0.052267	0.014361	0.072978	0.014166	0.056174	0.025498	0.125147	0.034877	0.024521	0.042399	0.046796	0.083919	0.061938	0.059496	0.060473	0.017390	0.014068
191	na	4.021195	0.126514	0.010551	0.056467	0.052267	0.014361	0.072978	0.014166	0.056174	0.025498	0.125147	0.034877	0.024521	0.042399	0.046796	0.083919	0.061938	0.059496	0.060473	0.017390	0.014068
192	na	4.021195	0.126514	0.010551	0.056467	0.052267	0.014361	0.072978	0.014166	0.056174	0.025498	0.125147	0.034877	0.024521	0.042399	0.046796	0.083919	0.061938	0.059496	0.060473	0.017390	0.014068
193	na	4.021195	0.126514	0.010551	0.056467	0.052267	0.014361	0.072978	0.014166	0.056174	0.025498	0.125147	0.034877	0.024521	0.042399	0.046796	0.083919	0.061938	0.059496	0.060473	0.017390	0.014068
194	na	4.021195	0.126514	0.010551	0.056467	0.052267	0.014361	0.072978	0.014166	0.056174	0.025498	0.125147	0.034877	0.024521	0.042399	0.046796	0.083919	0.061938	0.059496	0.060473	0.017390	0.014068
195	na	4.021195	0.126514	0.010551	0.056467	0.052267	0.014361	0.072978	0.014166	0.056174	0.025498	0.125147	0.034877	0.024521	0.042399	0.046796	0.083919	0.061938	0.059496	0.060473	0.017390	0.014068
196	na	4.021195	0.126514	0.010551	0.056467	0.052267	0.014361	0.072978	0.014166	0.056174	0.025498	0.125147	0.034877	0.024521	0.042399	0.046796	0.083919	0.061938	0.059496	0.060473	0.017390	0.014068
197	na	4.021195	0.126514	0.010551	0.056467	0.052267	0.014361	0.072978	0.014166	0.056174	0.025498	0.125147	0.034877	0.024521	0.042399	0.046796	0.083919	0.061938	0.059496	0.060473	0.017390	0.014068
198	na	4.021195	0.126514	0.010551	0.056467	0.052267	0.014361	0.072978	0.014166	0.056174	0.025498	0.125147	0.034877	0.024521	0.042399	0.046796	0.083919	0.061938	0.059496	0.060473	0.017390	0.014068
199	na	4.021195	0.126514	0.010551	0.056467	0.052267	0.014361	0.072978	0.014166	0.056174	0.025498	0.125147	0.034877	0.024521	0.042399	0.046796	0.083919	0.061938	0.059496	0.060473	0.017390	0.014068
200	na	4.021195	0.126514	0.010551	0.056467	0.052267	0.014361	0.072978	0.014166	0.056174	0.025498	0.125147	0.034877	0.024521	0.042399	0.046796	0.083919	0.061938	0.059496	0.060473	0.017390	0.014068
201	na	4.021195	0.126514	0.010551	0.056467	0.052267	0.014361	0.072978	0.014166	0.056174	0.025498	0.125147	0.034877	0.024521	0.042399	0.046796	0.083919	0.061938	0.059496	0.060473	0.017390	0.014068
202	na	4.021195	0.126514	0.010551	0.056467	0.052267	0.014361	0.072978	0.014166	0.056174	0.025498	0.125147	0.034877	0.024521	0.042399	0.046796	0.083919	0.061938	0.059496	0.060473	0.017390	0.014068
203	na	4.021195	0.126514	0.010551	0.056467	0.052267	0.014361	0.072978	0.014166	0.056174	0.025498	0.125147	0.034877	0.024521	0.042399	0.046796	0.083919	0.061938	0.059496	0.060473	0.017390	0.014068
204	na	4.021195	0.126514	0.010551	0.056467	0.052267	0.014361	0.072978	0.014166	0.056174	0.025498	0.125147	0.034877	0.024521	0.042399	0.046796	0.083919	0.061938	0.059496	0.060473	0.017390	0.014068
205	na	4.021195	0.126514	0.010551	0.056467	0.052267	0.014361	0.072978	0.014166	0.056174	0.025498	0.125147	0.034877	0.024521	0.042399	0.046796	0.083919	0.061938	0.059496	0.060473	0.017390	0.014068
206	na	4.021195	0.126514	0.010551	0.056467	0.052267	0.014361	0.072978	0.014166	0.056174	0.025498	0.125147	0.034877	0.024521	0.042399	0.046796	0.083919	0.061938	0.059496	0.060473	0.017390	0.014068
207	na	4.021195	0.126514	0.010551	0.056467	0.052267	0.014361	0.072978	0.014166	0.056174	0.025498	0.125147	0.034877	0.024521	0.042399	0.046796	0.083919	0.061938	0.059496	0.060473	0.017390	0.014068
208	na	4.021195	0.126514	0.010551	0.056467	0.052267	0.014361	0.072978	0.014166	0.056174	0.025498	0.125147	0.034877	0.024521	0.042399	0.046796	0.083919	0.061938	0.059496	0.060473	0.017390	0.014068
209	na	4.021195	0.126514	0.010551	0.056467	0.052267	0.014361	0.072978	0.014166	0.056174	0.025498	0.125147	0.034877	0.024521	0.042399	0.046796	0.083919	0.061938	0.059496	0.060473	0.017390	0.014068
210	na	4.021195	0.126514	0.010551	0.056467	0.052267	0.014361	0.072978	0.014166	0.056174	0.025498	0.125147	0.034877	0.024521	0.042399	0.046796	0.083919	0.061938	0.059496	0.060473	0.017390	0.014068
211	na	4.021195	0.126514	0.010551	0.056467	0.052267	0.014361	0.072978	0.014166	0.056174	0.025498	0.125147	0.034877	0.024521	0.042399	0.046796	0.083919	0.061938	0.059496	0.060473	0.017390	0.014068
212	na	4.021195	0.126514	0.010551	0.056467	0.052267	0.014361	0.072978	0.014166	0.056174	0.025498	0.125147	0.034877	0.024521	0.042399	0.046796	0.083919	0.061938	0.059496	0.060473	0.017390	0.014068
213	na	4.021195	0.126514	0.010551	0.056467	0.052267	0.014361	0.072978	0.014166	0.056174	0.025498	0.125147	0.034877	0.024521	0.042399	0.046796	0.083919	0.061938	0.059496	0.060473	0.017390	0.014068
214	na	4.021195	0.126514	0.010551	0.056467	0.052267	0.014361	0.072978	0.014166	0.056174	0.025498	0.125147	0.034877	0.024521	0.042399	0.046796	0.083919	0.061938	0.059496	0.060473	0.017390	0.014068
215	na	4.021195	0.126514	0.010551	0.056467	0.052267	0.014361	0.072978	0.014166	0.056174	0.025498	0.125147	0.034877	0.024521	0.042399	0.046796	0.083919	0.061938	0.059496	0.060473	0.017390	0.014068
216	na	4.021195	0.126514	0.010551	0.056467	0.052267	0.014361	0.072978	0.014166	0.056174	0.025498	0.125147	0.034877	0.024521	0.042399	0.046796	0.083919	0.061938	0.059496	0.060473	0.017390	0.014068
217	na	4.021195	0.126514	0.010551	0.056467	0.052267	0.014361	0.072978	0.014166	0.056174	0.025498	0.125147	0.034877	0.024521	0.042399	0.046796	0.083919	0.061938	0.059496	0.060473	0.017390	0.014068
218	na	4.021195	0.126514	0.010551	0.056467	0.052267	0.014361	0.072978	0.014166	0.056174	0.025498	0.125147	0.034877	0.024521	0.042399	0.046796	0.083919	0.061938	0.059496	0.060473	0.017390	0.014068
219	na	4.021195	0.126514	0.010551	0.056467	0.052267	0.014361	0.072978	0.014166	0.056174	0.025498	0.125147	0.034877	0.024521	0.042399	0.046796	0.083919	0.061938	0.059496	0.060473	0.017390	0.014068
220	na	4.021195	0.126514	0.010551	0.056467	0.052267	0.014361	0.072978	0.014166	0.056174	0.025498	0.125147	0.034877	0.024521	0.042399	0.046796	0.083919	0.061938	0.059496	0.060473	0.017390	0.014068
221	na	4.021195	0.126514	0.010551	0.056467	0.052267	0.014361	0.072978	0.014166	0.056174	0.025498	0.125147	0.034877	0.024521	0.042399	0.046796	0.083919	0.061938	0.059496	0.060473	0.017390	0.014068
222	na	4.021195	0.126514	0.010551	0.056467	0.052267	0.014361	0.072978	0.014166	0.056174	0.025498	0.125147	0.034877	0.024521	0.042399	0.046796	0.083919	0.061938	0.059496	0.060473	0.017390	0.014068
223	na	4.021195	0.126514	0.010551	0.056467	0.052267	0.014361	0.072978	0.014166	0.056174	0.025498	0.125147	0.034877	0.024521	0.042399	0.046796	0.083919	0.061938	0.059496	0.060473	0.017390	0.014068
224	na	4.021195	0.126514	0.010551	0.056467	0.052267	0.014361	0.072978	0.014166	0.056174	0.025498	0.125147	0.034877	0.024521	0.042399	0.046796	0.083919	0.061938	0.059496	0.060473	0.017390	0.014068
225	na	4.021195	0.126514	0.010551	0.056467	0.052267	0.014361	0.072978	0.014166	0.056174	0.025498	0.125147	0.034877	0.024521	0.042399	0.046796	0.083919	0.061938	0.059496	0.060473	0.017390	0.014068
226	na	4.021195	0.126514	0.010551	0.056467	0.052267	0.014361	0.072978	0.014166	0.056174	0.025498	0.125147	0.034877	0.024521	0.042399	0.046796	0.083919	0.061938	0.059496	0.060473	0.017390	0.014068
227	na	4.021195	0.126514	0.010551	0.056467	0.052267	0.014361	0.072978	0.014166	0.056174	0.025498	0.125147	0.034877	0.024521	0.042399	0.046796	0.083919	0.061938	0.059496	0.060473	0.017390	0.014068
228	na	4.021195	0.126514	0.010551	0.056467	0.052267	0.014361	0.072978	0.014166	0.056174	0.025498	0.125147	0.034877	0.024521	0.042399	0.046796	0.083919	0.061938	0.059496	0.060473	0.017390	0.014068
229	na	4.021195	0.126514	0.010551	0.056467	0.052267	0.014361	0.072978	0.014166	0.056174	0.025498	0.125147	0.034877	0.024521	0.042399	0.046796	0.083919	0.061938	0.059496	0.060473	0.017390	0.014068
230	na	4.021195	0.126514	0.010551	0.056467	0.052267	0.014361	0.072978	0.014166	0.056174	0.025498	0.125147	0.034877	0.024521	0.042399	0.046796	0.083919	0.061938	0.059496	0.060473	0.017390	0.014068
231	na	4.021195	0.126514	0.010551	0.056467	0.052267	0.014361	0.072978	0.014166	0.056174	0.025498	0.125147	0.034877	0.024521	0.042399	0.046796	0.083919	0.061938	0.059496	0.060473	0.017390	0.014068
232	na	4.021195	0.126514	0.010551	0.056467	0.052267	0.014361	0.072978	0.014166	0.056174	0.025498	0.125147	0.034877	0.024521	0.042399	0.046796	0.083919	0.061938	0.059496	0.060473	0.017390	0.014068
233	na	4.021195	0.126514	0.010551	0.056467	0.052267	0.014361	0.072978	0.014166	0.056174	0.025498	0.125147	0.034877	0.024521	0.042399	0.046796	0.083919	0.061938	0.059496	0.060473	0.017390	0.014068
234	na	4.021195	0.126514	0.010551	0.056467	0.052267	0.014361	0.072978	0.014166	0.056174	0.025498	0.125147	0.034877	0.024521	0.042399	0.046796	0.083919	0.061938	0.059496	0.060473	0.017390	0.014068
235	na	4.021195	0.126514	0.010551	0.056467	0.052267	0.014361	0.072978	0.014166	0.056174	0.025498	0.125147	0.034877	0.024521	0.042399	0.046796	0.083919	0.061938	0.059496	0.060473	0.017390	0.014068
236	na	4.021195	0.126514	0.010551	0.056467	0.052267	0.014361	0.072978	0.014166	0.056174	0.025498	0.125147	0.034877	0.024521	0.042399	0.046796	0.083919	0.061938	0.059496	0.060473	0.017390	0.014068
237	na	4.021195	0.126514	0.010551	0.056467	0.052267	0.014361	0.072978	0.014166	0.056174	0.025498	0.125147	0.034877	0.024521	0.042399	0.046796	0.083919	0.061938	0.059496	0.060473	0.017390	0.014068
238	na	4.021195	0.126514	0.010551	0.056467	0.052267	0.014361	0.072978	0.014166	0.056174	0.025498	0.125147	0.034877	0.024521	0.042399	0.046796	0.083919	0.061938	0.059496	0.060473	0.017390	0.014068
239	na	4.021195	0.126514	0.010551	0.056467	0.052267	0.014361	0.072978	0.014166	0.056174	0.025498	0.125147	0.034877	0.024521	0.042399	0.046796	0.083919	0.061938	0.059496	0.060473	0.017390	0.014068
240	na	4.021195	0.126514	0.010551	0.056467	0.052267	0.014361	0.072978	0.014166	0.056174	0.025498	0.125147	0.034877	0.024521	0.042399	0.046796	0.083919	0.061938	0.059496	0.060473	0.017390	0.014068
241	na	4.021195	0.126514	0.010551	0.056467	0.052267	0.014361	0.072978	0.014166	0.056174	0.025498	0.125147	0.034877	0.024521	0.042399	0.046796	0.083919	0.061938	0.059496	0.060473	0.017390	0.014068
242	na	4.021195	0.126514	0.010551	0.056467	0.052267	0.014361	0.072978	0.014166	0.056174	0.025498	0.125147	0.034877	0.024521	0.042399	0.046796	0.083919	0.061938	0.059496	0.060473	0.017390	0.014068
243	na	4.021195	0.126514	0.010551	0.056467	0.052267	0.014361	0.072978	0.014166	0.056174	0.025498	0.125147	0.034877	0.024521	0.042399	0.046796	0.083919	0.061938	0.059496	0.060473	0.017390	0.014068
244	na	4.021195	0.126514	0.010551	0.056467	0.052267	0.014361	0.072978	0.014166	0.056174	0.025498	0.125147	0.034877	0.024521	0.042399	0.046796	0.083919	0.061938	0.059496	0.060473	0.017390	0.014068
245	na	4.021195	0.126514	0.010551	0.056467	0.052267	0.014361	0.072978	0.014166	0.056174	0.025498	0.125147	0.034877	0.024521	0.042399	0.046796	0.083919	0.061938	0.059496	0.060473	0.017390	0.014068
246	na	4.021195	0.126514	0.010551	0.056467	0.052267	0.014361	0.072978	0.014166	0.056174	0.025498	0.125147	0.034877	0.024521	0.042399	0.046796	0.083919	0.061938	0.059496	0.060473	0.017390	0.014068
247	na	4.021195	0.126514	0.010551	0.056467	0.052267	0.014361	0.072978	0.014166	0.056174	0.025498	0.125147	0.034877	0.024521	0.042399	0.046796	0.083919	0.061938	0.059496	0.060473	0.017390	0.014068
248	na	4.021195	0.126514	0.010551	0.056467	0.052267	0.014361	0.072978	0.014166	0.056174	0.025498	0.125147	0.034877	0.024521	0.042399	0.046796	0.083919	0.061938	0.059496	0.060473	0.017390	0.014068
249	na	4.021195	0.126514	0.010551	0.056467	0.052267	0.014361	0.072978	0.014166	0.056174	0.025498	0.125147	0.034877	0.024521	0.042399	0.046796	0.083919	0.061938	0.059496	0.060473	0.017390	0.014068
250	na	4.021195	0.126514	0.010551	0.056467	0.052267	0.014361	0.072978	0.014166	0.056174	0.025498	0.125147	0.034877	0.024521	0.042399	0.046796	0.083919	0.061938	0.059496	0.060473	0.017390	0.014068
251	na	4.021195	0.126514	0.010551	0.056467	0.052267	0.014361	0.072978	0.014166	0.056174	0.025498	0.125147	0.034877	0.024521	0.042399	0.046796	0.083919	0.061938	0.059496	0.060473	0.017390	0.014068
252	na	4.021195	0.126514	0.010551	0.056467	0.052267	0.014361	0.072978	0.014166	0.056174	0.025498	0.125147	0.034877	0.024521	0.042399	0.046796	0.083919	0.061938	0.059496	0.060473	0.017390	0.014068
253	na	4.021195	0.126514	0.010551	0.056467	0.052267	0.014361	0.072978	0.014166	0.056174	0.025498	0.125147	0.034877	0.024521	0.042399	0.046796	0.083919	0.061938	0.059496	0.060473	0.017390	0.014068
254	na	4.021195	0.126514	0.010551	0.056467	0.052267	0.014361	0.072978	0.014166	0.056174	0.025498	0.125147	0.034877	0.024521	0.042399	0.046796	0.083919	0.061938	0.059496	0.060473	0.017390	0.014068
255	na	4.021195	0.126514	0.010551	0.056467	0.052267	0.014361	0.072978	0.014166	0.056174	0.025498	0.125147	0.034877	0.024521	0.042399	0.046796	0.083919	0.061938	0.059496	0.060473	0.017390	0.014068
256	na	4.021195	0.126514	0.010551	0.056467	0.052267	0.014361	0.072978	0.014166	0.056174	0.025498	0.125147	0.034877	0.024521	0.042399	0.046796	0.083919	0.061938	0.059496	0.060473	0.017390	0.014068
257	na	4.021195	0.126514	0.010551	0.056467	0.052267	0.014361	0.072978	0.014166	0.056174	0.025498	0.125147	0.034877	0.024521	0.042399	0.046796	0.083919	0.061938	0.059496	0.060473	0.017390	0.014068
258	na	4.021195	0.126514	0.010551	0.056467	0.052267	0.014361	0.072978	0.014166	0.056174	0.025498	0.125147	0.034877	0.024521	0.042399	0.046796	0.083919	0.061938	0.059496	0.060473	0.017390	0.014068
259	na	4.021195	0.126514	0.010551	0.056467	0.052267	0.014361	0.072978	0.014166	0.056174	0.025498	0.125147	0.034877	0.024521	0.042399	0.046796	0.083919	0.061938	0.059496	0.060473	0.017390	0.014068
260	na	4.021195	0.126514	0.010551	0.056467	0.052267	0.014361	0.072978	0.014166	0.056174	0.025498	0.125147	0.034877	0.024521	0.042399	0.046796	0.083919	0.061938	0.059496	0.060473	0.017390	0.014068
261	na	4.021195	0.126514	0.010551	0.056467	0.052267	0.014361	0.072978	0.014166	0.056174	0.025498	0.125147	0.034877	0.024521	0.042399	0.046796	0.083919	0.061938	0.059496	0.060473	0.017390	0.014068
262	na	4.021195	0.126514	0.010551	0.056467	0.052267	0.014361	0.072978	0.014166	0.056174	0.025498	0.125147	0.034877	0.024521	0.042399	0.046796	0.083919	0.061938	0.059496	0.060473	0.017390	0.014068
263	na	4.021195	0.126514	0.010551	0.056467	0.052267	0.014361	0.072978	0.014166	0.056174	0.025498	0.125147	0.034877	0.024521	0.042399	0.046796	0.083919	0.061938	0.059496	0.060473	0.017390	0.014068
264	na	4.021195	0.126514	0.010551	0.056467	0.052267	0.014361	0.072978	0.014166	0.056174	0.025498	0.125147	0.034877	0.024521	0.042399	0.046796	0.083919	0.061938	0.059496	0.060473	0.017390	0.014068
265	na	4.021195	0.126514	0.010551	0.056467	0.052267	0.014361	0.072978	0.014166	0.056174	0.025498	0.125147	0.034877	0.024521	0.042399	0.046796	0.083919	0.061938	0.059496	0.060473	0.017390	0.014068
266	na	4.021195	0.126514	0.010551	0.056467	0.052267	0.014361	0.072978	0.014166	0.056174	0.025498	0.125147	0.034877	0.024521	0.042399	0.046796	0.083919	0.061938	0.059496	0.060473	0.017390	0.014068
267	na	4.021195	0.126514	0.010551	0.056467	0.052267	0.014361	0.072978	0.014166	0.056174	0.025498	0.125147	0.034877	0.024521	0.042399	0.046796	0.083919	0.061938	0.059496	0.060473	0.017390	0.014068
268	na	4.021195	0.126514	0.010551	0.056467	0.052267	0.014361	0.072978	0.014166	0.056174	0.025498	0.125147	0.034877	0.024521	0.042399	0.046796	0.083919	0.061938	0.059496	0.060473	0.017390	0.014068
269	na	4.021195	0.126514	0.010551	0.056467	0.052267	0.014361	0.072978	0.014166	0.056174	0.025498	0.125147	0.034877	0.024521	0.042399	0.046796	0.083919	0.061938	0.059496	0.060473	0.017390	0.014068
270	na	4.021195	0.126514	0.010551	0.056467	0.052267	0.014361	0.072978	0.014166	0.056174	0.025498	0.125147	0.034877	0.024521	0.042399	0.046796	0.083919	0.061938	0.059496	0.060473	0.017390	0.014068
271	na	4.021195	0.126514	0.010551	0.056467	0.052267	0.014361	0.072978	0.014166	0.056174	0.025498	0.125147	0.034877	0.024521	0.042399	0.046796	0.083919	0.061938	0.059496	0.060473	0.017390	0.014068
272	na	4.021195	0.126514	0.010551	0.056467	0.052267	0.014361	0.072978	0.014166	0.056174	0.025498	0.125147	0.034877	0.024521	0.042399	0.046796	0.083919	0.061938	0.059496	0.060473	0.017390	0.014068
273	na	4.021195	0.126514	0.010551	0.056467	0.052267	0.014361	0.072978	0.014166	0.056174	0.025498	0.125147	0.034877	0.024521	0.042399	0.046796	0.083919	0.061938	0.059496	0.060473	0.017390	0.014068
274	na	4.021195	0.126514	0.010551	0.056467	0.052267	0.014361	0.072978	0.014166	0.056174	0.025498	0.125147	0.034877	0.024521	0.042399	0.046796	0.083919	0.061938	0.059496	0.060473	0.017390	0.014068
275	na	4.021195	0.126514	0.010551	0.056467	0.052267	0.014361	0.072978	0.014166	0.056174	0.025498	0.125147	0.034877	0.024521	0.042399	0.046796	0.083919	0.061938	0.059496	0.060473	0.017390	0.014068
276	na	4.021195	0.126514	0.010551	0.056467	0.052267	0.014361	0.072978	0.014166	0.056174	0.025498	0.125147	0.034877	0.024521	0.042399	0.046796	0.083919	0.061938	0.059496	0.060473	0.017390	0.014068
277	na	4.021195	0.126514	0.010551	0.056467	0.052267	0.014361	0.072978	0.014166	0.056174	0.025498	0.125147	0.034877	0.024521	0.042399	0.046796	0.083919	0.061938	0.059496	0.060473	0.017390	0.014068
278	na	4.021195	0.126514	0.010551	0.056467	0.052267	0.014361	0.072978	0.014166	0.056174	0.025498	0.125147	0.034877	0.024521	0.042399	0.046796	0.083919	0.061938	0.059496	0.060473	0.017390	0.014068
279	na	4.021195	0.126514	0.010551	0.056467	0.052267	0.014361	0.072978	0.014166	0.056174	0.025498	0.125147	0.034877	0.024521	0.042399	0.046796	0.083919	0.061938	0.059496	0.060473	0.017390	0.014068
280	na	4.021195	0.126514	0.010551	0.056467	0.052267	0.014361	0.072978	0.014166	0.056174	0.025498	0.125147	0.034877	0.024521	0.042399	0.046796	0.083919	0.061938	0.059496	0.060473	0.017390	0.014068
281	na	4.021195	0.126514	0.010551	0.056467	0.052267	0.014361	0.072978	0.014166	0.056174	0.025498	0.125147	0.034877	0.024521	0.042399	0.046796	0.083919	0.061938	0.059496	0.060473	0.017390	0.014068
282	na	4.021195	0.126514	0.010551	0.056467	0.052267	0.014361	0.072978	0.014166	0.056174	0.025498	0.125147	0.034877	0.024521	0.042399	0.046796	0.083919	0.061938	0.059496	0.060473	0.017390	0.014068
283	na	4.021195	0.126514	0.010551	0.056467	0.052267	0.014361	0.072978	0.014166	0.056174	0.025498	0.125147	0.034877	0.024521	0.042399	0.046796	0.083919	0.061938	0.059496	0.060473	0.017390	0.014068
284	na	4.021195	0.126514	0.010551	0.056467	0.052267	0.014361	0.072978	0.014166	0.056174	0.025498	0.125147	0.034877	0.024521	0.042399	0.046796	0.083919	0.061938	0.059496	0.060473	0.017390	0.014068
285	na	4.021195	0.126514	0.010551	0.056467	0.052267	0.014361	0.072978	0.014166	0.056174	0.025498	0.125147	0.034877	0.024521	0.042399	0.046796	0.083919	0.061938	0.059496	0.060473	0.017390	0.014068
286	na	4.021195	0.126514	0.010551	0.056467	0.052267	0.014361	0.072978	0.014166	0.056174	0.025498	0.125147	0.034877	0.024521	0.042399	0.046796	0.083919	0.061938	0.059496	0.060473	0.017390	0.014068
