#SITE	WT_AA	SITE_ENTROPY	PI_A	PI_C	PI_D	PI_E	PI_F	PI_G	PI_H	PI_I	PI_K	PI_L	PI_M	PI_N	PI_P	PI_Q	PI_R	PI_S	PI_T	PI_V	PI_W	PI_Y
1	na	4.106901	0.100556	0.010911	0.056126	0.067893	0.035444	0.072600	0.025032	0.059763	0.041078	0.114962	0.033804	0.027457	0.049280	0.030666	0.064827	0.057481	0.071031	0.053345	0.013693	0.014049
2	na	4.106901	0.100556	0.010911	0.056126	0.067893	0.035444	0.072600	0.025032	0.059763	0.041078	0.114962	0.033804	0.027457	0.049280	0.030666	0.064827	0.057481	0.071031	0.053345	0.013693	0.014049
3	na	4.106901	0.100556	0.010911	0.056126	0.067893	0.035444	0.072600	0.025032	0.059763	0.041078	0.114962	0.033804	0.027457	0.049280	0.030666	0.064827	0.057481	0.071031	0.053345	0.013693	0.014049
4	na	4.106901	0.100556	0.010911	0.056126	0.067893	0.035444	0.072600	0.025032	0.059763	0.041078	0.114962	0.033804	0.027457	0.049280	0.030666	0.064827	0.057481	0.071031	0.053345	0.013693	0.014049
5	na	4.106901	0.100556	0.010911	0.056126	0.067893	0.035444	0.072600	0.025032	0.059763	0.041078	0.114962	0.033804	0.027457	0.049280	0.030666	0.064827	0.057481	0.071031	0.053345	0.013693	0.014049
6	na	4.106901	0.100556	0.010911	0.056126	0.067893	0.035444	0.072600	0.025032	0.059763	0.041078	0.114962	0.033804	0.027457	0.049280	0.030666	0.064827	0.057481	0.071031	0.053345	0.013693	0.014049
7	na	4.106901	0.100556	0.010911	0.056126	0.067893	0.035444	0.072600	0.025032	0.059763	0.041078	0.114962	0.033804	0.027457	0.049280	0.030666	0.064827	0.057481	0.071031	0.053345	0.013693	0.014049
8	na	4.106901	0.100556	0.010911	0.056126	0.067893	0.035444	0.072600	0.025032	0.059763	0.041078	0.114962	0.033804	0.027457	0.049280	0.030666	0.064827	0.057481	0.071031	0.053345	0.013693	0.014049
9	na	4.106901	0.100556	0.010911	0.056126	0.067893	0.035444	0.072600	0.025032	0.059763	0.041078	0.114962	0.033804	0.027457	0.049280	0.030666	0.064827	0.057481	0.071031	0.053345	0.013693	0.014049
10	na	4.106901	0.100556	0.010911	0.056126	0.067893	0.035444	0.072600	0.025032	0.059763	0.041078	0.114962	0.033804	0.027457	0.049280	0.030666	0.064827	0.057481	0.071031	0.053345	0.013693	0.014049
11	na	4.106901	0.100556	0.010911	0.056126	0.067893	0.035444	0.072600	0.025032	0.059763	0.041078	0.114962	0.033804	0.027457	0.049280	0.030666	0.064827	0.057481	0.071031	0.053345	0.013693	0.014049
12	na	4.106901	0.100556	0.010911	0.056126	0.067893	0.035444	0.072600	0.025032	0.059763	0.041078	0.114962	0.033804	0.027457	0.049280	0.030666	0.064827	0.057481	0.071031	0.053345	0.013693	0.014049
13	na	4.106901	0.100556	0.010911	0.056126	0.067893	0.035444	0.072600	0.025032	0.059763	0.041078	0.114962	0.033804	0.027457	0.049280	0.030666	0.064827	0.057481	0.071031	0.053345	0.013693	0.014049
14	na	4.106901	0.100556	0.010911	0.056126	0.067893	0.035444	0.072600	0.025032	0.059763	0.041078	0.114962	0.033804	0.027457	0.049280	0.030666	0.064827	0.057481	0.071031	0.053345	0.013693	0.014049
15	na	4.106901	0.100556	0.010911	0.056126	0.067893	0.035444	0.072600	0.025032	0.059763	0.041078	0.114962	0.033804	0.027457	0.049280	0.030666	0.064827	0.057481	0.071031	0.053345	0.013693	0.014049
16	na	4.106901	0.100556	0.010911	0.056126	0.067893	0.035444	0.072600	0.025032	0.059763	0.041078	0.114962	0.033804	0.027457	0.049280	0.030666	0.064827	0.057481	0.071031	0.053345	0.013693	0.014049
17	na	4.106901	0.100556	0.010911	0.056126	0.067893	0.035444	0.072600	0.025032	0.059763	0.041078	0.114962	0.033804	0.027457	0.049280	0.030666	0.064827	0.057481	0.071031	0.053345	0.013693	0.014049
18	na	4.106901	0.100556	0.010911	0.056126	0.067893	0.035444	0.072600	0.025032	0.059763	0.041078	0.114962	0.033804	0.027457	0.049280	0.030666	0.064827	0.057481	0.071031	0.053345	0.013693	0.014049
19	na	4.106901	0.100556	0.010911	0.056126	0.067893	0.035444	0.072600	0.025032	0.059763	0.041078	0.114962	0.033804	0.027457	0.049280	0.030666	0.064827	0.057481	0.071031	0.053345	0.013693	0.014049
20	na	4.106901	0.100556	0.010911	0.056126	0.067893	0.035444	0.072600	0.025032	0.059763	0.041078	0.114962	0.033804	0.027457	0.049280	0.030666	0.064827	0.057481	0.071031	0.053345	0.013693	0.014049
21	na	4.106901	0.100556	0.010911	0.056126	0.067893	0.035444	0.072600	0.025032	0.059763	0.041078	0.114962	0.033804	0.027457	0.049280	0.030666	0.064827	0.057481	0.071031	0.053345	0.013693	0.014049
22	na	4.106901	0.100556	0.010911	0.056126	0.067893	0.035444	0.072600	0.025032	0.059763	0.041078	0.114962	0.033804	0.027457	0.049280	0.030666	0.064827	0.057481	0.071031	0.053345	0.013693	0.014049
23	na	4.106901	0.100556	0.010911	0.056126	0.067893	0.035444	0.072600	0.025032	0.059763	0.041078	0.114962	0.033804	0.027457	0.049280	0.030666	0.064827	0.057481	0.071031	0.053345	0.013693	0.014049
24	na	4.106901	0.100556	0.010911	0.056126	0.067893	0.035444	0.072600	0.025032	0.059763	0.041078	0.114962	0.033804	0.027457	0.049280	0.030666	0.064827	0.057481	0.071031	0.053345	0.013693	0.014049
25	na	4.106901	0.100556	0.010911	0.056126	0.067893	0.035444	0.072600	0.025032	0.059763	0.041078	0.114962	0.033804	0.027457	0.049280	0.030666	0.064827	0.057481	0.071031	0.053345	0.013693	0.014049
26	na	4.106901	0.100556	0.010911	0.056126	0.067893	0.035444	0.072600	0.025032	0.059763	0.041078	0.114962	0.033804	0.027457	0.049280	0.030666	0.064827	0.057481	0.071031	0.053345	0.013693	0.014049
27	na	4.106901	0.100556	0.010911	0.056126	0.067893	0.035444	0.072600	0.025032	0.059763	0.041078	0.114962	0.033804	0.027457	0.049280	0.030666	0.064827	0.057481	0.071031	0.053345	0.013693	0.014049
28	na	4.106901	0.100556	0.010911	0.056126	0.067893	0.035444	0.072600	0.025032	0.059763	0.041078	0.114962	0.033804	0.027457	0.049280	0.030666	0.064827	0.057481	0.071031	0.053345	0.013693	0.014049
29	na	4.106901	0.100556	0.010911	0.056126	0.067893	0.035444	0.072600	0.025032	0.059763	0.041078	0.114962	0.033804	0.027457	0.049280	0.030666	0.064827	0.057481	0.071031	0.053345	0.013693	0.014049
30	na	4.106901	0.100556	0.010911	0.056126	0.067893	0.035444	0.072600	0.025032	0.059763	0.041078	0.114962	0.033804	0.027457	0.049280	0.030666	0.064827	0.057481	0.071031	0.053345	0.013693	0.014049
31	na	4.106901	0.100556	0.010911	0.056126	0.067893	0.035444	0.072600	0.025032	0.059763	0.041078	0.114962	0.033804	0.027457	0.049280	0.030666	0.064827	0.057481	0.071031	0.053345	0.013693	0.014049
32	na	4.106901	0.100556	0.010911	0.056126	0.067893	0.035444	0.072600	0.025032	0.059763	0.041078	0.114962	0.033804	0.027457	0.049280	0.030666	0.064827	0.057481	0.071031	0.053345	0.013693	0.014049
33	na	4.106901	0.100556	0.010911	0.056126	0.067893	0.035444	0.072600	0.025032	0.059763	0.041078	0.114962	0.033804	0.027457	0.049280	0.030666	0.064827	0.057481	0.071031	0.053345	0.013693	0.014049
34	na	4.106901	0.100556	0.010911	0.056126	0.067893	0.035444	0.072600	0.025032	0.059763	0.041078	0.114962	0.033804	0.027457	0.049280	0.030666	0.064827	0.057481	0.071031	0.053345	0.013693	0.014049
35	na	4.106901	0.100556	0.010911	0.056126	0.067893	0.035444	0.072600	0.025032	0.059763	0.041078	0.114962	0.033804	0.027457	0.049280	0.030666	0.064827	0.057481	0.071031	0.053345	0.013693	0.014049
36	na	4.106901	0.100556	0.010911	0.056126	0.067893	0.035444	0.072600	0.025032	0.059763	0.041078	0.114962	0.033804	0.027457	0.049280	0.030666	0.064827	0.057481	0.071031	0.053345	0.013693	0.014049
37	na	4.106901	0.100556	0.010911	0.056126	0.067893	0.035444	0.072600	0.025032	0.059763	0.041078	0.114962	0.033804	0.027457	0.049280	0.030666	0.064827	0.057481	0.071031	0.053345	0.013693	0.014049
38	na	4.106901	0.100556	0.010911	0.056126	0.067893	0.035444	0.072600	0.025032	0.059763	0.041078	0.114962	0.033804	0.027457	0.049280	0.030666	0.064827	0.057481	0.071031	0.053345	0.013693	0.014049
39	na	4.106901	0.100556	0.010911	0.056126	0.067893	0.035444	0.072600	0.025032	0.059763	0.041078	0.114962	0.033804	0.027457	0.049280	0.030666	0.064827	0.057481	0.071031	0.053345	0.013693	0.014049
40	na	4.106901	0.100556	0.010911	0.056126	0.067893	0.035444	0.072600	0.025032	0.059763	0.041078	0.114962	0.033804	0.027457	0.049280	0.030666	0.064827	0.057481	0.071031	0.053345	0.013693	0.014049
41	na	4.106901	0.100556	0.010911	0.056126	0.067893	0.035444	0.072600	0.025032	0.059763	0.041078	0.114962	0.033804	0.027457	0.049280	0.030666	0.064827	0.057481	0.071031	0.053345	0.013693	0.014049
42	na	4.106901	0.100556	0.010911	0.056126	0.067893	0.035444	0.072600	0.025032	0.059763	0.041078	0.114962	0.033804	0.027457	0.049280	0.030666	0.064827	0.057481	0.071031	0.053345	0.013693	0.014049
43	na	4.106901	0.100556	0.010911	0.056126	0.067893	0.035444	0.072600	0.025032	0.059763	0.041078	0.114962	0.033804	0.027457	0.049280	0.030666	0.064827	0.057481	0.071031	0.053345	0.013693	0.014049
44	na	4.106901	0.100556	0.010911	0.056126	0.067893	0.035444	0.072600	0.025032	0.059763	0.041078	0.114962	0.033804	0.027457	0.049280	0.030666	0.064827	0.057481	0.071031	0.053345	0.013693	0.014049
45	na	4.106901	0.100556	0.010911	0.056126	0.067893	0.035444	0.072600	0.025032	0.059763	0.041078	0.114962	0.033804	0.027457	0.049280	0.030666	0.064827	0.057481	0.071031	0.053345	0.013693	0.014049
46	na	4.106901	0.100556	0.010911	0.056126	0.067893	0.035444	0.072600	0.025032	0.059763	0.041078	0.114962	0.033804	0.027457	0.049280	0.030666	0.064827	0.057481	0.071031	0.053345	0.013693	0.014049
47	na	4.106901	0.100556	0.010911	0.056126	0.067893	0.035444	0.072600	0.025032	0.059763	0.041078	0.114962	0.033804	0.027457	0.049280	0.030666	0.064827	0.057481	0.071031	0.053345	0.013693	0.014049
48	na	4.106901	0.100556	0.010911	0.056126	0.067893	0.035444	0.072600	0.025032	0.059763	0.041078	0.114962	0.033804	0.027457	0.049280	0.030666	0.064827	0.057481	0.071031	0.053345	0.013693	0.014049
49	na	4.106901	0.100556	0.010911	0.056126	0.067893	0.035444	0.072600	0.025032	0.059763	0.041078	0.114962	0.033804	0.027457	0.049280	0.030666	0.064827	0.057481	0.071031	0.053345	0.013693	0.014049
50	na	4.106901	0.100556	0.010911	0.056126	0.067893	0.035444	0.072600	0.025032	0.059763	0.041078	0.114962	0.033804	0.027457	0.049280	0.030666	0.064827	0.057481	0.071031	0.053345	0.013693	0.014049
51	na	4.106901	0.100556	0.010911	0.056126	0.067893	0.035444	0.072600	0.025032	0.059763	0.041078	0.114962	0.033804	0.027457	0.049280	0.030666	0.064827	0.057481	0.071031	0.053345	0.013693	0.014049
52	na	4.106901	0.100556	0.010911	0.056126	0.067893	0.035444	0.072600	0.025032	0.059763	0.041078	0.114962	0.033804	0.027457	0.049280	0.030666	0.064827	0.057481	0.071031	0.053345	0.013693	0.014049
53	na	4.106901	0.100556	0.010911	0.056126	0.067893	0.035444	0.072600	0.025032	0.059763	0.041078	0.114962	0.033804	0.027457	0.049280	0.030666	0.064827	0.057481	0.071031	0.053345	0.013693	0.014049
54	na	4.106901	0.100556	0.010911	0.056126	0.067893	0.035444	0.072600	0.025032	0.059763	0.041078	0.114962	0.033804	0.027457	0.049280	0.030666	0.064827	0.057481	0.071031	0.053345	0.013693	0.014049
55	na	4.106901	0.100556	0.010911	0.056126	0.067893	0.035444	0.072600	0.025032	0.059763	0.041078	0.114962	0.033804	0.027457	0.049280	0.030666	0.064827	0.057481	0.071031	0.053345	0.013693	0.014049
56	na	4.106901	0.100556	0.010911	0.056126	0.067893	0.035444	0.072600	0.025032	0.059763	0.041078	0.114962	0.033804	0.027457	0.049280	0.030666	0.064827	0.057481	0.071031	0.053345	0.013693	0.014049
57	na	4.106901	0.100556	0.010911	0.056126	0.067893	0.035444	0.072600	0.025032	0.059763	0.041078	0.114962	0.033804	0.027457	0.049280	0.030666	0.064827	0.057481	0.071031	0.053345	0.013693	0.014049
58	na	4.106901	0.100556	0.010911	0.056126	0.067893	0.035444	0.072600	0.025032	0.059763	0.041078	0.114962	0.033804	0.027457	0.049280	0.030666	0.064827	0.057481	0.071031	0.053345	0.013693	0.014049
59	na	4.106901	0.100556	0.010911	0.056126	0.067893	0.035444	0.072600	0.025032	0.059763	0.041078	0.114962	0.033804	0.027457	0.049280	0.030666	0.064827	0.057481	0.071031	0.053345	0.013693	0.014049
60	na	4.106901	0.100556	0.010911	0.056126	0.067893	0.035444	0.072600	0.025032	0.059763	0.041078	0.114962	0.033804	0.027457	0.049280	0.030666	0.064827	0.057481	0.071031	0.053345	0.013693	0.014049
61	na	4.106901	0.100556	0.010911	0.056126	0.067893	0.035444	0.072600	0.025032	0.059763	0.041078	0.114962	0.033804	0.027457	0.049280	0.030666	0.064827	0.057481	0.071031	0.053345	0.013693	0.014049
62	na	4.106901	0.100556	0.010911	0.056126	0.067893	0.035444	0.072600	0.025032	0.059763	0.041078	0.114962	0.033804	0.027457	0.049280	0.030666	0.064827	0.057481	0.071031	0.053345	0.013693	0.014049
63	na	4.106901	0.100556	0.010911	0.056126	0.067893	0.035444	0.072600	0.025032	0.059763	0.041078	0.114962	0.033804	0.027457	0.049280	0.030666	0.064827	0.057481	0.071031	0.053345	0.013693	0.014049
64	na	4.106901	0.100556	0.010911	0.056126	0.067893	0.035444	0.072600	0.025032	0.059763	0.041078	0.114962	0.033804	0.027457	0.049280	0.030666	0.064827	0.057481	0.071031	0.053345	0.013693	0.014049
65	na	4.106901	0.100556	0.010911	0.056126	0.067893	0.035444	0.072600	0.025032	0.059763	0.041078	0.114962	0.033804	0.027457	0.049280	0.030666	0.064827	0.057481	0.071031	0.053345	0.013693	0.014049
66	na	4.106901	0.100556	0.010911	0.056126	0.067893	0.035444	0.072600	0.025032	0.059763	0.041078	0.114962	0.033804	0.027457	0.049280	0.030666	0.064827	0.057481	0.071031	0.053345	0.013693	0.014049
67	na	4.106901	0.100556	0.010911	0.056126	0.067893	0.035444	0.072600	0.025032	0.059763	0.041078	0.114962	0.033804	0.027457	0.049280	0.030666	0.064827	0.057481	0.071031	0.053345	0.013693	0.014049
68	na	4.106901	0.100556	0.010911	0.056126	0.067893	0.035444	0.072600	0.025032	0.059763	0.041078	0.114962	0.033804	0.027457	0.049280	0.030666	0.064827	0.057481	0.071031	0.053345	0.013693	0.014049
69	na	4.106901	0.100556	0.010911	0.056126	0.067893	0.035444	0.072600	0.025032	0.059763	0.041078	0.114962	0.033804	0.027457	0.049280	0.030666	0.064827	0.057481	0.071031	0.053345	0.013693	0.014049
70	na	4.106901	0.100556	0.010911	0.056126	0.067893	0.035444	0.072600	0.025032	0.059763	0.041078	0.114962	0.033804	0.027457	0.049280	0.030666	0.064827	0.057481	0.071031	0.053345	0.013693	0.014049
71	na	4.106901	0.100556	0.010911	0.056126	0.067893	0.035444	0.072600	0.025032	0.059763	0.041078	0.114962	0.033804	0.027457	0.049280	0.030666	0.064827	0.057481	0.071031	0.053345	0.013693	0.014049
72	na	4.106901	0.100556	0.010911	0.056126	0.067893	0.035444	0.072600	0.025032	0.059763	0.041078	0.114962	0.033804	0.027457	0.049280	0.030666	0.064827	0.057481	0.071031	0.053345	0.013693	0.014049
73	na	4.106901	0.100556	0.010911	0.056126	0.067893	0.035444	0.072600	0.025032	0.059763	0.041078	0.114962	0.033804	0.027457	0.049280	0.030666	0.064827	0.057481	0.071031	0.053345	0.013693	0.014049
74	na	4.106901	0.100556	0.010911	0.056126	0.067893	0.035444	0.072600	0.025032	0.059763	0.041078	0.114962	0.033804	0.027457	0.049280	0.030666	0.064827	0.057481	0.071031	0.053345	0.013693	0.014049
75	na	4.106901	0.100556	0.010911	0.056126	0.067893	0.035444	0.072600	0.025032	0.059763	0.041078	0.114962	0.033804	0.027457	0.049280	0.030666	0.064827	0.057481	0.071031	0.053345	0.013693	0.014049
76	na	4.106901	0.100556	0.010911	0.056126	0.067893	0.035444	0.072600	0.025032	0.059763	0.041078	0.114962	0.033804	0.027457	0.049280	0.030666	0.064827	0.057481	0.071031	0.053345	0.013693	0.014049
77	na	4.106901	0.100556	0.010911	0.056126	0.067893	0.035444	0.072600	0.025032	0.059763	0.041078	0.114962	0.033804	0.027457	0.049280	0.030666	0.064827	0.057481	0.071031	0.053345	0.013693	0.014049
78	na	4.106901	0.100556	0.010911	0.056126	0.067893	0.035444	0.072600	0.025032	0.059763	0.041078	0.114962	0.033804	0.027457	0.049280	0.030666	0.064827	0.057481	0.071031	0.053345	0.013693	0.014049
79	na	4.106901	0.100556	0.010911	0.056126	0.067893	0.035444	0.072600	0.025032	0.059763	0.041078	0.114962	0.033804	0.027457	0.049280	0.030666	0.064827	0.057481	0.071031	0.053345	0.013693	0.014049
80	na	4.106901	0.100556	0.010911	0.056126	0.067893	0.035444	0.072600	0.025032	0.059763	0.041078	0.114962	0.033804	0.027457	0.049280	0.030666	0.064827	0.057481	0.071031	0.053345	0.013693	0.014049
81	na	4.106901	0.100556	0.010911	0.056126	0.067893	0.035444	0.072600	0.025032	0.059763	0.041078	0.114962	0.033804	0.027457	0.049280	0.030666	0.064827	0.057481	0.071031	0.053345	0.013693	0.014049
82	na	4.106901	0.100556	0.010911	0.056126	0.067893	0.035444	0.072600	0.025032	0.059763	0.041078	0.114962	0.033804	0.027457	0.049280	0.030666	0.064827	0.057481	0.071031	0.053345	0.013693	0.014049
83	na	4.106901	0.100556	0.010911	0.056126	0.067893	0.035444	0.072600	0.025032	0.059763	0.041078	0.114962	0.033804	0.027457	0.049280	0.030666	0.064827	0.057481	0.071031	0.053345	0.013693	0.014049
84	na	4.106901	0.100556	0.010911	0.056126	0.067893	0.035444	0.072600	0.025032	0.059763	0.041078	0.114962	0.033804	0.027457	0.049280	0.030666	0.064827	0.057481	0.071031	0.053345	0.013693	0.014049
85	na	4.106901	0.100556	0.010911	0.056126	0.067893	0.035444	0.072600	0.025032	0.059763	0.041078	0.114962	0.033804	0.027457	0.049280	0.030666	0.064827	0.057481	0.071031	0.053345	0.013693	0.014049
86	na	4.106901	0.100556	0.010911	0.056126	0.067893	0.035444	0.072600	0.025032	0.059763	0.041078	0.114962	0.033804	0.027457	0.049280	0.030666	0.064827	0.057481	0.071031	0.053345	0.013693	0.014049
87	na	4.106901	0.100556	0.010911	0.056126	0.067893	0.035444	0.072600	0.025032	0.059763	0.041078	0.114962	0.033804	0.027457	0.049280	0.030666	0.064827	0.057481	0.071031	0.053345	0.013693	0.014049
88	na	4.106901	0.100556	0.010911	0.056126	0.067893	0.035444	0.072600	0.025032	0.059763	0.041078	0.114962	0.033804	0.027457	0.049280	0.030666	0.064827	0.057481	0.071031	0.053345	0.013693	0.014049
89	na	4.106901	0.100556	0.010911	0.056126	0.067893	0.035444	0.072600	0.025032	0.059763	0.041078	0.114962	0.033804	0.027457	0.049280	0.030666	0.064827	0.057481	0.071031	0.053345	0.013693	0.014049
90	na	4.106901	0.100556	0.010911	0.056126	0.067893	0.035444	0.072600	0.025032	0.059763	0.041078	0.114962	0.033804	0.027457	0.049280	0.030666	0.064827	0.057481	0.071031	0.053345	0.013693	0.014049
91	na	4.106901	0.100556	0.010911	0.056126	0.067893	0.035444	0.072600	0.025032	0.059763	0.041078	0.114962	0.033804	0.027457	0.049280	0.030666	0.064827	0.057481	0.071031	0.053345	0.013693	0.014049
92	na	4.106901	0.100556	0.010911	0.056126	0.067893	0.035444	0.072600	0.025032	0.059763	0.041078	0.114962	0.033804	0.027457	0.049280	0.030666	0.064827	0.057481	0.071031	0.053345	0.013693	0.014049
93	na	4.106901	0.100556	0.010911	0.056126	0.067893	0.035444	0.072600	0.025032	0.059763	0.041078	0.114962	0.033804	0.027457	0.049280	0.030666	0.064827	0.057481	0.071031	0.053345	0.013693	0.014049
94	na	4.106901	0.100556	0.010911	0.056126	0.067893	0.035444	0.072600	0.025032	0.059763	0.041078	0.114962	0.033804	0.027457	0.049280	0.030666	0.064827	0.057481	0.071031	0.053345	0.013693	0.014049
95	na	4.106901	0.100556	0.010911	0.056126	0.067893	0.035444	0.072600	0.025032	0.059763	0.041078	0.114962	0.033804	0.027457	0.049280	0.030666	0.064827	0.057481	0.071031	0.053345	0.013693	0.014049
96	na	4.106901	0.100556	0.010911	0.056126	0.067893	0.035444	0.072600	0.025032	0.059763	0.041078	0.114962	0.033804	0.027457	0.049280	0.030666	0.064827	0.057481	0.071031	0.053345	0.013693	0.014049
97	na	4.106901	0.100556	0.010911	0.056126	0.067893	0.035444	0.072600	0.025032	0.059763	0.041078	0.114962	0.033804	0.027457	0.049280	0.030666	0.064827	0.057481	0.071031	0.053345	0.013693	0.014049
98	na	4.106901	0.100556	0.010911	0.056126	0.067893	0.035444	0.072600	0.025032	0.059763	0.041078	0.114962	0.033804	0.027457	0.049280	0.030666	0.064827	0.057481	0.071031	0.053345	0.013693	0.014049
99	na	4.106901	0.100556	0.010911	0.056126	0.067893	0.035444	0.072600	0.025032	0.059763	0.041078	0.114962	0.033804	0.027457	0.049280	0.030666	0.064827	0.057481	0.071031	0.053345	0.013693	0.014049
100	na	4.106901	0.100556	0.010911	0.056126	0.067893	0.035444	0.072600	0.025032	0.059763	0.041078	0.114962	0.033804	0.027457	0.049280	0.030666	0.064827	0.057481	0.071031	0.053345	0.013693	0.014049
101	na	4.106901	0.100556	0.010911	0.056126	0.067893	0.035444	0.072600	0.025032	0.059763	0.041078	0.114962	0.033804	0.027457	0.049280	0.030666	0.064827	0.057481	0.071031	0.053345	0.013693	0.014049
102	na	4.106901	0.100556	0.010911	0.056126	0.067893	0.035444	0.072600	0.025032	0.059763	0.041078	0.114962	0.033804	0.027457	0.049280	0.030666	0.064827	0.057481	0.071031	0.053345	0.013693	0.014049
103	na	4.106901	0.100556	0.010911	0.056126	0.067893	0.035444	0.072600	0.025032	0.059763	0.041078	0.114962	0.033804	0.027457	0.049280	0.030666	0.064827	0.057481	0.071031	0.053345	0.013693	0.014049
104	na	4.106901	0.100556	0.010911	0.056126	0.067893	0.035444	0.072600	0.025032	0.059763	0.041078	0.114962	0.033804	0.027457	0.049280	0.030666	0.064827	0.057481	0.071031	0.053345	0.013693	0.014049
105	na	4.106901	0.100556	0.010911	0.056126	0.067893	0.035444	0.072600	0.025032	0.059763	0.041078	0.114962	0.033804	0.027457	0.049280	0.030666	0.064827	0.057481	0.071031	0.053345	0.013693	0.014049
106	na	4.106901	0.100556	0.010911	0.056126	0.067893	0.035444	0.072600	0.025032	0.059763	0.041078	0.114962	0.033804	0.027457	0.049280	0.030666	0.064827	0.057481	0.071031	0.053345	0.013693	0.014049
107	na	4.106901	0.100556	0.010911	0.056126	0.067893	0.035444	0.072600	0.025032	0.059763	0.041078	0.114962	0.033804	0.027457	0.049280	0.030666	0.064827	0.057481	0.071031	0.053345	0.013693	0.014049
108	na	4.106901	0.100556	0.010911	0.056126	0.067893	0.035444	0.072600	0.025032	0.059763	0.041078	0.114962	0.033804	0.027457	0.049280	0.030666	0.064827	0.057481	0.071031	0.053345	0.013693	0.014049
109	na	4.106901	0.100556	0.010911	0.056126	0.067893	0.035444	0.072600	0.025032	0.059763	0.041078	0.114962	0.033804	0.027457	0.049280	0.030666	0.064827	0.057481	0.071031	0.053345	0.013693	0.014049
110	na	4.106901	0.100556	0.010911	0.056126	0.067893	0.035444	0.072600	0.025032	0.059763	0.041078	0.114962	0.033804	0.027457	0.049280	0.030666	0.064827	0.057481	0.071031	0.053345	0.013693	0.014049
111	na	4.106901	0.100556	0.010911	0.056126	0.067893	0.035444	0.072600	0.025032	0.059763	0.041078	0.114962	0.033804	0.027457	0.049280	0.030666	0.064827	0.057481	0.071031	0.053345	0.013693	0.014049
112	na	4.106901	0.100556	0.010911	0.056126	0.067893	0.035444	0.072600	0.025032	0.059763	0.041078	0.114962	0.033804	0.027457	0.049280	0.030666	0.064827	0.057481	0.071031	0.053345	0.013693	0.014049
113	na	4.106901	0.100556	0.010911	0.056126	0.067893	0.035444	0.072600	0.025032	0.059763	0.041078	0.114962	0.033804	0.027457	0.049280	0.030666	0.064827	0.057481	0.071031	0.053345	0.013693	0.014049
114	na	4.106901	0.100556	0.010911	0.056126	0.067893	0.035444	0.072600	0.025032	0.059763	0.041078	0.114962	0.033804	0.027457	0.049280	0.030666	0.064827	0.057481	0.071031	0.053345	0.013693	0.014049
115	na	4.106901	0.100556	0.010911	0.056126	0.067893	0.035444	0.072600	0.025032	0.059763	0.041078	0.114962	0.033804	0.027457	0.049280	0.030666	0.064827	0.057481	0.071031	0.053345	0.013693	0.014049
116	na	4.106901	0.100556	0.010911	0.056126	0.067893	0.035444	0.072600	0.025032	0.059763	0.041078	0.114962	0.033804	0.027457	0.049280	0.030666	0.064827	0.057481	0.071031	0.053345	0.013693	0.014049
117	na	4.106901	0.100556	0.010911	0.056126	0.067893	0.035444	0.072600	0.025032	0.059763	0.041078	0.114962	0.033804	0.027457	0.049280	0.030666	0.064827	0.057481	0.071031	0.053345	0.013693	0.014049
118	na	4.106901	0.100556	0.010911	0.056126	0.067893	0.035444	0.072600	0.025032	0.059763	0.041078	0.114962	0.033804	0.027457	0.049280	0.030666	0.064827	0.057481	0.071031	0.053345	0.013693	0.014049
119	na	4.106901	0.100556	0.010911	0.056126	0.067893	0.035444	0.072600	0.025032	0.059763	0.041078	0.114962	0.033804	0.027457	0.049280	0.030666	0.064827	0.057481	0.071031	0.053345	0.013693	0.014049
120	na	4.106901	0.100556	0.010911	0.056126	0.067893	0.035444	0.072600	0.025032	0.059763	0.041078	0.114962	0.033804	0.027457	0.049280	0.030666	0.064827	0.057481	0.071031	0.053345	0.013693	0.014049
121	na	4.106901	0.100556	0.010911	0.056126	0.067893	0.035444	0.072600	0.025032	0.059763	0.041078	0.114962	0.033804	0.027457	0.049280	0.030666	0.064827	0.057481	0.071031	0.053345	0.013693	0.014049
122	na	4.106901	0.100556	0.010911	0.056126	0.067893	0.035444	0.072600	0.025032	0.059763	0.041078	0.114962	0.033804	0.027457	0.049280	0.030666	0.064827	0.057481	0.071031	0.053345	0.013693	0.014049
123	na	4.106901	0.100556	0.010911	0.056126	0.067893	0.035444	0.072600	0.025032	0.059763	0.041078	0.114962	0.033804	0.027457	0.049280	0.030666	0.064827	0.057481	0.071031	0.053345	0.013693	0.014049
124	na	4.106901	0.100556	0.010911	0.056126	0.067893	0.035444	0.072600	0.025032	0.059763	0.041078	0.114962	0.033804	0.027457	0.049280	0.030666	0.064827	0.057481	0.071031	0.053345	0.013693	0.014049
125	na	4.106901	0.100556	0.010911	0.056126	0.067893	0.035444	0.072600	0.025032	0.059763	0.041078	0.114962	0.033804	0.027457	0.049280	0.030666	0.064827	0.057481	0.071031	0.053345	0.013693	0.014049
126	na	4.106901	0.100556	0.010911	0.056126	0.067893	0.035444	0.072600	0.025032	0.059763	0.041078	0.114962	0.033804	0.027457	0.049280	0.030666	0.064827	0.057481	0.071031	0.053345	0.013693	0.014049
127	na	4.106901	0.100556	0.010911	0.056126	0.067893	0.035444	0.072600	0.025032	0.059763	0.041078	0.114962	0.033804	0.027457	0.049280	0.030666	0.064827	0.057481	0.071031	0.053345	0.013693	0.014049
128	na	4.106901	0.100556	0.010911	0.056126	0.067893	0.035444	0.072600	0.025032	0.059763	0.041078	0.114962	0.033804	0.027457	0.049280	0.030666	0.064827	0.057481	0.071031	0.053345	0.013693	0.014049
129	na	4.106901	0.100556	0.010911	0.056126	0.067893	0.035444	0.072600	0.025032	0.059763	0.041078	0.114962	0.033804	0.027457	0.049280	0.030666	0.064827	0.057481	0.071031	0.053345	0.013693	0.014049
130	na	4.106901	0.100556	0.010911	0.056126	0.067893	0.035444	0.072600	0.025032	0.059763	0.041078	0.114962	0.033804	0.027457	0.049280	0.030666	0.064827	0.057481	0.071031	0.053345	0.013693	0.014049
131	na	4.106901	0.100556	0.010911	0.056126	0.067893	0.035444	0.072600	0.025032	0.059763	0.041078	0.114962	0.033804	0.027457	0.049280	0.030666	0.064827	0.057481	0.071031	0.053345	0.013693	0.014049
132	na	4.106901	0.100556	0.010911	0.056126	0.067893	0.035444	0.072600	0.025032	0.059763	0.041078	0.114962	0.033804	0.027457	0.049280	0.030666	0.064827	0.057481	0.071031	0.053345	0.013693	0.014049
133	na	4.106901	0.100556	0.010911	0.056126	0.067893	0.035444	0.072600	0.025032	0.059763	0.041078	0.114962	0.033804	0.027457	0.049280	0.030666	0.064827	0.057481	0.071031	0.053345	0.013693	0.014049
134	na	4.106901	0.100556	0.010911	0.056126	0.067893	0.035444	0.072600	0.025032	0.059763	0.041078	0.114962	0.033804	0.027457	0.049280	0.030666	0.064827	0.057481	0.071031	0.053345	0.013693	0.014049
135	na	4.106901	0.100556	0.010911	0.056126	0.067893	0.035444	0.072600	0.025032	0.059763	0.041078	0.114962	0.033804	0.027457	0.049280	0.030666	0.064827	0.057481	0.071031	0.053345	0.013693	0.014049
136	na	4.106901	0.100556	0.010911	0.056126	0.067893	0.035444	0.072600	0.025032	0.059763	0.041078	0.114962	0.033804	0.027457	0.049280	0.030666	0.064827	0.057481	0.071031	0.053345	0.013693	0.014049
137	na	4.106901	0.100556	0.010911	0.056126	0.067893	0.035444	0.072600	0.025032	0.059763	0.041078	0.114962	0.033804	0.027457	0.049280	0.030666	0.064827	0.057481	0.071031	0.053345	0.013693	0.014049
138	na	4.106901	0.100556	0.010911	0.056126	0.067893	0.035444	0.072600	0.025032	0.059763	0.041078	0.114962	0.033804	0.027457	0.049280	0.030666	0.064827	0.057481	0.071031	0.053345	0.013693	0.014049
139	na	4.106901	0.100556	0.010911	0.056126	0.067893	0.035444	0.072600	0.025032	0.059763	0.041078	0.114962	0.033804	0.027457	0.049280	0.030666	0.064827	0.057481	0.071031	0.053345	0.013693	0.014049
140	na	4.106901	0.100556	0.010911	0.056126	0.067893	0.035444	0.072600	0.025032	0.059763	0.041078	0.114962	0.033804	0.027457	0.049280	0.030666	0.064827	0.057481	0.071031	0.053345	0.013693	0.014049
141	na	4.106901	0.100556	0.010911	0.056126	0.067893	0.035444	0.072600	0.025032	0.059763	0.041078	0.114962	0.033804	0.027457	0.049280	0.030666	0.064827	0.057481	0.071031	0.053345	0.013693	0.014049
142	na	4.106901	0.100556	0.010911	0.056126	0.067893	0.035444	0.072600	0.025032	0.059763	0.041078	0.114962	0.033804	0.027457	0.049280	0.030666	0.064827	0.057481	0.071031	0.053345	0.013693	0.014049
143	na	4.106901	0.100556	0.010911	0.056126	0.067893	0.035444	0.072600	0.025032	0.059763	0.041078	0.114962	0.033804	0.027457	0.049280	0.030666	0.064827	0.057481	0.071031	0.053345	0.013693	0.014049
144	na	4.106901	0.100556	0.010911	0.056126	0.067893	0.035444	0.072600	0.025032	0.059763	0.041078	0.114962	0.033804	0.027457	0.049280	0.030666	0.064827	0.057481	0.071031	0.053345	0.013693	0.014049
145	na	4.106901	0.100556	0.010911	0.056126	0.067893	0.035444	0.072600	0.025032	0.059763	0.041078	0.114962	0.033804	0.027457	0.049280	0.030666	0.064827	0.057481	0.071031	0.053345	0.013693	0.014049
146	na	4.106901	0.100556	0.010911	0.056126	0.067893	0.035444	0.072600	0.025032	0.059763	0.041078	0.114962	0.033804	0.027457	0.049280	0.030666	0.064827	0.057481	0.071031	0.053345	0.013693	0.014049
147	na	4.106901	0.100556	0.010911	0.056126	0.067893	0.035444	0.072600	0.025032	0.059763	0.041078	0.114962	0.033804	0.027457	0.049280	0.030666	0.064827	0.057481	0.071031	0.053345	0.013693	0.014049
148	na	4.106901	0.100556	0.010911	0.056126	0.067893	0.035444	0.072600	0.025032	0.059763	0.041078	0.114962	0.033804	0.027457	0.049280	0.030666	0.064827	0.057481	0.071031	0.053345	0.013693	0.014049
149	na	4.106901	0.100556	0.010911	0.056126	0.067893	0.035444	0.072600	0.025032	0.059763	0.041078	0.114962	0.033804	0.027457	0.049280	0.030666	0.064827	0.057481	0.071031	0.053345	0.013693	0.014049
150	na	4.106901	0.100556	0.010911	0.056126	0.067893	0.035444	0.072600	0.025032	0.059763	0.041078	0.114962	0.033804	0.027457	0.049280	0.030666	0.064827	0.057481	0.071031	0.053345	0.013693	0.014049
151	na	4.106901	0.100556	0.010911	0.056126	0.067893	0.035444	0.072600	0.025032	0.059763	0.041078	0.114962	0.033804	0.027457	0.049280	0.030666	0.064827	0.057481	0.071031	0.053345	0.013693	0.014049
152	na	4.106901	0.100556	0.010911	0.056126	0.067893	0.035444	0.072600	0.025032	0.059763	0.041078	0.114962	0.033804	0.027457	0.049280	0.030666	0.064827	0.057481	0.071031	0.053345	0.013693	0.014049
153	na	4.106901	0.100556	0.010911	0.056126	0.067893	0.035444	0.072600	0.025032	0.059763	0.041078	0.114962	0.033804	0.027457	0.049280	0.030666	0.064827	0.057481	0.071031	0.053345	0.013693	0.014049
154	na	4.106901	0.100556	0.010911	0.056126	0.067893	0.035444	0.072600	0.025032	0.059763	0.041078	0.114962	0.033804	0.027457	0.049280	0.030666	0.064827	0.057481	0.071031	0.053345	0.013693	0.014049
155	na	4.106901	0.100556	0.010911	0.056126	0.067893	0.035444	0.072600	0.025032	0.059763	0.041078	0.114962	0.033804	0.027457	0.049280	0.030666	0.064827	0.057481	0.071031	0.053345	0.013693	0.014049
156	na	4.106901	0.100556	0.010911	0.056126	0.067893	0.035444	0.072600	0.025032	0.059763	0.041078	0.114962	0.033804	0.027457	0.049280	0.030666	0.064827	0.057481	0.071031	0.053345	0.013693	0.014049
157	na	4.106901	0.100556	0.010911	0.056126	0.067893	0.035444	0.072600	0.025032	0.059763	0.041078	0.114962	0.033804	0.027457	0.049280	0.030666	0.064827	0.057481	0.071031	0.053345	0.013693	0.014049
158	na	4.106901	0.100556	0.010911	0.056126	0.067893	0.035444	0.072600	0.025032	0.059763	0.041078	0.114962	0.033804	0.027457	0.049280	0.030666	0.064827	0.057481	0.071031	0.053345	0.013693	0.014049
159	na	4.106901	0.100556	0.010911	0.056126	0.067893	0.035444	0.072600	0.025032	0.059763	0.041078	0.114962	0.033804	0.027457	0.049280	0.030666	0.064827	0.057481	0.071031	0.053345	0.013693	0.014049
160	na	4.106901	0.100556	0.010911	0.056126	0.067893	0.035444	0.072600	0.025032	0.059763	0.041078	0.114962	0.033804	0.027457	0.049280	0.030666	0.064827	0.057481	0.071031	0.053345	0.013693	0.014049
161	na	4.106901	0.100556	0.010911	0.056126	0.067893	0.035444	0.072600	0.025032	0.059763	0.041078	0.114962	0.033804	0.027457	0.049280	0.030666	0.064827	0.057481	0.071031	0.053345	0.013693	0.014049
162	na	4.106901	0.100556	0.010911	0.056126	0.067893	0.035444	0.072600	0.025032	0.059763	0.041078	0.114962	0.033804	0.027457	0.049280	0.030666	0.064827	0.057481	0.071031	0.053345	0.013693	0.014049
163	na	4.106901	0.100556	0.010911	0.056126	0.067893	0.035444	0.072600	0.025032	0.059763	0.041078	0.114962	0.033804	0.027457	0.049280	0.030666	0.064827	0.057481	0.071031	0.053345	0.013693	0.014049
164	na	4.106901	0.100556	0.010911	0.056126	0.067893	0.035444	0.072600	0.025032	0.059763	0.041078	0.114962	0.033804	0.027457	0.049280	0.030666	0.064827	0.057481	0.071031	0.053345	0.013693	0.014049
165	na	4.106901	0.100556	0.010911	0.056126	0.067893	0.035444	0.072600	0.025032	0.059763	0.041078	0.114962	0.033804	0.027457	0.049280	0.030666	0.064827	0.057481	0.071031	0.053345	0.013693	0.014049
166	na	4.106901	0.100556	0.010911	0.056126	0.067893	0.035444	0.072600	0.025032	0.059763	0.041078	0.114962	0.033804	0.027457	0.049280	0.030666	0.064827	0.057481	0.071031	0.053345	0.013693	0.014049
167	na	4.106901	0.100556	0.010911	0.056126	0.067893	0.035444	0.072600	0.025032	0.059763	0.041078	0.114962	0.033804	0.027457	0.049280	0.030666	0.064827	0.057481	0.071031	0.053345	0.013693	0.014049
168	na	4.106901	0.100556	0.010911	0.056126	0.067893	0.035444	0.072600	0.025032	0.059763	0.041078	0.114962	0.033804	0.027457	0.049280	0.030666	0.064827	0.057481	0.071031	0.053345	0.013693	0.014049
169	na	4.106901	0.100556	0.010911	0.056126	0.067893	0.035444	0.072600	0.025032	0.059763	0.041078	0.114962	0.033804	0.027457	0.049280	0.030666	0.064827	0.057481	0.071031	0.053345	0.013693	0.014049
170	na	4.106901	0.100556	0.010911	0.056126	0.067893	0.035444	0.072600	0.025032	0.059763	0.041078	0.114962	0.033804	0.027457	0.049280	0.030666	0.064827	0.057481	0.071031	0.053345	0.013693	0.014049
171	na	4.106901	0.100556	0.010911	0.056126	0.067893	0.035444	0.072600	0.025032	0.059763	0.041078	0.114962	0.033804	0.027457	0.049280	0.030666	0.064827	0.057481	0.071031	0.053345	0.013693	0.014049
172	na	4.106901	0.100556	0.010911	0.056126	0.067893	0.035444	0.072600	0.025032	0.059763	0.041078	0.114962	0.033804	0.027457	0.049280	0.030666	0.064827	0.057481	0.071031	0.053345	0.013693	0.014049
173	na	4.106901	0.100556	0.010911	0.056126	0.067893	0.035444	0.072600	0.025032	0.059763	0.041078	0.114962	0.033804	0.027457	0.049280	0.030666	0.064827	0.057481	0.071031	0.053345	0.013693	0.014049
174	na	4.106901	0.100556	0.010911	0.056126	0.067893	0.035444	0.072600	0.025032	0.059763	0.041078	0.114962	0.033804	0.027457	0.049280	0.030666	0.064827	0.057481	0.071031	0.053345	0.013693	0.014049
175	na	4.106901	0.100556	0.010911	0.056126	0.067893	0.035444	0.072600	0.025032	0.059763	0.041078	0.114962	0.033804	0.027457	0.049280	0.030666	0.064827	0.057481	0.071031	0.053345	0.013693	0.014049
176	na	4.106901	0.100556	0.010911	0.056126	0.067893	0.035444	0.072600	0.025032	0.059763	0.041078	0.114962	0.033804	0.027457	0.049280	0.030666	0.064827	0.057481	0.071031	0.053345	0.013693	0.014049
177	na	4.106901	0.100556	0.010911	0.056126	0.067893	0.035444	0.072600	0.025032	0.059763	0.041078	0.114962	0.033804	0.027457	0.049280	0.030666	0.064827	0.057481	0.071031	0.053345	0.013693	0.014049
178	na	4.106901	0.100556	0.010911	0.056126	0.067893	0.035444	0.072600	0.025032	0.059763	0.041078	0.114962	0.033804	0.027457	0.049280	0.030666	0.064827	0.057481	0.071031	0.053345	0.013693	0.014049
179	na	4.106901	0.100556	0.010911	0.056126	0.067893	0.035444	0.072600	0.025032	0.059763	0.041078	0.114962	0.033804	0.027457	0.049280	0.030666	0.064827	0.057481	0.071031	0.053345	0.013693	0.014049
180	na	4.106901	0.100556	0.010911	0.056126	0.067893	0.035444	0.072600	0.025032	0.059763	0.041078	0.114962	0.033804	0.027457	0.049280	0.030666	0.064827	0.057481	0.071031	0.053345	0.013693	0.014049
181	na	4.106901	0.100556	0.010911	0.056126	0.067893	0.035444	0.072600	0.025032	0.059763	0.041078	0.114962	0.033804	0.027457	0.049280	0.030666	0.064827	0.057481	0.071031	0.053345	0.013693	0.014049
182	na	4.106901	0.100556	0.010911	0.056126	0.067893	0.035444	0.072600	0.025032	0.059763	0.041078	0.114962	0.033804	0.027457	0.049280	0.030666	0.064827	0.057481	0.071031	0.053345	0.013693	0.014049
183	na	4.106901	0.100556	0.010911	0.056126	0.067893	0.035444	0.072600	0.025032	0.059763	0.041078	0.114962	0.033804	0.027457	0.049280	0.030666	0.064827	0.057481	0.071031	0.053345	0.013693	0.014049
184	na	4.106901	0.100556	0.010911	0.056126	0.067893	0.035444	0.072600	0.025032	0.059763	0.041078	0.114962	0.033804	0.027457	0.049280	0.030666	0.064827	0.057481	0.071031	0.053345	0.013693	0.014049
185	na	4.106901	0.100556	0.010911	0.056126	0.067893	0.035444	0.072600	0.025032	0.059763	0.041078	0.114962	0.033804	0.027457	0.049280	0.030666	0.064827	0.057481	0.071031	0.053345	0.013693	0.014049
186	na	4.106901	0.100556	0.010911	0.056126	0.067893	0.035444	0.072600	0.025032	0.059763	0.041078	0.114962	0.033804	0.027457	0.049280	0.030666	0.064827	0.057481	0.071031	0.053345	0.013693	0.014049
187	na	4.106901	0.100556	0.010911	0.056126	0.067893	0.035444	0.072600	0.025032	0.059763	0.041078	0.114962	0.033804	0.027457	0.049280	0.030666	0.064827	0.057481	0.071031	0.053345	0.013693	0.014049
188	na	4.106901	0.100556	0.010911	0.056126	0.067893	0.035444	0.072600	0.025032	0.059763	0.041078	0.114962	0.033804	0.027457	0.049280	0.030666	0.064827	0.057481	0.071031	0.053345	0.013693	0.014049
189	na	4.106901	0.100556	0.010911	0.056126	0.067893	0.035444	0.072600	0.025032	0.059763	0.041078	0.114962	0.033804	0.027457	0.049280	0.030666	0.064827	0.057481	0.071031	0.053345	0.013693	0.014049
190	na	4.106901	0.100556	0.010911	0.056126	0.067893	0.035444	0.072600	0.025032	0.059763	0.041078	0.114962	0.033804	0.027457	0.049280	0.030666	0.064827	0.057481	0.071031	0.053345	0.013693	0.014049
191	na	4.106901	0.100556	0.010911	0.056126	0.067893	0.035444	0.072600	0.025032	0.059763	0.041078	0.114962	0.033804	0.027457	0.049280	0.030666	0.064827	0.057481	0.071031	0.053345	0.013693	0.014049
192	na	4.106901	0.100556	0.010911	0.056126	0.067893	0.035444	0.072600	0.025032	0.059763	0.041078	0.114962	0.033804	0.027457	0.049280	0.030666	0.064827	0.057481	0.071031	0.053345	0.013693	0.014049
193	na	4.106901	0.100556	0.010911	0.056126	0.067893	0.035444	0.072600	0.025032	0.059763	0.041078	0.114962	0.033804	0.027457	0.049280	0.030666	0.064827	0.057481	0.071031	0.053345	0.013693	0.014049
194	na	4.106901	0.100556	0.010911	0.056126	0.067893	0.035444	0.072600	0.025032	0.059763	0.041078	0.114962	0.033804	0.027457	0.049280	0.030666	0.064827	0.057481	0.071031	0.053345	0.013693	0.014049
195	na	4.106901	0.100556	0.010911	0.056126	0.067893	0.035444	0.072600	0.025032	0.059763	0.041078	0.114962	0.033804	0.027457	0.049280	0.030666	0.064827	0.057481	0.071031	0.053345	0.013693	0.014049
196	na	4.106901	0.100556	0.010911	0.056126	0.067893	0.035444	0.072600	0.025032	0.059763	0.041078	0.114962	0.033804	0.027457	0.049280	0.030666	0.064827	0.057481	0.071031	0.053345	0.013693	0.014049
197	na	4.106901	0.100556	0.010911	0.056126	0.067893	0.035444	0.072600	0.025032	0.059763	0.041078	0.114962	0.033804	0.027457	0.049280	0.030666	0.064827	0.057481	0.071031	0.053345	0.013693	0.014049
198	na	4.106901	0.100556	0.010911	0.056126	0.067893	0.035444	0.072600	0.025032	0.059763	0.041078	0.114962	0.033804	0.027457	0.049280	0.030666	0.064827	0.057481	0.071031	0.053345	0.013693	0.014049
199	na	4.106901	0.100556	0.010911	0.056126	0.067893	0.035444	0.072600	0.025032	0.059763	0.041078	0.114962	0.033804	0.027457	0.049280	0.030666	0.064827	0.057481	0.071031	0.053345	0.013693	0.014049
200	na	4.106901	0.100556	0.010911	0.056126	0.067893	0.035444	0.072600	0.025032	0.059763	0.041078	0.114962	0.033804	0.027457	0.049280	0.030666	0.064827	0.057481	0.071031	0.053345	0.013693	0.014049
201	na	4.106901	0.100556	0.010911	0.056126	0.067893	0.035444	0.072600	0.025032	0.059763	0.041078	0.114962	0.033804	0.027457	0.049280	0.030666	0.064827	0.057481	0.071031	0.053345	0.013693	0.014049
202	na	4.106901	0.100556	0.010911	0.056126	0.067893	0.035444	0.072600	0.025032	0.059763	0.041078	0.114962	0.033804	0.027457	0.049280	0.030666	0.064827	0.057481	0.071031	0.053345	0.013693	0.014049
203	na	4.106901	0.100556	0.010911	0.056126	0.067893	0.035444	0.072600	0.025032	0.059763	0.041078	0.114962	0.033804	0.027457	0.049280	0.030666	0.064827	0.057481	0.071031	0.053345	0.013693	0.014049
204	na	4.106901	0.100556	0.010911	0.056126	0.067893	0.035444	0.072600	0.025032	0.059763	0.041078	0.114962	0.033804	0.027457	0.049280	0.030666	0.064827	0.057481	0.071031	0.053345	0.013693	0.014049
205	na	4.106901	0.100556	0.010911	0.056126	0.067893	0.035444	0.072600	0.025032	0.059763	0.041078	0.114962	0.033804	0.027457	0.049280	0.030666	0.064827	0.057481	0.071031	0.053345	0.013693	0.014049
206	na	4.106901	0.100556	0.010911	0.056126	0.067893	0.035444	0.072600	0.025032	0.059763	0.041078	0.114962	0.033804	0.027457	0.049280	0.030666	0.064827	0.057481	0.071031	0.053345	0.013693	0.014049
207	na	4.106901	0.100556	0.010911	0.056126	0.067893	0.035444	0.072600	0.025032	0.059763	0.041078	0.114962	0.033804	0.027457	0.049280	0.030666	0.064827	0.057481	0.071031	0.053345	0.013693	0.014049
208	na	4.106901	0.100556	0.010911	0.056126	0.067893	0.035444	0.072600	0.025032	0.059763	0.041078	0.114962	0.033804	0.027457	0.049280	0.030666	0.064827	0.057481	0.071031	0.053345	0.013693	0.014049
209	na	4.106901	0.100556	0.010911	0.056126	0.067893	0.035444	0.072600	0.025032	0.059763	0.041078	0.114962	0.033804	0.027457	0.049280	0.030666	0.064827	0.057481	0.071031	0.053345	0.013693	0.014049
210	na	4.106901	0.100556	0.010911	0.056126	0.067893	0.035444	0.072600	0.025032	0.059763	0.041078	0.114962	0.033804	0.027457	0.049280	0.030666	0.064827	0.057481	0.071031	0.053345	0.013693	0.014049
211	na	4.106901	0.100556	0.010911	0.056126	0.067893	0.035444	0.072600	0.025032	0.059763	0.041078	0.114962	0.033804	0.027457	0.049280	0.030666	0.064827	0.057481	0.071031	0.053345	0.013693	0.014049
212	na	4.106901	0.100556	0.010911	0.056126	0.067893	0.035444	0.072600	0.025032	0.059763	0.041078	0.114962	0.033804	0.027457	0.049280	0.030666	0.064827	0.057481	0.071031	0.053345	0.013693	0.014049
213	na	4.106901	0.100556	0.010911	0.056126	0.067893	0.035444	0.072600	0.025032	0.059763	0.041078	0.114962	0.033804	0.027457	0.049280	0.030666	0.064827	0.057481	0.071031	0.053345	0.013693	0.014049
214	na	4.106901	0.100556	0.010911	0.056126	0.067893	0.035444	0.072600	0.025032	0.059763	0.041078	0.114962	0.033804	0.027457	0.049280	0.030666	0.064827	0.057481	0.071031	0.053345	0.013693	0.014049
215	na	4.106901	0.100556	0.010911	0.056126	0.067893	0.035444	0.072600	0.025032	0.059763	0.041078	0.114962	0.033804	0.027457	0.049280	0.030666	0.064827	0.057481	0.071031	0.053345	0.013693	0.014049
216	na	4.106901	0.100556	0.010911	0.056126	0.067893	0.035444	0.072600	0.025032	0.059763	0.041078	0.114962	0.033804	0.027457	0.049280	0.030666	0.064827	0.057481	0.071031	0.053345	0.013693	0.014049
217	na	4.106901	0.100556	0.010911	0.056126	0.067893	0.035444	0.072600	0.025032	0.059763	0.041078	0.114962	0.033804	0.027457	0.049280	0.030666	0.064827	0.057481	0.071031	0.053345	0.013693	0.014049
218	na	4.106901	0.100556	0.010911	0.056126	0.067893	0.035444	0.072600	0.025032	0.059763	0.041078	0.114962	0.033804	0.027457	0.049280	0.030666	0.064827	0.057481	0.071031	0.053345	0.013693	0.014049
219	na	4.106901	0.100556	0.010911	0.056126	0.067893	0.035444	0.072600	0.025032	0.059763	0.041078	0.114962	0.033804	0.027457	0.049280	0.030666	0.064827	0.057481	0.071031	0.053345	0.013693	0.014049
220	na	4.106901	0.100556	0.010911	0.056126	0.067893	0.035444	0.072600	0.025032	0.059763	0.041078	0.114962	0.033804	0.027457	0.049280	0.030666	0.064827	0.057481	0.071031	0.053345	0.013693	0.014049
221	na	4.106901	0.100556	0.010911	0.056126	0.067893	0.035444	0.072600	0.025032	0.059763	0.041078	0.114962	0.033804	0.027457	0.049280	0.030666	0.064827	0.057481	0.071031	0.053345	0.013693	0.014049
222	na	4.106901	0.100556	0.010911	0.056126	0.067893	0.035444	0.072600	0.025032	0.059763	0.041078	0.114962	0.033804	0.027457	0.049280	0.030666	0.064827	0.057481	0.071031	0.053345	0.013693	0.014049
223	na	4.106901	0.100556	0.010911	0.056126	0.067893	0.035444	0.072600	0.025032	0.059763	0.041078	0.114962	0.033804	0.027457	0.049280	0.030666	0.064827	0.057481	0.071031	0.053345	0.013693	0.014049
224	na	4.106901	0.100556	0.010911	0.056126	0.067893	0.035444	0.072600	0.025032	0.059763	0.041078	0.114962	0.033804	0.027457	0.049280	0.030666	0.064827	0.057481	0.071031	0.053345	0.013693	0.014049
225	na	4.106901	0.100556	0.010911	0.056126	0.067893	0.035444	0.072600	0.025032	0.059763	0.041078	0.114962	0.033804	0.027457	0.049280	0.030666	0.064827	0.057481	0.071031	0.053345	0.013693	0.014049
226	na	4.106901	0.100556	0.010911	0.056126	0.067893	0.035444	0.072600	0.025032	0.059763	0.041078	0.114962	0.033804	0.027457	0.049280	0.030666	0.064827	0.057481	0.071031	0.053345	0.013693	0.014049
227	na	4.106901	0.100556	0.010911	0.056126	0.067893	0.035444	0.072600	0.025032	0.059763	0.041078	0.114962	0.033804	0.027457	0.049280	0.030666	0.064827	0.057481	0.071031	0.053345	0.013693	0.014049
228	na	4.106901	0.100556	0.010911	0.056126	0.067893	0.035444	0.072600	0.025032	0.059763	0.041078	0.114962	0.033804	0.027457	0.049280	0.030666	0.064827	0.057481	0.071031	0.053345	0.013693	0.014049
229	na	4.106901	0.100556	0.010911	0.056126	0.067893	0.035444	0.072600	0.025032	0.059763	0.041078	0.114962	0.033804	0.027457	0.049280	0.030666	0.064827	0.057481	0.071031	0.053345	0.013693	0.014049
230	na	4.106901	0.100556	0.010911	0.056126	0.067893	0.035444	0.072600	0.025032	0.059763	0.041078	0.114962	0.033804	0.027457	0.049280	0.030666	0.064827	0.057481	0.071031	0.053345	0.013693	0.014049
231	na	4.106901	0.100556	0.010911	0.056126	0.067893	0.035444	0.072600	0.025032	0.059763	0.041078	0.114962	0.033804	0.027457	0.049280	0.030666	0.064827	0.057481	0.071031	0.053345	0.013693	0.014049
232	na	4.106901	0.100556	0.010911	0.056126	0.067893	0.035444	0.072600	0.025032	0.059763	0.041078	0.114962	0.033804	0.027457	0.049280	0.030666	0.064827	0.057481	0.071031	0.053345	0.013693	0.014049
233	na	4.106901	0.100556	0.010911	0.056126	0.067893	0.035444	0.072600	0.025032	0.059763	0.041078	0.114962	0.033804	0.027457	0.049280	0.030666	0.064827	0.057481	0.071031	0.053345	0.013693	0.014049
234	na	4.106901	0.100556	0.010911	0.056126	0.067893	0.035444	0.072600	0.025032	0.059763	0.041078	0.114962	0.033804	0.027457	0.049280	0.030666	0.064827	0.057481	0.071031	0.053345	0.013693	0.014049
235	na	4.106901	0.100556	0.010911	0.056126	0.067893	0.035444	0.072600	0.025032	0.059763	0.041078	0.114962	0.033804	0.027457	0.049280	0.030666	0.064827	0.057481	0.071031	0.053345	0.013693	0.014049
236	na	4.106901	0.100556	0.010911	0.056126	0.067893	0.035444	0.072600	0.025032	0.059763	0.041078	0.114962	0.033804	0.027457	0.049280	0.030666	0.064827	0.057481	0.071031	0.053345	0.013693	0.014049
237	na	4.106901	0.100556	0.010911	0.056126	0.067893	0.035444	0.072600	0.025032	0.059763	0.041078	0.114962	0.033804	0.027457	0.049280	0.030666	0.064827	0.057481	0.071031	0.053345	0.013693	0.014049
238	na	4.106901	0.100556	0.010911	0.056126	0.067893	0.035444	0.072600	0.025032	0.059763	0.041078	0.114962	0.033804	0.027457	0.049280	0.030666	0.064827	0.057481	0.071031	0.053345	0.013693	0.014049
239	na	4.106901	0.100556	0.010911	0.056126	0.067893	0.035444	0.072600	0.025032	0.059763	0.041078	0.114962	0.033804	0.027457	0.049280	0.030666	0.064827	0.057481	0.071031	0.053345	0.013693	0.014049
240	na	4.106901	0.100556	0.010911	0.056126	0.067893	0.035444	0.072600	0.025032	0.059763	0.041078	0.114962	0.033804	0.027457	0.049280	0.030666	0.064827	0.057481	0.071031	0.053345	0.013693	0.014049
241	na	4.106901	0.100556	0.010911	0.056126	0.067893	0.035444	0.072600	0.025032	0.059763	0.041078	0.114962	0.033804	0.027457	0.049280	0.030666	0.064827	0.057481	0.071031	0.053345	0.013693	0.014049
242	na	4.106901	0.100556	0.010911	0.056126	0.067893	0.035444	0.072600	0.025032	0.059763	0.041078	0.114962	0.033804	0.027457	0.049280	0.030666	0.064827	0.057481	0.071031	0.053345	0.013693	0.014049
243	na	4.106901	0.100556	0.010911	0.056126	0.067893	0.035444	0.072600	0.025032	0.059763	0.041078	0.114962	0.033804	0.027457	0.049280	0.030666	0.064827	0.057481	0.071031	0.053345	0.013693	0.014049
244	na	4.106901	0.100556	0.010911	0.056126	0.067893	0.035444	0.072600	0.025032	0.059763	0.041078	0.114962	0.033804	0.027457	0.049280	0.030666	0.064827	0.057481	0.071031	0.053345	0.013693	0.014049
245	na	4.106901	0.100556	0.010911	0.056126	0.067893	0.035444	0.072600	0.025032	0.059763	0.041078	0.114962	0.033804	0.027457	0.049280	0.030666	0.064827	0.057481	0.071031	0.053345	0.013693	0.014049
246	na	4.106901	0.100556	0.010911	0.056126	0.067893	0.035444	0.072600	0.025032	0.059763	0.041078	0.114962	0.033804	0.027457	0.049280	0.030666	0.064827	0.057481	0.071031	0.053345	0.013693	0.014049
247	na	4.106901	0.100556	0.010911	0.056126	0.067893	0.035444	0.072600	0.025032	0.059763	0.041078	0.114962	0.033804	0.027457	0.049280	0.030666	0.064827	0.057481	0.071031	0.053345	0.013693	0.014049
248	na	4.106901	0.100556	0.010911	0.056126	0.067893	0.035444	0.072600	0.025032	0.059763	0.041078	0.114962	0.033804	0.027457	0.049280	0.030666	0.064827	0.057481	0.071031	0.053345	0.013693	0.014049
249	na	4.106901	0.100556	0.010911	0.056126	0.067893	0.035444	0.072600	0.025032	0.059763	0.041078	0.114962	0.033804	0.027457	0.049280	0.030666	0.064827	0.057481	0.071031	0.053345	0.013693	0.014049
250	na	4.106901	0.100556	0.010911	0.056126	0.067893	0.035444	0.072600	0.025032	0.059763	0.041078	0.114962	0.033804	0.027457	0.049280	0.030666	0.064827	0.057481	0.071031	0.053345	0.013693	0.014049
251	na	4.106901	0.100556	0.010911	0.056126	0.067893	0.035444	0.072600	0.025032	0.059763	0.041078	0.114962	0.033804	0.027457	0.049280	0.030666	0.064827	0.057481	0.071031	0.053345	0.013693	0.014049
252	na	4.106901	0.100556	0.010911	0.056126	0.067893	0.035444	0.072600	0.025032	0.059763	0.041078	0.114962	0.033804	0.027457	0.049280	0.030666	0.064827	0.057481	0.071031	0.053345	0.013693	0.014049
253	na	4.106901	0.100556	0.010911	0.056126	0.067893	0.035444	0.072600	0.025032	0.059763	0.041078	0.114962	0.033804	0.027457	0.049280	0.030666	0.064827	0.057481	0.071031	0.053345	0.013693	0.014049
254	na	4.106901	0.100556	0.010911	0.056126	0.067893	0.035444	0.072600	0.025032	0.059763	0.041078	0.114962	0.033804	0.027457	0.049280	0.030666	0.064827	0.057481	0.071031	0.053345	0.013693	0.014049
255	na	4.106901	0.100556	0.010911	0.056126	0.067893	0.035444	0.072600	0.025032	0.059763	0.041078	0.114962	0.033804	0.027457	0.049280	0.030666	0.064827	0.057481	0.071031	0.053345	0.013693	0.014049
256	na	4.106901	0.100556	0.010911	0.056126	0.067893	0.035444	0.072600	0.025032	0.059763	0.041078	0.114962	0.033804	0.027457	0.049280	0.030666	0.064827	0.057481	0.071031	0.053345	0.013693	0.014049
257	na	4.106901	0.100556	0.010911	0.056126	0.067893	0.035444	0.072600	0.025032	0.059763	0.041078	0.114962	0.033804	0.027457	0.049280	0.030666	0.064827	0.057481	0.071031	0.053345	0.013693	0.014049
258	na	4.106901	0.100556	0.010911	0.056126	0.067893	0.035444	0.072600	0.025032	0.059763	0.041078	0.114962	0.033804	0.027457	0.049280	0.030666	0.064827	0.057481	0.071031	0.053345	0.013693	0.014049
259	na	4.106901	0.100556	0.010911	0.056126	0.067893	0.035444	0.072600	0.025032	0.059763	0.041078	0.114962	0.033804	0.027457	0.049280	0.030666	0.064827	0.057481	0.071031	0.053345	0.013693	0.014049
260	na	4.106901	0.100556	0.010911	0.056126	0.067893	0.035444	0.072600	0.025032	0.059763	0.041078	0.114962	0.033804	0.027457	0.049280	0.030666	0.064827	0.057481	0.071031	0.053345	0.013693	0.014049
261	na	4.106901	0.100556	0.010911	0.056126	0.067893	0.035444	0.072600	0.025032	0.059763	0.041078	0.114962	0.033804	0.027457	0.049280	0.030666	0.064827	0.057481	0.071031	0.053345	0.013693	0.014049
262	na	4.106901	0.100556	0.010911	0.056126	0.067893	0.035444	0.072600	0.025032	0.059763	0.041078	0.114962	0.033804	0.027457	0.049280	0.030666	0.064827	0.057481	0.071031	0.053345	0.013693	0.014049
263	na	4.106901	0.100556	0.010911	0.056126	0.067893	0.035444	0.072600	0.025032	0.059763	0.041078	0.114962	0.033804	0.027457	0.049280	0.030666	0.064827	0.057481	0.071031	0.053345	0.013693	0.014049
264	na	4.106901	0.100556	0.010911	0.056126	0.067893	0.035444	0.072600	0.025032	0.059763	0.041078	0.114962	0.033804	0.027457	0.049280	0.030666	0.064827	0.057481	0.071031	0.053345	0.013693	0.014049
265	na	4.106901	0.100556	0.010911	0.056126	0.067893	0.035444	0.072600	0.025032	0.059763	0.041078	0.114962	0.033804	0.027457	0.049280	0.030666	0.064827	0.057481	0.071031	0.053345	0.013693	0.014049
266	na	4.106901	0.100556	0.010911	0.056126	0.067893	0.035444	0.072600	0.025032	0.059763	0.041078	0.114962	0.033804	0.027457	0.049280	0.030666	0.064827	0.057481	0.071031	0.053345	0.013693	0.014049
267	na	4.106901	0.100556	0.010911	0.056126	0.067893	0.035444	0.072600	0.025032	0.059763	0.041078	0.114962	0.033804	0.027457	0.049280	0.030666	0.064827	0.057481	0.071031	0.053345	0.013693	0.014049
268	na	4.106901	0.100556	0.010911	0.056126	0.067893	0.035444	0.072600	0.025032	0.059763	0.041078	0.114962	0.033804	0.027457	0.049280	0.030666	0.064827	0.057481	0.071031	0.053345	0.013693	0.014049
269	na	4.106901	0.100556	0.010911	0.056126	0.067893	0.035444	0.072600	0.025032	0.059763	0.041078	0.114962	0.033804	0.027457	0.049280	0.030666	0.064827	0.057481	0.071031	0.053345	0.013693	0.014049
270	na	4.106901	0.100556	0.010911	0.056126	0.067893	0.035444	0.072600	0.025032	0.059763	0.041078	0.114962	0.033804	0.027457	0.049280	0.030666	0.064827	0.057481	0.071031	0.053345	0.013693	0.014049
271	na	4.106901	0.100556	0.010911	0.056126	0.067893	0.035444	0.072600	0.025032	0.059763	0.041078	0.114962	0.033804	0.027457	0.049280	0.030666	0.064827	0.057481	0.071031	0.053345	0.013693	0.014049
272	na	4.106901	0.100556	0.010911	0.056126	0.067893	0.035444	0.072600	0.025032	0.059763	0.041078	0.114962	0.033804	0.027457	0.049280	0.030666	0.064827	0.057481	0.071031	0.053345	0.013693	0.014049
273	na	4.106901	0.100556	0.010911	0.056126	0.067893	0.035444	0.072600	0.025032	0.059763	0.041078	0.114962	0.033804	0.027457	0.049280	0.030666	0.064827	0.057481	0.071031	0.053345	0.013693	0.014049
274	na	4.106901	0.100556	0.010911	0.056126	0.067893	0.035444	0.072600	0.025032	0.059763	0.041078	0.114962	0.033804	0.027457	0.049280	0.030666	0.064827	0.057481	0.071031	0.053345	0.013693	0.014049
275	na	4.106901	0.100556	0.010911	0.056126	0.067893	0.035444	0.072600	0.025032	0.059763	0.041078	0.114962	0.033804	0.027457	0.049280	0.030666	0.064827	0.057481	0.071031	0.053345	0.013693	0.014049
276	na	4.106901	0.100556	0.010911	0.056126	0.067893	0.035444	0.072600	0.025032	0.059763	0.041078	0.114962	0.033804	0.027457	0.049280	0.030666	0.064827	0.057481	0.071031	0.053345	0.013693	0.014049
277	na	4.106901	0.100556	0.010911	0.056126	0.067893	0.035444	0.072600	0.025032	0.059763	0.041078	0.114962	0.033804	0.027457	0.049280	0.030666	0.064827	0.057481	0.071031	0.053345	0.013693	0.014049
278	na	4.106901	0.100556	0.010911	0.056126	0.067893	0.035444	0.072600	0.025032	0.059763	0.041078	0.114962	0.033804	0.027457	0.049280	0.030666	0.064827	0.057481	0.071031	0.053345	0.013693	0.014049
279	na	4.106901	0.100556	0.010911	0.056126	0.067893	0.035444	0.072600	0.025032	0.059763	0.041078	0.114962	0.033804	0.027457	0.049280	0.030666	0.064827	0.057481	0.071031	0.053345	0.013693	0.014049
280	na	4.106901	0.100556	0.010911	0.056126	0.067893	0.035444	0.072600	0.025032	0.059763	0.041078	0.114962	0.033804	0.027457	0.049280	0.030666	0.064827	0.057481	0.071031	0.053345	0.013693	0.014049
281	na	4.106901	0.100556	0.010911	0.056126	0.067893	0.035444	0.072600	0.025032	0.059763	0.041078	0.114962	0.033804	0.027457	0.049280	0.030666	0.064827	0.057481	0.071031	0.053345	0.013693	0.014049
282	na	4.106901	0.100556	0.010911	0.056126	0.067893	0.035444	0.072600	0.025032	0.059763	0.041078	0.114962	0.033804	0.027457	0.049280	0.030666	0.064827	0.057481	0.071031	0.053345	0.013693	0.014049
283	na	4.106901	0.100556	0.010911	0.056126	0.067893	0.035444	0.072600	0.025032	0.059763	0.041078	0.114962	0.033804	0.027457	0.049280	0.030666	0.064827	0.057481	0.071031	0.053345	0.013693	0.014049
284	na	4.106901	0.100556	0.010911	0.056126	0.067893	0.035444	0.072600	0.025032	0.059763	0.041078	0.114962	0.033804	0.027457	0.049280	0.030666	0.064827	0.057481	0.071031	0.053345	0.013693	0.014049
285	na	4.106901	0.100556	0.010911	0.056126	0.067893	0.035444	0.072600	0.025032	0.059763	0.041078	0.114962	0.033804	0.027457	0.049280	0.030666	0.064827	0.057481	0.071031	0.053345	0.013693	0.014049
286	na	4.106901	0.100556	0.010911	0.056126	0.067893	0.035444	0.072600	0.025032	0.059763	0.041078	0.114962	0.033804	0.027457	0.049280	0.030666	0.064827	0.057481	0.071031	0.053345	0.013693	0.014049
