#SITE	WT_AA	SITE_ENTROPY	PI_A	PI_C	PI_D	PI_E	PI_F	PI_G	PI_H	PI_I	PI_K	PI_L	PI_M	PI_N	PI_P	PI_Q	PI_R	PI_S	PI_T	PI_V	PI_W	PI_Y
1	na	4.080828	0.111560	0.010727	0.056275	0.061309	0.026529	0.072778	0.020422	0.058256	0.034491	0.119317	0.034244	0.026199	0.046373	0.037462	0.072902	0.059370	0.066177	0.056358	0.015224	0.014028
2	na	4.080828	0.111560	0.010727	0.056275	0.061309	0.026529	0.072778	0.020422	0.058256	0.034491	0.119317	0.034244	0.026199	0.046373	0.037462	0.072902	0.059370	0.066177	0.056358	0.015224	0.014028
3	na	4.080828	0.111560	0.010727	0.056275	0.061309	0.026529	0.072778	0.020422	0.058256	0.034491	0.119317	0.034244	0.026199	0.046373	0.037462	0.072902	0.059370	0.066177	0.056358	0.015224	0.014028
4	na	4.080828	0.111560	0.010727	0.056275	0.061309	0.026529	0.072778	0.020422	0.058256	0.034491	0.119317	0.034244	0.026199	0.046373	0.037462	0.072902	0.059370	0.066177	0.056358	0.015224	0.014028
5	na	4.080828	0.111560	0.010727	0.056275	0.061309	0.026529	0.072778	0.020422	0.058256	0.034491	0.119317	0.034244	0.026199	0.046373	0.037462	0.072902	0.059370	0.066177	0.056358	0.015224	0.014028
6	na	4.080828	0.111560	0.010727	0.056275	0.061309	0.026529	0.072778	0.020422	0.058256	0.034491	0.119317	0.034244	0.026199	0.046373	0.037462	0.072902	0.059370	0.066177	0.056358	0.015224	0.014028
7	na	4.080828	0.111560	0.010727	0.056275	0.061309	0.026529	0.072778	0.020422	0.058256	0.034491	0.119317	0.034244	0.026199	0.046373	0.037462	0.072902	0.059370	0.066177	0.056358	0.015224	0.014028
8	na	4.080828	0.111560	0.010727	0.056275	0.061309	0.026529	0.072778	0.020422	0.058256	0.034491	0.119317	0.034244	0.026199	0.046373	0.037462	0.072902	0.059370	0.066177	0.056358	0.015224	0.014028
9	na	4.080828	0.111560	0.010727	0.056275	0.061309	0.026529	0.072778	0.020422	0.058256	0.034491	0.119317	0.034244	0.026199	0.046373	0.037462	0.072902	0.059370	0.066177	0.056358	0.015224	0.014028
10	na	4.080828	0.111560	0.010727	0.056275	0.061309	0.026529	0.072778	0.020422	0.058256	0.034491	0.119317	0.034244	0.026199	0.046373	0.037462	0.072902	0.059370	0.066177	0.056358	0.015224	0.014028
11	na	4.080828	0.111560	0.010727	0.056275	0.061309	0.026529	0.072778	0.020422	0.058256	0.034491	0.119317	0.034244	0.026199	0.046373	0.037462	0.072902	0.059370	0.066177	0.056358	0.015224	0.014028
12	na	4.080828	0.111560	0.010727	0.056275	0.061309	0.026529	0.072778	0.020422	0.058256	0.034491	0.119317	0.034244	0.026199	0.046373	0.037462	0.072902	0.059370	0.066177	0.056358	0.015224	0.014028
13	na	4.080828	0.111560	0.010727	0.056275	0.061309	0.026529	0.072778	0.020422	0.058256	0.034491	0.119317	0.034244	0.026199	0.046373	0.037462	0.072902	0.059370	0.066177	0.056358	0.015224	0.014028
14	na	4.080828	0.111560	0.010727	0.056275	0.061309	0.026529	0.072778	0.020422	0.058256	0.034491	0.119317	0.034244	0.026199	0.046373	0.037462	0.072902	0.059370	0.066177	0.056358	0.015224	0.014028
15	na	4.080828	0.111560	0.010727	0.056275	0.061309	0.026529	0.072778	0.020422	0.058256	0.034491	0.119317	0.034244	0.026199	0.046373	0.037462	0.072902	0.059370	0.066177	0.056358	0.015224	0.014028
16	na	4.080828	0.111560	0.010727	0.056275	0.061309	0.026529	0.072778	0.020422	0.058256	0.034491	0.119317	0.034244	0.026199	0.046373	0.037462	0.072902	0.059370	0.066177	0.056358	0.015224	0.014028
17	na	4.080828	0.111560	0.010727	0.056275	0.061309	0.026529	0.072778	0.020422	0.058256	0.034491	0.119317	0.034244	0.026199	0.046373	0.037462	0.072902	0.059370	0.066177	0.056358	0.015224	0.014028
18	na	4.080828	0.111560	0.010727	0.056275	0.061309	0.026529	0.072778	0.020422	0.058256	0.034491	0.119317	0.034244	0.026199	0.046373	0.037462	0.072902	0.059370	0.066177	0.056358	0.015224	0.014028
19	na	4.080828	0.111560	0.010727	0.056275	0.061309	0.026529	0.072778	0.020422	0.058256	0.034491	0.119317	0.034244	0.026199	0.046373	0.037462	0.072902	0.059370	0.066177	0.056358	0.015224	0.014028
20	na	4.080828	0.111560	0.010727	0.056275	0.061309	0.026529	0.072778	0.020422	0.058256	0.034491	0.119317	0.034244	0.026199	0.046373	0.037462	0.072902	0.059370	0.066177	0.056358	0.015224	0.014028
21	na	4.080828	0.111560	0.010727	0.056275	0.061309	0.026529	0.072778	0.020422	0.058256	0.034491	0.119317	0.034244	0.026199	0.046373	0.037462	0.072902	0.059370	0.066177	0.056358	0.015224	0.014028
22	na	4.080828	0.111560	0.010727	0.056275	0.061309	0.026529	0.072778	0.020422	0.058256	0.034491	0.119317	0.034244	0.026199	0.046373	0.037462	0.072902	0.059370	0.066177	0.056358	0.015224	0.014028
23	na	4.080828	0.111560	0.010727	0.056275	0.061309	0.026529	0.072778	0.020422	0.058256	0.034491	0.119317	0.034244	0.026199	0.046373	0.037462	0.072902	0.059370	0.066177	0.056358	0.015224	0.014028
24	na	4.080828	0.111560	0.010727	0.056275	0.061309	0.026529	0.072778	0.020422	0.058256	0.034491	0.119317	0.034244	0.026199	0.046373	0.037462	0.072902	0.059370	0.066177	0.056358	0.015224	0.014028
25	na	4.080828	0.111560	0.010727	0.056275	0.061309	0.026529	0.072778	0.020422	0.058256	0.034491	0.119317	0.034244	0.026199	0.046373	0.037462	0.072902	0.059370	0.066177	0.056358	0.015224	0.014028
26	na	4.080828	0.111560	0.010727	0.056275	0.061309	0.026529	0.072778	0.020422	0.058256	0.034491	0.119317	0.034244	0.026199	0.046373	0.037462	0.072902	0.059370	0.066177	0.056358	0.015224	0.014028
27	na	4.080828	0.111560	0.010727	0.056275	0.061309	0.026529	0.072778	0.020422	0.058256	0.034491	0.119317	0.034244	0.026199	0.046373	0.037462	0.072902	0.059370	0.066177	0.056358	0.015224	0.014028
28	na	4.080828	0.111560	0.010727	0.056275	0.061309	0.026529	0.072778	0.020422	0.058256	0.034491	0.119317	0.034244	0.026199	0.046373	0.037462	0.072902	0.059370	0.066177	0.056358	0.015224	0.014028
29	na	4.080828	0.111560	0.010727	0.056275	0.061309	0.026529	0.072778	0.020422	0.058256	0.034491	0.119317	0.034244	0.026199	0.046373	0.037462	0.072902	0.059370	0.066177	0.056358	0.015224	0.014028
30	na	4.080828	0.111560	0.010727	0.056275	0.061309	0.026529	0.072778	0.020422	0.058256	0.034491	0.119317	0.034244	0.026199	0.046373	0.037462	0.072902	0.059370	0.066177	0.056358	0.015224	0.014028
31	na	4.080828	0.111560	0.010727	0.056275	0.061309	0.026529	0.072778	0.020422	0.058256	0.034491	0.119317	0.034244	0.026199	0.046373	0.037462	0.072902	0.059370	0.066177	0.056358	0.015224	0.014028
32	na	4.080828	0.111560	0.010727	0.056275	0.061309	0.026529	0.072778	0.020422	0.058256	0.034491	0.119317	0.034244	0.026199	0.046373	0.037462	0.072902	0.059370	0.066177	0.056358	0.015224	0.014028
33	na	4.080828	0.111560	0.010727	0.056275	0.061309	0.026529	0.072778	0.020422	0.058256	0.034491	0.119317	0.034244	0.026199	0.046373	0.037462	0.072902	0.059370	0.066177	0.056358	0.015224	0.014028
34	na	4.080828	0.111560	0.010727	0.056275	0.061309	0.026529	0.072778	0.020422	0.058256	0.034491	0.119317	0.034244	0.026199	0.046373	0.037462	0.072902	0.059370	0.066177	0.056358	0.015224	0.014028
35	na	4.080828	0.111560	0.010727	0.056275	0.061309	0.026529	0.072778	0.020422	0.058256	0.034491	0.119317	0.034244	0.026199	0.046373	0.037462	0.072902	0.059370	0.066177	0.056358	0.015224	0.014028
36	na	4.080828	0.111560	0.010727	0.056275	0.061309	0.026529	0.072778	0.020422	0.058256	0.034491	0.119317	0.034244	0.026199	0.046373	0.037462	0.072902	0.059370	0.066177	0.056358	0.015224	0.014028
37	na	4.080828	0.111560	0.010727	0.056275	0.061309	0.026529	0.072778	0.020422	0.058256	0.034491	0.119317	0.034244	0.026199	0.046373	0.037462	0.072902	0.059370	0.066177	0.056358	0.015224	0.014028
38	na	4.080828	0.111560	0.010727	0.056275	0.061309	0.026529	0.072778	0.020422	0.058256	0.034491	0.119317	0.034244	0.026199	0.046373	0.037462	0.072902	0.059370	0.066177	0.056358	0.015224	0.014028
39	na	4.080828	0.111560	0.010727	0.056275	0.061309	0.026529	0.072778	0.020422	0.058256	0.034491	0.119317	0.034244	0.026199	0.046373	0.037462	0.072902	0.059370	0.066177	0.056358	0.015224	0.014028
40	na	4.080828	0.111560	0.010727	0.056275	0.061309	0.026529	0.072778	0.020422	0.058256	0.034491	0.119317	0.034244	0.026199	0.046373	0.037462	0.072902	0.059370	0.066177	0.056358	0.015224	0.014028
41	na	4.080828	0.111560	0.010727	0.056275	0.061309	0.026529	0.072778	0.020422	0.058256	0.034491	0.119317	0.034244	0.026199	0.046373	0.037462	0.072902	0.059370	0.066177	0.056358	0.015224	0.014028
42	na	4.080828	0.111560	0.010727	0.056275	0.061309	0.026529	0.072778	0.020422	0.058256	0.034491	0.119317	0.034244	0.026199	0.046373	0.037462	0.072902	0.059370	0.066177	0.056358	0.015224	0.014028
43	na	4.080828	0.111560	0.010727	0.056275	0.061309	0.026529	0.072778	0.020422	0.058256	0.034491	0.119317	0.034244	0.026199	0.046373	0.037462	0.072902	0.059370	0.066177	0.056358	0.015224	0.014028
44	na	4.080828	0.111560	0.010727	0.056275	0.061309	0.026529	0.072778	0.020422	0.058256	0.034491	0.119317	0.034244	0.026199	0.046373	0.037462	0.072902	0.059370	0.066177	0.056358	0.015224	0.014028
45	na	4.080828	0.111560	0.010727	0.056275	0.061309	0.026529	0.072778	0.020422	0.058256	0.034491	0.119317	0.034244	0.026199	0.046373	0.037462	0.072902	0.059370	0.066177	0.056358	0.015224	0.014028
46	na	4.080828	0.111560	0.010727	0.056275	0.061309	0.026529	0.072778	0.020422	0.058256	0.034491	0.119317	0.034244	0.026199	0.046373	0.037462	0.072902	0.059370	0.066177	0.056358	0.015224	0.014028
47	na	4.080828	0.111560	0.010727	0.056275	0.061309	0.026529	0.072778	0.020422	0.058256	0.034491	0.119317	0.034244	0.026199	0.046373	0.037462	0.072902	0.059370	0.066177	0.056358	0.015224	0.014028
48	na	4.080828	0.111560	0.010727	0.056275	0.061309	0.026529	0.072778	0.020422	0.058256	0.034491	0.119317	0.034244	0.026199	0.046373	0.037462	0.072902	0.059370	0.066177	0.056358	0.015224	0.014028
49	na	4.080828	0.111560	0.010727	0.056275	0.061309	0.026529	0.072778	0.020422	0.058256	0.034491	0.119317	0.034244	0.026199	0.046373	0.037462	0.072902	0.059370	0.066177	0.056358	0.015224	0.014028
50	na	4.080828	0.111560	0.010727	0.056275	0.061309	0.026529	0.072778	0.020422	0.058256	0.034491	0.119317	0.034244	0.026199	0.046373	0.037462	0.072902	0.059370	0.066177	0.056358	0.015224	0.014028
51	na	4.080828	0.111560	0.010727	0.056275	0.061309	0.026529	0.072778	0.020422	0.058256	0.034491	0.119317	0.034244	0.026199	0.046373	0.037462	0.072902	0.059370	0.066177	0.056358	0.015224	0.014028
52	na	4.080828	0.111560	0.010727	0.056275	0.061309	0.026529	0.072778	0.020422	0.058256	0.034491	0.119317	0.034244	0.026199	0.046373	0.037462	0.072902	0.059370	0.066177	0.056358	0.015224	0.014028
53	na	4.080828	0.111560	0.010727	0.056275	0.061309	0.026529	0.072778	0.020422	0.058256	0.034491	0.119317	0.034244	0.026199	0.046373	0.037462	0.072902	0.059370	0.066177	0.056358	0.015224	0.014028
54	na	4.080828	0.111560	0.010727	0.056275	0.061309	0.026529	0.072778	0.020422	0.058256	0.034491	0.119317	0.034244	0.026199	0.046373	0.037462	0.072902	0.059370	0.066177	0.056358	0.015224	0.014028
55	na	4.080828	0.111560	0.010727	0.056275	0.061309	0.026529	0.072778	0.020422	0.058256	0.034491	0.119317	0.034244	0.026199	0.046373	0.037462	0.072902	0.059370	0.066177	0.056358	0.015224	0.014028
56	na	4.080828	0.111560	0.010727	0.056275	0.061309	0.026529	0.072778	0.020422	0.058256	0.034491	0.119317	0.034244	0.026199	0.046373	0.037462	0.072902	0.059370	0.066177	0.056358	0.015224	0.014028
57	na	4.080828	0.111560	0.010727	0.056275	0.061309	0.026529	0.072778	0.020422	0.058256	0.034491	0.119317	0.034244	0.026199	0.046373	0.037462	0.072902	0.059370	0.066177	0.056358	0.015224	0.014028
58	na	4.080828	0.111560	0.010727	0.056275	0.061309	0.026529	0.072778	0.020422	0.058256	0.034491	0.119317	0.034244	0.026199	0.046373	0.037462	0.072902	0.059370	0.066177	0.056358	0.015224	0.014028
59	na	4.080828	0.111560	0.010727	0.056275	0.061309	0.026529	0.072778	0.020422	0.058256	0.034491	0.119317	0.034244	0.026199	0.046373	0.037462	0.072902	0.059370	0.066177	0.056358	0.015224	0.014028
60	na	4.080828	0.111560	0.010727	0.056275	0.061309	0.026529	0.072778	0.020422	0.058256	0.034491	0.119317	0.034244	0.026199	0.046373	0.037462	0.072902	0.059370	0.066177	0.056358	0.015224	0.014028
61	na	4.080828	0.111560	0.010727	0.056275	0.061309	0.026529	0.072778	0.020422	0.058256	0.034491	0.119317	0.034244	0.026199	0.046373	0.037462	0.072902	0.059370	0.066177	0.056358	0.015224	0.014028
62	na	4.080828	0.111560	0.010727	0.056275	0.061309	0.026529	0.072778	0.020422	0.058256	0.034491	0.119317	0.034244	0.026199	0.046373	0.037462	0.072902	0.059370	0.066177	0.056358	0.015224	0.014028
63	na	4.080828	0.111560	0.010727	0.056275	0.061309	0.026529	0.072778	0.020422	0.058256	0.034491	0.119317	0.034244	0.026199	0.046373	0.037462	0.072902	0.059370	0.066177	0.056358	0.015224	0.014028
64	na	4.080828	0.111560	0.010727	0.056275	0.061309	0.026529	0.072778	0.020422	0.058256	0.034491	0.119317	0.034244	0.026199	0.046373	0.037462	0.072902	0.059370	0.066177	0.056358	0.015224	0.014028
65	na	4.080828	0.111560	0.010727	0.056275	0.061309	0.026529	0.072778	0.020422	0.058256	0.034491	0.119317	0.034244	0.026199	0.046373	0.037462	0.072902	0.059370	0.066177	0.056358	0.015224	0.014028
66	na	4.080828	0.111560	0.010727	0.056275	0.061309	0.026529	0.072778	0.020422	0.058256	0.034491	0.119317	0.034244	0.026199	0.046373	0.037462	0.072902	0.059370	0.066177	0.056358	0.015224	0.014028
67	na	4.080828	0.111560	0.010727	0.056275	0.061309	0.026529	0.072778	0.020422	0.058256	0.034491	0.119317	0.034244	0.026199	0.046373	0.037462	0.072902	0.059370	0.066177	0.056358	0.015224	0.014028
68	na	4.080828	0.111560	0.010727	0.056275	0.061309	0.026529	0.072778	0.020422	0.058256	0.034491	0.119317	0.034244	0.026199	0.046373	0.037462	0.072902	0.059370	0.066177	0.056358	0.015224	0.014028
69	na	4.080828	0.111560	0.010727	0.056275	0.061309	0.026529	0.072778	0.020422	0.058256	0.034491	0.119317	0.034244	0.026199	0.046373	0.037462	0.072902	0.059370	0.066177	0.056358	0.015224	0.014028
70	na	4.080828	0.111560	0.010727	0.056275	0.061309	0.026529	0.072778	0.020422	0.058256	0.034491	0.119317	0.034244	0.026199	0.046373	0.037462	0.072902	0.059370	0.066177	0.056358	0.015224	0.014028
71	na	4.080828	0.111560	0.010727	0.056275	0.061309	0.026529	0.072778	0.020422	0.058256	0.034491	0.119317	0.034244	0.026199	0.046373	0.037462	0.072902	0.059370	0.066177	0.056358	0.015224	0.014028
72	na	4.080828	0.111560	0.010727	0.056275	0.061309	0.026529	0.072778	0.020422	0.058256	0.034491	0.119317	0.034244	0.026199	0.046373	0.037462	0.072902	0.059370	0.066177	0.056358	0.015224	0.014028
73	na	4.080828	0.111560	0.010727	0.056275	0.061309	0.026529	0.072778	0.020422	0.058256	0.034491	0.119317	0.034244	0.026199	0.046373	0.037462	0.072902	0.059370	0.066177	0.056358	0.015224	0.014028
74	na	4.080828	0.111560	0.010727	0.056275	0.061309	0.026529	0.072778	0.020422	0.058256	0.034491	0.119317	0.034244	0.026199	0.046373	0.037462	0.072902	0.059370	0.066177	0.056358	0.015224	0.014028
75	na	4.080828	0.111560	0.010727	0.056275	0.061309	0.026529	0.072778	0.020422	0.058256	0.034491	0.119317	0.034244	0.026199	0.046373	0.037462	0.072902	0.059370	0.066177	0.056358	0.015224	0.014028
76	na	4.080828	0.111560	0.010727	0.056275	0.061309	0.026529	0.072778	0.020422	0.058256	0.034491	0.119317	0.034244	0.026199	0.046373	0.037462	0.072902	0.059370	0.066177	0.056358	0.015224	0.014028
77	na	4.080828	0.111560	0.010727	0.056275	0.061309	0.026529	0.072778	0.020422	0.058256	0.034491	0.119317	0.034244	0.026199	0.046373	0.037462	0.072902	0.059370	0.066177	0.056358	0.015224	0.014028
78	na	4.080828	0.111560	0.010727	0.056275	0.061309	0.026529	0.072778	0.020422	0.058256	0.034491	0.119317	0.034244	0.026199	0.046373	0.037462	0.072902	0.059370	0.066177	0.056358	0.015224	0.014028
79	na	4.080828	0.111560	0.010727	0.056275	0.061309	0.026529	0.072778	0.020422	0.058256	0.034491	0.119317	0.034244	0.026199	0.046373	0.037462	0.072902	0.059370	0.066177	0.056358	0.015224	0.014028
80	na	4.080828	0.111560	0.010727	0.056275	0.061309	0.026529	0.072778	0.020422	0.058256	0.034491	0.119317	0.034244	0.026199	0.046373	0.037462	0.072902	0.059370	0.066177	0.056358	0.015224	0.014028
81	na	4.080828	0.111560	0.010727	0.056275	0.061309	0.026529	0.072778	0.020422	0.058256	0.034491	0.119317	0.034244	0.026199	0.046373	0.037462	0.072902	0.059370	0.066177	0.056358	0.015224	0.014028
82	na	4.080828	0.111560	0.010727	0.056275	0.061309	0.026529	0.072778	0.020422	0.058256	0.034491	0.119317	0.034244	0.026199	0.046373	0.037462	0.072902	0.059370	0.066177	0.056358	0.015224	0.014028
83	na	4.080828	0.111560	0.010727	0.056275	0.061309	0.026529	0.072778	0.020422	0.058256	0.034491	0.119317	0.034244	0.026199	0.046373	0.037462	0.072902	0.059370	0.066177	0.056358	0.015224	0.014028
84	na	4.080828	0.111560	0.010727	0.056275	0.061309	0.026529	0.072778	0.020422	0.058256	0.034491	0.119317	0.034244	0.026199	0.046373	0.037462	0.072902	0.059370	0.066177	0.056358	0.015224	0.014028
85	na	4.080828	0.111560	0.010727	0.056275	0.061309	0.026529	0.072778	0.020422	0.058256	0.034491	0.119317	0.034244	0.026199	0.046373	0.037462	0.072902	0.059370	0.066177	0.056358	0.015224	0.014028
86	na	4.080828	0.111560	0.010727	0.056275	0.061309	0.026529	0.072778	0.020422	0.058256	0.034491	0.119317	0.034244	0.026199	0.046373	0.037462	0.072902	0.059370	0.066177	0.056358	0.015224	0.014028
87	na	4.080828	0.111560	0.010727	0.056275	0.061309	0.026529	0.072778	0.020422	0.058256	0.034491	0.119317	0.034244	0.026199	0.046373	0.037462	0.072902	0.059370	0.066177	0.056358	0.015224	0.014028
88	na	4.080828	0.111560	0.010727	0.056275	0.061309	0.026529	0.072778	0.020422	0.058256	0.034491	0.119317	0.034244	0.026199	0.046373	0.037462	0.072902	0.059370	0.066177	0.056358	0.015224	0.014028
89	na	4.080828	0.111560	0.010727	0.056275	0.061309	0.026529	0.072778	0.020422	0.058256	0.034491	0.119317	0.034244	0.026199	0.046373	0.037462	0.072902	0.059370	0.066177	0.056358	0.015224	0.014028
90	na	4.080828	0.111560	0.010727	0.056275	0.061309	0.026529	0.072778	0.020422	0.058256	0.034491	0.119317	0.034244	0.026199	0.046373	0.037462	0.072902	0.059370	0.066177	0.056358	0.015224	0.014028
91	na	4.080828	0.111560	0.010727	0.056275	0.061309	0.026529	0.072778	0.020422	0.058256	0.034491	0.119317	0.034244	0.026199	0.046373	0.037462	0.072902	0.059370	0.066177	0.056358	0.015224	0.014028
92	na	4.080828	0.111560	0.010727	0.056275	0.061309	0.026529	0.072778	0.020422	0.058256	0.034491	0.119317	0.034244	0.026199	0.046373	0.037462	0.072902	0.059370	0.066177	0.056358	0.015224	0.014028
93	na	4.080828	0.111560	0.010727	0.056275	0.061309	0.026529	0.072778	0.020422	0.058256	0.034491	0.119317	0.034244	0.026199	0.046373	0.037462	0.072902	0.059370	0.066177	0.056358	0.015224	0.014028
94	na	4.080828	0.111560	0.010727	0.056275	0.061309	0.026529	0.072778	0.020422	0.058256	0.034491	0.119317	0.034244	0.026199	0.046373	0.037462	0.072902	0.059370	0.066177	0.056358	0.015224	0.014028
95	na	4.080828	0.111560	0.010727	0.056275	0.061309	0.026529	0.072778	0.020422	0.058256	0.034491	0.119317	0.034244	0.026199	0.046373	0.037462	0.072902	0.059370	0.066177	0.056358	0.015224	0.014028
96	na	4.080828	0.111560	0.010727	0.056275	0.061309	0.026529	0.072778	0.020422	0.058256	0.034491	0.119317	0.034244	0.026199	0.046373	0.037462	0.072902	0.059370	0.066177	0.056358	0.015224	0.014028
97	na	4.080828	0.111560	0.010727	0.056275	0.061309	0.026529	0.072778	0.020422	0.058256	0.034491	0.119317	0.034244	0.026199	0.046373	0.037462	0.072902	0.059370	0.066177	0.056358	0.015224	0.014028
98	na	4.080828	0.111560	0.010727	0.056275	0.061309	0.026529	0.072778	0.020422	0.058256	0.034491	0.119317	0.034244	0.026199	0.046373	0.037462	0.072902	0.059370	0.066177	0.056358	0.015224	0.014028
99	na	4.080828	0.111560	0.010727	0.056275	0.061309	0.026529	0.072778	0.020422	0.058256	0.034491	0.119317	0.034244	0.026199	0.046373	0.037462	0.072902	0.059370	0.066177	0.056358	0.015224	0.014028
100	na	4.080828	0.111560	0.010727	0.056275	0.061309	0.026529	0.072778	0.020422	0.058256	0.034491	0.119317	0.034244	0.026199	0.046373	0.037462	0.072902	0.059370	0.066177	0.056358	0.015224	0.014028
101	na	4.080828	0.111560	0.010727	0.056275	0.061309	0.026529	0.072778	0.020422	0.058256	0.034491	0.119317	0.034244	0.026199	0.046373	0.037462	0.072902	0.059370	0.066177	0.056358	0.015224	0.014028
102	na	4.080828	0.111560	0.010727	0.056275	0.061309	0.026529	0.072778	0.020422	0.058256	0.034491	0.119317	0.034244	0.026199	0.046373	0.037462	0.072902	0.059370	0.066177	0.056358	0.015224	0.014028
103	na	4.080828	0.111560	0.010727	0.056275	0.061309	0.026529	0.072778	0.020422	0.058256	0.034491	0.119317	0.034244	0.026199	0.046373	0.037462	0.072902	0.059370	0.066177	0.056358	0.015224	0.014028
104	na	4.080828	0.111560	0.010727	0.056275	0.061309	0.026529	0.072778	0.020422	0.058256	0.034491	0.119317	0.034244	0.026199	0.046373	0.037462	0.072902	0.059370	0.066177	0.056358	0.015224	0.014028
105	na	4.080828	0.111560	0.010727	0.056275	0.061309	0.026529	0.072778	0.020422	0.058256	0.034491	0.119317	0.034244	0.026199	0.046373	0.037462	0.072902	0.059370	0.066177	0.056358	0.015224	0.014028
106	na	4.080828	0.111560	0.010727	0.056275	0.061309	0.026529	0.072778	0.020422	0.058256	0.034491	0.119317	0.034244	0.026199	0.046373	0.037462	0.072902	0.059370	0.066177	0.056358	0.015224	0.014028
107	na	4.080828	0.111560	0.010727	0.056275	0.061309	0.026529	0.072778	0.020422	0.058256	0.034491	0.119317	0.034244	0.026199	0.046373	0.037462	0.072902	0.059370	0.066177	0.056358	0.015224	0.014028
108	na	4.080828	0.111560	0.010727	0.056275	0.061309	0.026529	0.072778	0.020422	0.058256	0.034491	0.119317	0.034244	0.026199	0.046373	0.037462	0.072902	0.059370	0.066177	0.056358	0.015224	0.014028
109	na	4.080828	0.111560	0.010727	0.056275	0.061309	0.026529	0.072778	0.020422	0.058256	0.034491	0.119317	0.034244	0.026199	0.046373	0.037462	0.072902	0.059370	0.066177	0.056358	0.015224	0.014028
110	na	4.080828	0.111560	0.010727	0.056275	0.061309	0.026529	0.072778	0.020422	0.058256	0.034491	0.119317	0.034244	0.026199	0.046373	0.037462	0.072902	0.059370	0.066177	0.056358	0.015224	0.014028
111	na	4.080828	0.111560	0.010727	0.056275	0.061309	0.026529	0.072778	0.020422	0.058256	0.034491	0.119317	0.034244	0.026199	0.046373	0.037462	0.072902	0.059370	0.066177	0.056358	0.015224	0.014028
112	na	4.080828	0.111560	0.010727	0.056275	0.061309	0.026529	0.072778	0.020422	0.058256	0.034491	0.119317	0.034244	0.026199	0.046373	0.037462	0.072902	0.059370	0.066177	0.056358	0.015224	0.014028
113	na	4.080828	0.111560	0.010727	0.056275	0.061309	0.026529	0.072778	0.020422	0.058256	0.034491	0.119317	0.034244	0.026199	0.046373	0.037462	0.072902	0.059370	0.066177	0.056358	0.015224	0.014028
114	na	4.080828	0.111560	0.010727	0.056275	0.061309	0.026529	0.072778	0.020422	0.058256	0.034491	0.119317	0.034244	0.026199	0.046373	0.037462	0.072902	0.059370	0.066177	0.056358	0.015224	0.014028
115	na	4.080828	0.111560	0.010727	0.056275	0.061309	0.026529	0.072778	0.020422	0.058256	0.034491	0.119317	0.034244	0.026199	0.046373	0.037462	0.072902	0.059370	0.066177	0.056358	0.015224	0.014028
116	na	4.080828	0.111560	0.010727	0.056275	0.061309	0.026529	0.072778	0.020422	0.058256	0.034491	0.119317	0.034244	0.026199	0.046373	0.037462	0.072902	0.059370	0.066177	0.056358	0.015224	0.014028
117	na	4.080828	0.111560	0.010727	0.056275	0.061309	0.026529	0.072778	0.020422	0.058256	0.034491	0.119317	0.034244	0.026199	0.046373	0.037462	0.072902	0.059370	0.066177	0.056358	0.015224	0.014028
118	na	4.080828	0.111560	0.010727	0.056275	0.061309	0.026529	0.072778	0.020422	0.058256	0.034491	0.119317	0.034244	0.026199	0.046373	0.037462	0.072902	0.059370	0.066177	0.056358	0.015224	0.014028
119	na	4.080828	0.111560	0.010727	0.056275	0.061309	0.026529	0.072778	0.020422	0.058256	0.034491	0.119317	0.034244	0.026199	0.046373	0.037462	0.072902	0.059370	0.066177	0.056358	0.015224	0.014028
120	na	4.080828	0.111560	0.010727	0.056275	0.061309	0.026529	0.072778	0.020422	0.058256	0.034491	0.119317	0.034244	0.026199	0.046373	0.037462	0.072902	0.059370	0.066177	0.056358	0.015224	0.014028
121	na	4.080828	0.111560	0.010727	0.056275	0.061309	0.026529	0.072778	0.020422	0.058256	0.034491	0.119317	0.034244	0.026199	0.046373	0.037462	0.072902	0.059370	0.066177	0.056358	0.015224	0.014028
122	na	4.080828	0.111560	0.010727	0.056275	0.061309	0.026529	0.072778	0.020422	0.058256	0.034491	0.119317	0.034244	0.026199	0.046373	0.037462	0.072902	0.059370	0.066177	0.056358	0.015224	0.014028
123	na	4.080828	0.111560	0.010727	0.056275	0.061309	0.026529	0.072778	0.020422	0.058256	0.034491	0.119317	0.034244	0.026199	0.046373	0.037462	0.072902	0.059370	0.066177	0.056358	0.015224	0.014028
124	na	4.080828	0.111560	0.010727	0.056275	0.061309	0.026529	0.072778	0.020422	0.058256	0.034491	0.119317	0.034244	0.026199	0.046373	0.037462	0.072902	0.059370	0.066177	0.056358	0.015224	0.014028
125	na	4.080828	0.111560	0.010727	0.056275	0.061309	0.026529	0.072778	0.020422	0.058256	0.034491	0.119317	0.034244	0.026199	0.046373	0.037462	0.072902	0.059370	0.066177	0.056358	0.015224	0.014028
126	na	4.080828	0.111560	0.010727	0.056275	0.061309	0.026529	0.072778	0.020422	0.058256	0.034491	0.119317	0.034244	0.026199	0.046373	0.037462	0.072902	0.059370	0.066177	0.056358	0.015224	0.014028
127	na	4.080828	0.111560	0.010727	0.056275	0.061309	0.026529	0.072778	0.020422	0.058256	0.034491	0.119317	0.034244	0.026199	0.046373	0.037462	0.072902	0.059370	0.066177	0.056358	0.015224	0.014028
128	na	4.080828	0.111560	0.010727	0.056275	0.061309	0.026529	0.072778	0.020422	0.058256	0.034491	0.119317	0.034244	0.026199	0.046373	0.037462	0.072902	0.059370	0.066177	0.056358	0.015224	0.014028
129	na	4.080828	0.111560	0.010727	0.056275	0.061309	0.026529	0.072778	0.020422	0.058256	0.034491	0.119317	0.034244	0.026199	0.046373	0.037462	0.072902	0.059370	0.066177	0.056358	0.015224	0.014028
130	na	4.080828	0.111560	0.010727	0.056275	0.061309	0.026529	0.072778	0.020422	0.058256	0.034491	0.119317	0.034244	0.026199	0.046373	0.037462	0.072902	0.059370	0.066177	0.056358	0.015224	0.014028
131	na	4.080828	0.111560	0.010727	0.056275	0.061309	0.026529	0.072778	0.020422	0.058256	0.034491	0.119317	0.034244	0.026199	0.046373	0.037462	0.072902	0.059370	0.066177	0.056358	0.015224	0.014028
132	na	4.080828	0.111560	0.010727	0.056275	0.061309	0.026529	0.072778	0.020422	0.058256	0.034491	0.119317	0.034244	0.026199	0.046373	0.037462	0.072902	0.059370	0.066177	0.056358	0.015224	0.014028
133	na	4.080828	0.111560	0.010727	0.056275	0.061309	0.026529	0.072778	0.020422	0.058256	0.034491	0.119317	0.034244	0.026199	0.046373	0.037462	0.072902	0.059370	0.066177	0.056358	0.015224	0.014028
134	na	4.080828	0.111560	0.010727	0.056275	0.061309	0.026529	0.072778	0.020422	0.058256	0.034491	0.119317	0.034244	0.026199	0.046373	0.037462	0.072902	0.059370	0.066177	0.056358	0.015224	0.014028
135	na	4.080828	0.111560	0.010727	0.056275	0.061309	0.026529	0.072778	0.020422	0.058256	0.034491	0.119317	0.034244	0.026199	0.046373	0.037462	0.072902	0.059370	0.066177	0.056358	0.015224	0.014028
136	na	4.080828	0.111560	0.010727	0.056275	0.061309	0.026529	0.072778	0.020422	0.058256	0.034491	0.119317	0.034244	0.026199	0.046373	0.037462	0.072902	0.059370	0.066177	0.056358	0.015224	0.014028
137	na	4.080828	0.111560	0.010727	0.056275	0.061309	0.026529	0.072778	0.020422	0.058256	0.034491	0.119317	0.034244	0.026199	0.046373	0.037462	0.072902	0.059370	0.066177	0.056358	0.015224	0.014028
138	na	4.080828	0.111560	0.010727	0.056275	0.061309	0.026529	0.072778	0.020422	0.058256	0.034491	0.119317	0.034244	0.026199	0.046373	0.037462	0.072902	0.059370	0.066177	0.056358	0.015224	0.014028
139	na	4.080828	0.111560	0.010727	0.056275	0.061309	0.026529	0.072778	0.020422	0.058256	0.034491	0.119317	0.034244	0.026199	0.046373	0.037462	0.072902	0.059370	0.066177	0.056358	0.015224	0.014028
140	na	4.080828	0.111560	0.010727	0.056275	0.061309	0.026529	0.072778	0.020422	0.058256	0.034491	0.119317	0.034244	0.026199	0.046373	0.037462	0.072902	0.059370	0.066177	0.056358	0.015224	0.014028
141	na	4.080828	0.111560	0.010727	0.056275	0.061309	0.026529	0.072778	0.020422	0.058256	0.034491	0.119317	0.034244	0.026199	0.046373	0.037462	0.072902	0.059370	0.066177	0.056358	0.015224	0.014028
142	na	4.080828	0.111560	0.010727	0.056275	0.061309	0.026529	0.072778	0.020422	0.058256	0.034491	0.119317	0.034244	0.026199	0.046373	0.037462	0.072902	0.059370	0.066177	0.056358	0.015224	0.014028
143	na	4.080828	0.111560	0.010727	0.056275	0.061309	0.026529	0.072778	0.020422	0.058256	0.034491	0.119317	0.034244	0.026199	0.046373	0.037462	0.072902	0.059370	0.066177	0.056358	0.015224	0.014028
144	na	4.080828	0.111560	0.010727	0.056275	0.061309	0.026529	0.072778	0.020422	0.058256	0.034491	0.119317	0.034244	0.026199	0.046373	0.037462	0.072902	0.059370	0.066177	0.056358	0.015224	0.014028
145	na	4.080828	0.111560	0.010727	0.056275	0.061309	0.026529	0.072778	0.020422	0.058256	0.034491	0.119317	0.034244	0.026199	0.046373	0.037462	0.072902	0.059370	0.066177	0.056358	0.015224	0.014028
146	na	4.080828	0.111560	0.010727	0.056275	0.061309	0.026529	0.072778	0.020422	0.058256	0.034491	0.119317	0.034244	0.026199	0.046373	0.037462	0.072902	0.059370	0.066177	0.056358	0.015224	0.014028
147	na	4.080828	0.111560	0.010727	0.056275	0.061309	0.026529	0.072778	0.020422	0.058256	0.034491	0.119317	0.034244	0.026199	0.046373	0.037462	0.072902	0.059370	0.066177	0.056358	0.015224	0.014028
148	na	4.080828	0.111560	0.010727	0.056275	0.061309	0.026529	0.072778	0.020422	0.058256	0.034491	0.119317	0.034244	0.026199	0.046373	0.037462	0.072902	0.059370	0.066177	0.056358	0.015224	0.014028
149	na	4.080828	0.111560	0.010727	0.056275	0.061309	0.026529	0.072778	0.020422	0.058256	0.034491	0.119317	0.034244	0.026199	0.046373	0.037462	0.072902	0.059370	0.066177	0.056358	0.015224	0.014028
150	na	4.080828	0.111560	0.010727	0.056275	0.061309	0.026529	0.072778	0.020422	0.058256	0.034491	0.119317	0.034244	0.026199	0.046373	0.037462	0.072902	0.059370	0.066177	0.056358	0.015224	0.014028
151	na	4.080828	0.111560	0.010727	0.056275	0.061309	0.026529	0.072778	0.020422	0.058256	0.034491	0.119317	0.034244	0.026199	0.046373	0.037462	0.072902	0.059370	0.066177	0.056358	0.015224	0.014028
152	na	4.080828	0.111560	0.010727	0.056275	0.061309	0.026529	0.072778	0.020422	0.058256	0.034491	0.119317	0.034244	0.026199	0.046373	0.037462	0.072902	0.059370	0.066177	0.056358	0.015224	0.014028
153	na	4.080828	0.111560	0.010727	0.056275	0.061309	0.026529	0.072778	0.020422	0.058256	0.034491	0.119317	0.034244	0.026199	0.046373	0.037462	0.072902	0.059370	0.066177	0.056358	0.015224	0.014028
154	na	4.080828	0.111560	0.010727	0.056275	0.061309	0.026529	0.072778	0.020422	0.058256	0.034491	0.119317	0.034244	0.026199	0.046373	0.037462	0.072902	0.059370	0.066177	0.056358	0.015224	0.014028
155	na	4.080828	0.111560	0.010727	0.056275	0.061309	0.026529	0.072778	0.020422	0.058256	0.034491	0.119317	0.034244	0.026199	0.046373	0.037462	0.072902	0.059370	0.066177	0.056358	0.015224	0.014028
156	na	4.080828	0.111560	0.010727	0.056275	0.061309	0.026529	0.072778	0.020422	0.058256	0.034491	0.119317	0.034244	0.026199	0.046373	0.037462	0.072902	0.059370	0.066177	0.056358	0.015224	0.014028
157	na	4.080828	0.111560	0.010727	0.056275	0.061309	0.026529	0.072778	0.020422	0.058256	0.034491	0.119317	0.034244	0.026199	0.046373	0.037462	0.072902	0.059370	0.066177	0.056358	0.015224	0.014028
158	na	4.080828	0.111560	0.010727	0.056275	0.061309	0.026529	0.072778	0.020422	0.058256	0.034491	0.119317	0.034244	0.026199	0.046373	0.037462	0.072902	0.059370	0.066177	0.056358	0.015224	0.014028
159	na	4.080828	0.111560	0.010727	0.056275	0.061309	0.026529	0.072778	0.020422	0.058256	0.034491	0.119317	0.034244	0.026199	0.046373	0.037462	0.072902	0.059370	0.066177	0.056358	0.015224	0.014028
160	na	4.080828	0.111560	0.010727	0.056275	0.061309	0.026529	0.072778	0.020422	0.058256	0.034491	0.119317	0.034244	0.026199	0.046373	0.037462	0.072902	0.059370	0.066177	0.056358	0.015224	0.014028
161	na	4.080828	0.111560	0.010727	0.056275	0.061309	0.026529	0.072778	0.020422	0.058256	0.034491	0.119317	0.034244	0.026199	0.046373	0.037462	0.072902	0.059370	0.066177	0.056358	0.015224	0.014028
162	na	4.080828	0.111560	0.010727	0.056275	0.061309	0.026529	0.072778	0.020422	0.058256	0.034491	0.119317	0.034244	0.026199	0.046373	0.037462	0.072902	0.059370	0.066177	0.056358	0.015224	0.014028
163	na	4.080828	0.111560	0.010727	0.056275	0.061309	0.026529	0.072778	0.020422	0.058256	0.034491	0.119317	0.034244	0.026199	0.046373	0.037462	0.072902	0.059370	0.066177	0.056358	0.015224	0.014028
164	na	4.080828	0.111560	0.010727	0.056275	0.061309	0.026529	0.072778	0.020422	0.058256	0.034491	0.119317	0.034244	0.026199	0.046373	0.037462	0.072902	0.059370	0.066177	0.056358	0.015224	0.014028
165	na	4.080828	0.111560	0.010727	0.056275	0.061309	0.026529	0.072778	0.020422	0.058256	0.034491	0.119317	0.034244	0.026199	0.046373	0.037462	0.072902	0.059370	0.066177	0.056358	0.015224	0.014028
166	na	4.080828	0.111560	0.010727	0.056275	0.061309	0.026529	0.072778	0.020422	0.058256	0.034491	0.119317	0.034244	0.026199	0.046373	0.037462	0.072902	0.059370	0.066177	0.056358	0.015224	0.014028
167	na	4.080828	0.111560	0.010727	0.056275	0.061309	0.026529	0.072778	0.020422	0.058256	0.034491	0.119317	0.034244	0.026199	0.046373	0.037462	0.072902	0.059370	0.066177	0.056358	0.015224	0.014028
168	na	4.080828	0.111560	0.010727	0.056275	0.061309	0.026529	0.072778	0.020422	0.058256	0.034491	0.119317	0.034244	0.026199	0.046373	0.037462	0.072902	0.059370	0.066177	0.056358	0.015224	0.014028
169	na	4.080828	0.111560	0.010727	0.056275	0.061309	0.026529	0.072778	0.020422	0.058256	0.034491	0.119317	0.034244	0.026199	0.046373	0.037462	0.072902	0.059370	0.066177	0.056358	0.015224	0.014028
170	na	4.080828	0.111560	0.010727	0.056275	0.061309	0.026529	0.072778	0.020422	0.058256	0.034491	0.119317	0.034244	0.026199	0.046373	0.037462	0.072902	0.059370	0.066177	0.056358	0.015224	0.014028
171	na	4.080828	0.111560	0.010727	0.056275	0.061309	0.026529	0.072778	0.020422	0.058256	0.034491	0.119317	0.034244	0.026199	0.046373	0.037462	0.072902	0.059370	0.066177	0.056358	0.015224	0.014028
172	na	4.080828	0.111560	0.010727	0.056275	0.061309	0.026529	0.072778	0.020422	0.058256	0.034491	0.119317	0.034244	0.026199	0.046373	0.037462	0.072902	0.059370	0.066177	0.056358	0.015224	0.014028
173	na	4.080828	0.111560	0.010727	0.056275	0.061309	0.026529	0.072778	0.020422	0.058256	0.034491	0.119317	0.034244	0.026199	0.046373	0.037462	0.072902	0.059370	0.066177	0.056358	0.015224	0.014028
174	na	4.080828	0.111560	0.010727	0.056275	0.061309	0.026529	0.072778	0.020422	0.058256	0.034491	0.119317	0.034244	0.026199	0.046373	0.037462	0.072902	0.059370	0.066177	0.056358	0.015224	0.014028
175	na	4.080828	0.111560	0.010727	0.056275	0.061309	0.026529	0.072778	0.020422	0.058256	0.034491	0.119317	0.034244	0.026199	0.046373	0.037462	0.072902	0.059370	0.066177	0.056358	0.015224	0.014028
176	na	4.080828	0.111560	0.010727	0.056275	0.061309	0.026529	0.072778	0.020422	0.058256	0.034491	0.119317	0.034244	0.026199	0.046373	0.037462	0.072902	0.059370	0.066177	0.056358	0.015224	0.014028
177	na	4.080828	0.111560	0.010727	0.056275	0.061309	0.026529	0.072778	0.020422	0.058256	0.034491	0.119317	0.034244	0.026199	0.046373	0.037462	0.072902	0.059370	0.066177	0.056358	0.015224	0.014028
178	na	4.080828	0.111560	0.010727	0.056275	0.061309	0.026529	0.072778	0.020422	0.058256	0.034491	0.119317	0.034244	0.026199	0.046373	0.037462	0.072902	0.059370	0.066177	0.056358	0.015224	0.014028
179	na	4.080828	0.111560	0.010727	0.056275	0.061309	0.026529	0.072778	0.020422	0.058256	0.034491	0.119317	0.034244	0.026199	0.046373	0.037462	0.072902	0.059370	0.066177	0.056358	0.015224	0.014028
180	na	4.080828	0.111560	0.010727	0.056275	0.061309	0.026529	0.072778	0.020422	0.058256	0.034491	0.119317	0.034244	0.026199	0.046373	0.037462	0.072902	0.059370	0.066177	0.056358	0.015224	0.014028
181	na	4.080828	0.111560	0.010727	0.056275	0.061309	0.026529	0.072778	0.020422	0.058256	0.034491	0.119317	0.034244	0.026199	0.046373	0.037462	0.072902	0.059370	0.066177	0.056358	0.015224	0.014028
182	na	4.080828	0.111560	0.010727	0.056275	0.061309	0.026529	0.072778	0.020422	0.058256	0.034491	0.119317	0.034244	0.026199	0.046373	0.037462	0.072902	0.059370	0.066177	0.056358	0.015224	0.014028
183	na	4.080828	0.111560	0.010727	0.056275	0.061309	0.026529	0.072778	0.020422	0.058256	0.034491	0.119317	0.034244	0.026199	0.046373	0.037462	0.072902	0.059370	0.066177	0.056358	0.015224	0.014028
184	na	4.080828	0.111560	0.010727	0.056275	0.061309	0.026529	0.072778	0.020422	0.058256	0.034491	0.119317	0.034244	0.026199	0.046373	0.037462	0.072902	0.059370	0.066177	0.056358	0.015224	0.014028
185	na	4.080828	0.111560	0.010727	0.056275	0.061309	0.026529	0.072778	0.020422	0.058256	0.034491	0.119317	0.034244	0.026199	0.046373	0.037462	0.072902	0.059370	0.066177	0.056358	0.015224	0.014028
186	na	4.080828	0.111560	0.010727	0.056275	0.061309	0.026529	0.072778	0.020422	0.058256	0.034491	0.119317	0.034244	0.026199	0.046373	0.037462	0.072902	0.059370	0.066177	0.056358	0.015224	0.014028
187	na	4.080828	0.111560	0.010727	0.056275	0.061309	0.026529	0.072778	0.020422	0.058256	0.034491	0.119317	0.034244	0.026199	0.046373	0.037462	0.072902	0.059370	0.066177	0.056358	0.015224	0.014028
188	na	4.080828	0.111560	0.010727	0.056275	0.061309	0.026529	0.072778	0.020422	0.058256	0.034491	0.119317	0.034244	0.026199	0.046373	0.037462	0.072902	0.059370	0.066177	0.056358	0.015224	0.014028
189	na	4.080828	0.111560	0.010727	0.056275	0.061309	0.026529	0.072778	0.020422	0.058256	0.034491	0.119317	0.034244	0.026199	0.046373	0.037462	0.072902	0.059370	0.066177	0.056358	0.015224	0.014028
190	na	4.080828	0.111560	0.010727	0.056275	0.061309	0.026529	0.072778	0.020422	0.058256	0.034491	0.119317	0.034244	0.026199	0.046373	0.037462	0.072902	0.059370	0.066177	0.056358	0.015224	0.014028
191	na	4.080828	0.111560	0.010727	0.056275	0.061309	0.026529	0.072778	0.020422	0.058256	0.034491	0.119317	0.034244	0.026199	0.046373	0.037462	0.072902	0.059370	0.066177	0.056358	0.015224	0.014028
192	na	4.080828	0.111560	0.010727	0.056275	0.061309	0.026529	0.072778	0.020422	0.058256	0.034491	0.119317	0.034244	0.026199	0.046373	0.037462	0.072902	0.059370	0.066177	0.056358	0.015224	0.014028
193	na	4.080828	0.111560	0.010727	0.056275	0.061309	0.026529	0.072778	0.020422	0.058256	0.034491	0.119317	0.034244	0.026199	0.046373	0.037462	0.072902	0.059370	0.066177	0.056358	0.015224	0.014028
194	na	4.080828	0.111560	0.010727	0.056275	0.061309	0.026529	0.072778	0.020422	0.058256	0.034491	0.119317	0.034244	0.026199	0.046373	0.037462	0.072902	0.059370	0.066177	0.056358	0.015224	0.014028
195	na	4.080828	0.111560	0.010727	0.056275	0.061309	0.026529	0.072778	0.020422	0.058256	0.034491	0.119317	0.034244	0.026199	0.046373	0.037462	0.072902	0.059370	0.066177	0.056358	0.015224	0.014028
196	na	4.080828	0.111560	0.010727	0.056275	0.061309	0.026529	0.072778	0.020422	0.058256	0.034491	0.119317	0.034244	0.026199	0.046373	0.037462	0.072902	0.059370	0.066177	0.056358	0.015224	0.014028
197	na	4.080828	0.111560	0.010727	0.056275	0.061309	0.026529	0.072778	0.020422	0.058256	0.034491	0.119317	0.034244	0.026199	0.046373	0.037462	0.072902	0.059370	0.066177	0.056358	0.015224	0.014028
198	na	4.080828	0.111560	0.010727	0.056275	0.061309	0.026529	0.072778	0.020422	0.058256	0.034491	0.119317	0.034244	0.026199	0.046373	0.037462	0.072902	0.059370	0.066177	0.056358	0.015224	0.014028
199	na	4.080828	0.111560	0.010727	0.056275	0.061309	0.026529	0.072778	0.020422	0.058256	0.034491	0.119317	0.034244	0.026199	0.046373	0.037462	0.072902	0.059370	0.066177	0.056358	0.015224	0.014028
200	na	4.080828	0.111560	0.010727	0.056275	0.061309	0.026529	0.072778	0.020422	0.058256	0.034491	0.119317	0.034244	0.026199	0.046373	0.037462	0.072902	0.059370	0.066177	0.056358	0.015224	0.014028
201	na	4.080828	0.111560	0.010727	0.056275	0.061309	0.026529	0.072778	0.020422	0.058256	0.034491	0.119317	0.034244	0.026199	0.046373	0.037462	0.072902	0.059370	0.066177	0.056358	0.015224	0.014028
202	na	4.080828	0.111560	0.010727	0.056275	0.061309	0.026529	0.072778	0.020422	0.058256	0.034491	0.119317	0.034244	0.026199	0.046373	0.037462	0.072902	0.059370	0.066177	0.056358	0.015224	0.014028
203	na	4.080828	0.111560	0.010727	0.056275	0.061309	0.026529	0.072778	0.020422	0.058256	0.034491	0.119317	0.034244	0.026199	0.046373	0.037462	0.072902	0.059370	0.066177	0.056358	0.015224	0.014028
204	na	4.080828	0.111560	0.010727	0.056275	0.061309	0.026529	0.072778	0.020422	0.058256	0.034491	0.119317	0.034244	0.026199	0.046373	0.037462	0.072902	0.059370	0.066177	0.056358	0.015224	0.014028
205	na	4.080828	0.111560	0.010727	0.056275	0.061309	0.026529	0.072778	0.020422	0.058256	0.034491	0.119317	0.034244	0.026199	0.046373	0.037462	0.072902	0.059370	0.066177	0.056358	0.015224	0.014028
206	na	4.080828	0.111560	0.010727	0.056275	0.061309	0.026529	0.072778	0.020422	0.058256	0.034491	0.119317	0.034244	0.026199	0.046373	0.037462	0.072902	0.059370	0.066177	0.056358	0.015224	0.014028
207	na	4.080828	0.111560	0.010727	0.056275	0.061309	0.026529	0.072778	0.020422	0.058256	0.034491	0.119317	0.034244	0.026199	0.046373	0.037462	0.072902	0.059370	0.066177	0.056358	0.015224	0.014028
208	na	4.080828	0.111560	0.010727	0.056275	0.061309	0.026529	0.072778	0.020422	0.058256	0.034491	0.119317	0.034244	0.026199	0.046373	0.037462	0.072902	0.059370	0.066177	0.056358	0.015224	0.014028
209	na	4.080828	0.111560	0.010727	0.056275	0.061309	0.026529	0.072778	0.020422	0.058256	0.034491	0.119317	0.034244	0.026199	0.046373	0.037462	0.072902	0.059370	0.066177	0.056358	0.015224	0.014028
210	na	4.080828	0.111560	0.010727	0.056275	0.061309	0.026529	0.072778	0.020422	0.058256	0.034491	0.119317	0.034244	0.026199	0.046373	0.037462	0.072902	0.059370	0.066177	0.056358	0.015224	0.014028
211	na	4.080828	0.111560	0.010727	0.056275	0.061309	0.026529	0.072778	0.020422	0.058256	0.034491	0.119317	0.034244	0.026199	0.046373	0.037462	0.072902	0.059370	0.066177	0.056358	0.015224	0.014028
212	na	4.080828	0.111560	0.010727	0.056275	0.061309	0.026529	0.072778	0.020422	0.058256	0.034491	0.119317	0.034244	0.026199	0.046373	0.037462	0.072902	0.059370	0.066177	0.056358	0.015224	0.014028
213	na	4.080828	0.111560	0.010727	0.056275	0.061309	0.026529	0.072778	0.020422	0.058256	0.034491	0.119317	0.034244	0.026199	0.046373	0.037462	0.072902	0.059370	0.066177	0.056358	0.015224	0.014028
214	na	4.080828	0.111560	0.010727	0.056275	0.061309	0.026529	0.072778	0.020422	0.058256	0.034491	0.119317	0.034244	0.026199	0.046373	0.037462	0.072902	0.059370	0.066177	0.056358	0.015224	0.014028
215	na	4.080828	0.111560	0.010727	0.056275	0.061309	0.026529	0.072778	0.020422	0.058256	0.034491	0.119317	0.034244	0.026199	0.046373	0.037462	0.072902	0.059370	0.066177	0.056358	0.015224	0.014028
216	na	4.080828	0.111560	0.010727	0.056275	0.061309	0.026529	0.072778	0.020422	0.058256	0.034491	0.119317	0.034244	0.026199	0.046373	0.037462	0.072902	0.059370	0.066177	0.056358	0.015224	0.014028
217	na	4.080828	0.111560	0.010727	0.056275	0.061309	0.026529	0.072778	0.020422	0.058256	0.034491	0.119317	0.034244	0.026199	0.046373	0.037462	0.072902	0.059370	0.066177	0.056358	0.015224	0.014028
218	na	4.080828	0.111560	0.010727	0.056275	0.061309	0.026529	0.072778	0.020422	0.058256	0.034491	0.119317	0.034244	0.026199	0.046373	0.037462	0.072902	0.059370	0.066177	0.056358	0.015224	0.014028
219	na	4.080828	0.111560	0.010727	0.056275	0.061309	0.026529	0.072778	0.020422	0.058256	0.034491	0.119317	0.034244	0.026199	0.046373	0.037462	0.072902	0.059370	0.066177	0.056358	0.015224	0.014028
220	na	4.080828	0.111560	0.010727	0.056275	0.061309	0.026529	0.072778	0.020422	0.058256	0.034491	0.119317	0.034244	0.026199	0.046373	0.037462	0.072902	0.059370	0.066177	0.056358	0.015224	0.014028
221	na	4.080828	0.111560	0.010727	0.056275	0.061309	0.026529	0.072778	0.020422	0.058256	0.034491	0.119317	0.034244	0.026199	0.046373	0.037462	0.072902	0.059370	0.066177	0.056358	0.015224	0.014028
222	na	4.080828	0.111560	0.010727	0.056275	0.061309	0.026529	0.072778	0.020422	0.058256	0.034491	0.119317	0.034244	0.026199	0.046373	0.037462	0.072902	0.059370	0.066177	0.056358	0.015224	0.014028
223	na	4.080828	0.111560	0.010727	0.056275	0.061309	0.026529	0.072778	0.020422	0.058256	0.034491	0.119317	0.034244	0.026199	0.046373	0.037462	0.072902	0.059370	0.066177	0.056358	0.015224	0.014028
224	na	4.080828	0.111560	0.010727	0.056275	0.061309	0.026529	0.072778	0.020422	0.058256	0.034491	0.119317	0.034244	0.026199	0.046373	0.037462	0.072902	0.059370	0.066177	0.056358	0.015224	0.014028
225	na	4.080828	0.111560	0.010727	0.056275	0.061309	0.026529	0.072778	0.020422	0.058256	0.034491	0.119317	0.034244	0.026199	0.046373	0.037462	0.072902	0.059370	0.066177	0.056358	0.015224	0.014028
226	na	4.080828	0.111560	0.010727	0.056275	0.061309	0.026529	0.072778	0.020422	0.058256	0.034491	0.119317	0.034244	0.026199	0.046373	0.037462	0.072902	0.059370	0.066177	0.056358	0.015224	0.014028
227	na	4.080828	0.111560	0.010727	0.056275	0.061309	0.026529	0.072778	0.020422	0.058256	0.034491	0.119317	0.034244	0.026199	0.046373	0.037462	0.072902	0.059370	0.066177	0.056358	0.015224	0.014028
228	na	4.080828	0.111560	0.010727	0.056275	0.061309	0.026529	0.072778	0.020422	0.058256	0.034491	0.119317	0.034244	0.026199	0.046373	0.037462	0.072902	0.059370	0.066177	0.056358	0.015224	0.014028
229	na	4.080828	0.111560	0.010727	0.056275	0.061309	0.026529	0.072778	0.020422	0.058256	0.034491	0.119317	0.034244	0.026199	0.046373	0.037462	0.072902	0.059370	0.066177	0.056358	0.015224	0.014028
230	na	4.080828	0.111560	0.010727	0.056275	0.061309	0.026529	0.072778	0.020422	0.058256	0.034491	0.119317	0.034244	0.026199	0.046373	0.037462	0.072902	0.059370	0.066177	0.056358	0.015224	0.014028
231	na	4.080828	0.111560	0.010727	0.056275	0.061309	0.026529	0.072778	0.020422	0.058256	0.034491	0.119317	0.034244	0.026199	0.046373	0.037462	0.072902	0.059370	0.066177	0.056358	0.015224	0.014028
232	na	4.080828	0.111560	0.010727	0.056275	0.061309	0.026529	0.072778	0.020422	0.058256	0.034491	0.119317	0.034244	0.026199	0.046373	0.037462	0.072902	0.059370	0.066177	0.056358	0.015224	0.014028
233	na	4.080828	0.111560	0.010727	0.056275	0.061309	0.026529	0.072778	0.020422	0.058256	0.034491	0.119317	0.034244	0.026199	0.046373	0.037462	0.072902	0.059370	0.066177	0.056358	0.015224	0.014028
234	na	4.080828	0.111560	0.010727	0.056275	0.061309	0.026529	0.072778	0.020422	0.058256	0.034491	0.119317	0.034244	0.026199	0.046373	0.037462	0.072902	0.059370	0.066177	0.056358	0.015224	0.014028
235	na	4.080828	0.111560	0.010727	0.056275	0.061309	0.026529	0.072778	0.020422	0.058256	0.034491	0.119317	0.034244	0.026199	0.046373	0.037462	0.072902	0.059370	0.066177	0.056358	0.015224	0.014028
236	na	4.080828	0.111560	0.010727	0.056275	0.061309	0.026529	0.072778	0.020422	0.058256	0.034491	0.119317	0.034244	0.026199	0.046373	0.037462	0.072902	0.059370	0.066177	0.056358	0.015224	0.014028
237	na	4.080828	0.111560	0.010727	0.056275	0.061309	0.026529	0.072778	0.020422	0.058256	0.034491	0.119317	0.034244	0.026199	0.046373	0.037462	0.072902	0.059370	0.066177	0.056358	0.015224	0.014028
238	na	4.080828	0.111560	0.010727	0.056275	0.061309	0.026529	0.072778	0.020422	0.058256	0.034491	0.119317	0.034244	0.026199	0.046373	0.037462	0.072902	0.059370	0.066177	0.056358	0.015224	0.014028
239	na	4.080828	0.111560	0.010727	0.056275	0.061309	0.026529	0.072778	0.020422	0.058256	0.034491	0.119317	0.034244	0.026199	0.046373	0.037462	0.072902	0.059370	0.066177	0.056358	0.015224	0.014028
240	na	4.080828	0.111560	0.010727	0.056275	0.061309	0.026529	0.072778	0.020422	0.058256	0.034491	0.119317	0.034244	0.026199	0.046373	0.037462	0.072902	0.059370	0.066177	0.056358	0.015224	0.014028
241	na	4.080828	0.111560	0.010727	0.056275	0.061309	0.026529	0.072778	0.020422	0.058256	0.034491	0.119317	0.034244	0.026199	0.046373	0.037462	0.072902	0.059370	0.066177	0.056358	0.015224	0.014028
242	na	4.080828	0.111560	0.010727	0.056275	0.061309	0.026529	0.072778	0.020422	0.058256	0.034491	0.119317	0.034244	0.026199	0.046373	0.037462	0.072902	0.059370	0.066177	0.056358	0.015224	0.014028
243	na	4.080828	0.111560	0.010727	0.056275	0.061309	0.026529	0.072778	0.020422	0.058256	0.034491	0.119317	0.034244	0.026199	0.046373	0.037462	0.072902	0.059370	0.066177	0.056358	0.015224	0.014028
244	na	4.080828	0.111560	0.010727	0.056275	0.061309	0.026529	0.072778	0.020422	0.058256	0.034491	0.119317	0.034244	0.026199	0.046373	0.037462	0.072902	0.059370	0.066177	0.056358	0.015224	0.014028
245	na	4.080828	0.111560	0.010727	0.056275	0.061309	0.026529	0.072778	0.020422	0.058256	0.034491	0.119317	0.034244	0.026199	0.046373	0.037462	0.072902	0.059370	0.066177	0.056358	0.015224	0.014028
246	na	4.080828	0.111560	0.010727	0.056275	0.061309	0.026529	0.072778	0.020422	0.058256	0.034491	0.119317	0.034244	0.026199	0.046373	0.037462	0.072902	0.059370	0.066177	0.056358	0.015224	0.014028
247	na	4.080828	0.111560	0.010727	0.056275	0.061309	0.026529	0.072778	0.020422	0.058256	0.034491	0.119317	0.034244	0.026199	0.046373	0.037462	0.072902	0.059370	0.066177	0.056358	0.015224	0.014028
248	na	4.080828	0.111560	0.010727	0.056275	0.061309	0.026529	0.072778	0.020422	0.058256	0.034491	0.119317	0.034244	0.026199	0.046373	0.037462	0.072902	0.059370	0.066177	0.056358	0.015224	0.014028
249	na	4.080828	0.111560	0.010727	0.056275	0.061309	0.026529	0.072778	0.020422	0.058256	0.034491	0.119317	0.034244	0.026199	0.046373	0.037462	0.072902	0.059370	0.066177	0.056358	0.015224	0.014028
250	na	4.080828	0.111560	0.010727	0.056275	0.061309	0.026529	0.072778	0.020422	0.058256	0.034491	0.119317	0.034244	0.026199	0.046373	0.037462	0.072902	0.059370	0.066177	0.056358	0.015224	0.014028
251	na	4.080828	0.111560	0.010727	0.056275	0.061309	0.026529	0.072778	0.020422	0.058256	0.034491	0.119317	0.034244	0.026199	0.046373	0.037462	0.072902	0.059370	0.066177	0.056358	0.015224	0.014028
252	na	4.080828	0.111560	0.010727	0.056275	0.061309	0.026529	0.072778	0.020422	0.058256	0.034491	0.119317	0.034244	0.026199	0.046373	0.037462	0.072902	0.059370	0.066177	0.056358	0.015224	0.014028
253	na	4.080828	0.111560	0.010727	0.056275	0.061309	0.026529	0.072778	0.020422	0.058256	0.034491	0.119317	0.034244	0.026199	0.046373	0.037462	0.072902	0.059370	0.066177	0.056358	0.015224	0.014028
254	na	4.080828	0.111560	0.010727	0.056275	0.061309	0.026529	0.072778	0.020422	0.058256	0.034491	0.119317	0.034244	0.026199	0.046373	0.037462	0.072902	0.059370	0.066177	0.056358	0.015224	0.014028
255	na	4.080828	0.111560	0.010727	0.056275	0.061309	0.026529	0.072778	0.020422	0.058256	0.034491	0.119317	0.034244	0.026199	0.046373	0.037462	0.072902	0.059370	0.066177	0.056358	0.015224	0.014028
256	na	4.080828	0.111560	0.010727	0.056275	0.061309	0.026529	0.072778	0.020422	0.058256	0.034491	0.119317	0.034244	0.026199	0.046373	0.037462	0.072902	0.059370	0.066177	0.056358	0.015224	0.014028
257	na	4.080828	0.111560	0.010727	0.056275	0.061309	0.026529	0.072778	0.020422	0.058256	0.034491	0.119317	0.034244	0.026199	0.046373	0.037462	0.072902	0.059370	0.066177	0.056358	0.015224	0.014028
258	na	4.080828	0.111560	0.010727	0.056275	0.061309	0.026529	0.072778	0.020422	0.058256	0.034491	0.119317	0.034244	0.026199	0.046373	0.037462	0.072902	0.059370	0.066177	0.056358	0.015224	0.014028
259	na	4.080828	0.111560	0.010727	0.056275	0.061309	0.026529	0.072778	0.020422	0.058256	0.034491	0.119317	0.034244	0.026199	0.046373	0.037462	0.072902	0.059370	0.066177	0.056358	0.015224	0.014028
260	na	4.080828	0.111560	0.010727	0.056275	0.061309	0.026529	0.072778	0.020422	0.058256	0.034491	0.119317	0.034244	0.026199	0.046373	0.037462	0.072902	0.059370	0.066177	0.056358	0.015224	0.014028
261	na	4.080828	0.111560	0.010727	0.056275	0.061309	0.026529	0.072778	0.020422	0.058256	0.034491	0.119317	0.034244	0.026199	0.046373	0.037462	0.072902	0.059370	0.066177	0.056358	0.015224	0.014028
262	na	4.080828	0.111560	0.010727	0.056275	0.061309	0.026529	0.072778	0.020422	0.058256	0.034491	0.119317	0.034244	0.026199	0.046373	0.037462	0.072902	0.059370	0.066177	0.056358	0.015224	0.014028
263	na	4.080828	0.111560	0.010727	0.056275	0.061309	0.026529	0.072778	0.020422	0.058256	0.034491	0.119317	0.034244	0.026199	0.046373	0.037462	0.072902	0.059370	0.066177	0.056358	0.015224	0.014028
264	na	4.080828	0.111560	0.010727	0.056275	0.061309	0.026529	0.072778	0.020422	0.058256	0.034491	0.119317	0.034244	0.026199	0.046373	0.037462	0.072902	0.059370	0.066177	0.056358	0.015224	0.014028
265	na	4.080828	0.111560	0.010727	0.056275	0.061309	0.026529	0.072778	0.020422	0.058256	0.034491	0.119317	0.034244	0.026199	0.046373	0.037462	0.072902	0.059370	0.066177	0.056358	0.015224	0.014028
266	na	4.080828	0.111560	0.010727	0.056275	0.061309	0.026529	0.072778	0.020422	0.058256	0.034491	0.119317	0.034244	0.026199	0.046373	0.037462	0.072902	0.059370	0.066177	0.056358	0.015224	0.014028
267	na	4.080828	0.111560	0.010727	0.056275	0.061309	0.026529	0.072778	0.020422	0.058256	0.034491	0.119317	0.034244	0.026199	0.046373	0.037462	0.072902	0.059370	0.066177	0.056358	0.015224	0.014028
268	na	4.080828	0.111560	0.010727	0.056275	0.061309	0.026529	0.072778	0.020422	0.058256	0.034491	0.119317	0.034244	0.026199	0.046373	0.037462	0.072902	0.059370	0.066177	0.056358	0.015224	0.014028
269	na	4.080828	0.111560	0.010727	0.056275	0.061309	0.026529	0.072778	0.020422	0.058256	0.034491	0.119317	0.034244	0.026199	0.046373	0.037462	0.072902	0.059370	0.066177	0.056358	0.015224	0.014028
270	na	4.080828	0.111560	0.010727	0.056275	0.061309	0.026529	0.072778	0.020422	0.058256	0.034491	0.119317	0.034244	0.026199	0.046373	0.037462	0.072902	0.059370	0.066177	0.056358	0.015224	0.014028
271	na	4.080828	0.111560	0.010727	0.056275	0.061309	0.026529	0.072778	0.020422	0.058256	0.034491	0.119317	0.034244	0.026199	0.046373	0.037462	0.072902	0.059370	0.066177	0.056358	0.015224	0.014028
272	na	4.080828	0.111560	0.010727	0.056275	0.061309	0.026529	0.072778	0.020422	0.058256	0.034491	0.119317	0.034244	0.026199	0.046373	0.037462	0.072902	0.059370	0.066177	0.056358	0.015224	0.014028
273	na	4.080828	0.111560	0.010727	0.056275	0.061309	0.026529	0.072778	0.020422	0.058256	0.034491	0.119317	0.034244	0.026199	0.046373	0.037462	0.072902	0.059370	0.066177	0.056358	0.015224	0.014028
274	na	4.080828	0.111560	0.010727	0.056275	0.061309	0.026529	0.072778	0.020422	0.058256	0.034491	0.119317	0.034244	0.026199	0.046373	0.037462	0.072902	0.059370	0.066177	0.056358	0.015224	0.014028
275	na	4.080828	0.111560	0.010727	0.056275	0.061309	0.026529	0.072778	0.020422	0.058256	0.034491	0.119317	0.034244	0.026199	0.046373	0.037462	0.072902	0.059370	0.066177	0.056358	0.015224	0.014028
276	na	4.080828	0.111560	0.010727	0.056275	0.061309	0.026529	0.072778	0.020422	0.058256	0.034491	0.119317	0.034244	0.026199	0.046373	0.037462	0.072902	0.059370	0.066177	0.056358	0.015224	0.014028
277	na	4.080828	0.111560	0.010727	0.056275	0.061309	0.026529	0.072778	0.020422	0.058256	0.034491	0.119317	0.034244	0.026199	0.046373	0.037462	0.072902	0.059370	0.066177	0.056358	0.015224	0.014028
278	na	4.080828	0.111560	0.010727	0.056275	0.061309	0.026529	0.072778	0.020422	0.058256	0.034491	0.119317	0.034244	0.026199	0.046373	0.037462	0.072902	0.059370	0.066177	0.056358	0.015224	0.014028
279	na	4.080828	0.111560	0.010727	0.056275	0.061309	0.026529	0.072778	0.020422	0.058256	0.034491	0.119317	0.034244	0.026199	0.046373	0.037462	0.072902	0.059370	0.066177	0.056358	0.015224	0.014028
280	na	4.080828	0.111560	0.010727	0.056275	0.061309	0.026529	0.072778	0.020422	0.058256	0.034491	0.119317	0.034244	0.026199	0.046373	0.037462	0.072902	0.059370	0.066177	0.056358	0.015224	0.014028
281	na	4.080828	0.111560	0.010727	0.056275	0.061309	0.026529	0.072778	0.020422	0.058256	0.034491	0.119317	0.034244	0.026199	0.046373	0.037462	0.072902	0.059370	0.066177	0.056358	0.015224	0.014028
282	na	4.080828	0.111560	0.010727	0.056275	0.061309	0.026529	0.072778	0.020422	0.058256	0.034491	0.119317	0.034244	0.026199	0.046373	0.037462	0.072902	0.059370	0.066177	0.056358	0.015224	0.014028
283	na	4.080828	0.111560	0.010727	0.056275	0.061309	0.026529	0.072778	0.020422	0.058256	0.034491	0.119317	0.034244	0.026199	0.046373	0.037462	0.072902	0.059370	0.066177	0.056358	0.015224	0.014028
284	na	4.080828	0.111560	0.010727	0.056275	0.061309	0.026529	0.072778	0.020422	0.058256	0.034491	0.119317	0.034244	0.026199	0.046373	0.037462	0.072902	0.059370	0.066177	0.056358	0.015224	0.014028
285	na	4.080828	0.111560	0.010727	0.056275	0.061309	0.026529	0.072778	0.020422	0.058256	0.034491	0.119317	0.034244	0.026199	0.046373	0.037462	0.072902	0.059370	0.066177	0.056358	0.015224	0.014028
286	na	4.080828	0.111560	0.010727	0.056275	0.061309	0.026529	0.072778	0.020422	0.058256	0.034491	0.119317	0.034244	0.026199	0.046373	0.037462	0.072902	0.059370	0.066177	0.056358	0.015224	0.014028
