#SITE	SITE_LOG_LIKELIHOOD
1	-10.676
2	-9.50274
3	-104.138
4	-15.107
5	-6.63148
6	-10.1209
7	-7.73733
8	-7.65167
9	-9.62961
10	-13.3341
11	-26.7977
12	-8.40726
13	-9.63927
14	-18.9898
15	-12.8988
16	-8.26024
17	-15.1022
18	-40.3041
19	-16.0318
20	-13.8843
21	-16.4239
22	-30.8235
23	-19.5476
24	-10.2718
25	-31.5971
26	-18.4223
27	-24.9675
28	-6.53428
29	-22.9649
30	-9.00686
31	-8.59522
32	-10.7158
33	-6.46474
34	-6.80153
35	-14.7231
36	-6.74003
37	-17.0768
38	-14.7155
39	-5.76099
40	-6.47247
41	-8.50506
42	-7.84506
43	-13.0285
44	-18.3089
45	-42.3005
46	-8.50224
47	-91.8852
48	-14.2205
49	-10.7124
50	-12.7307
51	-8.44336
52	-13.7951
53	-21.7408
54	-9.64654
55	-8.82411
56	-12.3064
57	-10.2168
58	-20.8169
59	-29.4378
60	-26.7281
61	-27.4203
62	-7.59732
63	-8.60478
64	-8.72648
65	-54.5971
66	-9.62705
67	-11.3279
68	-13.35
69	-17.5057
70	-7.80989
71	-6.59823
72	-67.3219
73	-12.0734
74	-7.89263
75	-14.2534
76	-12.3108
77	-10.7239
78	-7.84287
79	-17.3067
80	-8.43457
81	-7.93872
82	-52.6495
83	-8.55691
84	-16.6772
85	-8.33021
86	-7.83332
87	-14.1873
88	-20.9402
89	-6.77301
90	-27.7431
91	-11.3934
92	-11.4179
93	-9.65546
94	-6.63955
95	-5.58559
96	-6.63549
97	-7.83453
98	-8.34202
99	-6.55252
100	-10.6873
101	-9.58394
102	-6.82492
103	-25.5842
104	-8.7261
105	-5.78546
106	-12.6099
107	-6.51424
108	-8.5171
109	-4.86111
110	-7.71271
111	-28.4757
112	-12.7618
113	-8.52037
114	-21.4403
115	-8.21305
116	-10.2841
117	-10.2332
118	-13.0777
119	-6.46867
120	-13.2132
121	-6.57551
122	-24.7719
123	-11.5166
124	-12.9429
125	-50.8797
126	-16.9429
127	-14.481
128	-13.4369
129	-67.3069
130	-9.61195
131	-7.59688
132	-6.7227
133	-8.9488
134	-12.725
135	-12.7126
136	-20.2636
137	-6.92839
138	-23.5926
139	-7.87714
140	-17.4059
141	-6.54028
142	-7.92177
143	-7.34987
144	-26.9619
145	-9.69631
146	-7.92851
147	-8.37842
148	-12.2453
149	-46.637
150	-30.2028
151	-8.48366
152	-14.6697
153	-25.7658
154	-13.3232
155	-7.73748
156	-59.1721
157	-14.8126
158	-6.71406
159	-90.074
160	-8.37996
161	-21.1466
162	-15.2892
163	-7.73423
164	-6.75968
165	-14.4295
166	-15.182
167	-8.51842
168	-6.63493
169	-8.44962
170	-51.9992
171	-23.2456
172	-34.4947
173	-6.54203
174	-11.3319
175	-16.6399
176	-19.5123
177	-11.6841
178	-6.50545
179	-8.91593
180	-15.4828
181	-8.57676
182	-6.82306
183	-18.8723
184	-6.6069
185	-33.5164
186	-7.83221
187	-7.69395
188	-10.6421
189	-14.6693
190	-10.0496
191	-6.60884
192	-8.39779
193	-11.3798
194	-14.9674
195	-7.80599
196	-74.7691
197	-18.1102
198	-14.3484
199	-29.232
200	-8.52598
201	-6.37553
202	-7.92599
203	-7.71723
204	-10.1765
205	-14.9488
206	-7.79623
207	-6.436
208	-11.8837
209	-14.9063
210	-14.9231
211	-8.37669
212	-16.5885
213	-8.67736
214	-9.56653
215	-16.386
216	-7.76079
217	-18.2006
218	-9.56157
219	-8.75892
220	-6.67207
221	-7.7449
222	-9.60303
223	-15.8675
224	-8.56966
225	-18.48
226	-15.0461
227	-22.3856
228	-8.00807
229	-29.8534
230	-7.58257
231	-33.2472
232	-28.6462
233	-16.0035
234	-10.2718
235	-8.52224
236	-15.0078
237	-9.704
238	-17.0694
239	-6.66565
240	-13.9563
241	-8.38436
242	-23.542
243	-10.1154
244	-13.8571
245	-10.6478
246	-6.66478
247	-7.98448
248	-65.9555
249	-19.8852
250	-8.45934
251	-6.71994
252	-14.3583
253	-12.7697
254	-7.93514
255	-9.69576
256	-8.26953
257	-6.58807
258	-7.78501
259	-6.65149
260	-7.76621
261	-8.81283
262	-8.74412
263	-34.2512
264	-8.55027
265	-19.3747
266	-8.40439
267	-12.087
268	-8.52745
269	-73.059
270	-8.4875
271	-16.7495
272	-6.80795
273	-10.3241
274	-6.84942
275	-6.81501
276	-6.61418
277	-7.60367
278	-12.7975
279	-8.08263
280	-17.7987
281	-8.35009
282	-11.134
283	-17.6129
284	-7.49455
285	-6.70657
286	-9.48007
