#SITE	SITE_LOG_LIKELIHOOD
1	-1.11022e-15
2	-5.55112e-16
3	-11.5937
4	-23.7798
5	-22.2127
6	-18.388
7	-3.5362
8	-4.41683
9	-5.02432
10	-5.41596
11	-4.26148
12	-4.39972
13	-3.76842
14	-5.18646
15	-3.70294
16	-17.461
17	-4.27787
18	-4.80772
19	-4.66889
20	-13.2996
21	-4.40015
22	-3.87983
23	-10.9253
24	-4.39712
25	-3.48743
26	-4.56438
27	-4.121
28	-4.45101
29	-4.29807
30	-5.02292
31	-4.36204
32	-5.53056
33	-62.791
34	-3.44625
35	-2.85697
36	-4.58358
37	-10.2597
38	-10.3714
39	-4.1932
40	-2.77507
41	-29.6306
42	-3.74264
43	-2.02452
44	-3.46588
45	-10.4242
46	-4.46809
47	-4.10338
48	-3.6062
49	-3.52474
50	-3.96725
51	-3.81732
52	-2.52251
53	-3.67836
54	-17.5094
55	-3.63891
56	-4.09239
57	-3.3983
58	-10.0494
59	-2.25212
60	-3.5849
61	-4.9522
62	-4.27609
63	-2.99443
64	-2.30395
65	-1.89048
66	-3.81813
67	-10.5817
68	-1.66475
69	-11.5191
70	-4.28447
71	-2.51986
72	-3.89577
73	-9.5675
74	-2.57995
75	-3.13073
76	-2.72582
77	-4.10907
78	-2.58999
79	-2.16484
80	-10.5015
81	-3.1315
82	-3.5124
83	-3.01383
84	-3.77234
85	-9.91435
86	-4.40834
87	-3.82816
88	-4.34259
89	-3.22339
90	-4.16024
91	-3.30106
92	-4.77825
93	-3.41848
94	-4.53715
95	-3.55715
96	-11.2266
97	-4.60177
98	-3.90646
99	-4.48622
100	-2.96469
101	-4.01169
102	-10.5503
103	-3.46868
104	-2.69538
105	-2.49049
106	-3.88804
107	-3.22031
108	-4.93954
109	-5.83039
110	-47.2857
111	-4.64365
112	-3.99516
113	-4.29342
114	-7.95793
115	-3.31565
116	-3.47972
117	-8.70091
118	-10.0448
119	-9.10773
120	-2.37734
121	-51.7813
122	-3.94003
123	-2.36539
124	-2.6801
125	-4.08376
126	-3.95554
127	-11.1963
128	-1.79675
129	-1.20564
130	-2.07563
131	-3.48157
132	-1.95803
133	-2.67752
134	-2.77494
135	-8.30064
136	-21.4432
137	-2.94536
138	-3.66028
139	-9.61109
140	-11.5895
141	-2.52667
142	-2.02633
143	-2.45293
144	-11.7519
145	-4.26196
146	-3.49415
147	-4.52388
148	-3.94398
149	-11.5532
150	-4.04184
151	-3.60702
152	-11.9954
153	-4.76598
154	-16.4868
155	-0.911236
156	-11.0651
157	-4.42519
158	-2.64047
159	-2.87113
160	-4.24422
161	-2.64636
162	-2.88396
163	-4.1319
164	-1.62459
165	-3.81679
166	-5.16098
167	-3.27758
168	-4.21426
169	-4.48777
170	-3.55432
171	-5.04814
172	-3.84877
173	-3.78287
174	-2.40885
175	-3.8307
176	-3.09226
177	-0.836223
178	-2.61109
179	-2.84177
180	-4.23864
181	-13.7435
182	-3.90645
183	-4.11105
184	-3.16896
185	-11.9605
186	-3.84721
187	-3.57391
188	-3.2234
189	-3.67525
190	-5.09268
191	-2.87072
192	-3.28904
193	-4.60197
194	-4.09109
195	-4.03159
196	-4.43331
197	-2.72776
198	-4.10633
199	-4.05823
200	-4.52365
201	-3.41109
202	-4.13178
203	-3.51233
204	-12.0768
205	-2.28633
206	-4.0278
207	-4.27667
208	-1.40874
209	-2.15086
210	-3.99695
211	-11.9674
212	-3.14973
213	-22.7653
214	-3.35286
215	-2.49878
216	-3.88269
217	-3.63496
218	-2.84316
219	-3.13876
220	-7.84662
221	-4.36494
222	-4.38974
223	-3.47784
224	-2.45239
225	-4.02032
226	-3.39368
227	-0.797201
228	-4.4663
229	-2.94211
230	-2.48953
231	-2.70892
232	-7.61046
233	-3.04249
234	-2.88545
235	-3.14382
236	-17.1452
237	-43.0004
238	-9.43535
239	-2.26253
240	-9.9145
241	-2.03879
242	-10.0111
243	-3.85095
244	-2.78326
245	-2.43647
246	-3.51708
247	-3.39191
248	-1.43712
249	-3.0607
250	-12.5154
251	-4.62453
252	-5.70509
253	-4.04432
254	-4.42389
255	-23.5402
256	-21.9758
257	-7.9007
258	-3.03224
259	-10.55
260	-3.42523
261	-3.87327
262	-3.80391
263	-4.41558
264	-39.7843
265	-16.4387
266	-3.73801
267	-4.35754
268	-4.34579
269	-3.73121
270	-4.27013
271	-18.3018
272	-9.34049
273	-4.61863
274	-11.2326
275	-3.24209
276	-3.52427
277	-3.84005
278	-16.8646
279	-2.72001
280	-9.48409
281	-3.50835
282	-14.9057
283	-4.13807
284	-10.0511
285	-4.06234
286	-1.28501
