#SITE	SITE_LOG_LIKELIHOOD
1	-9.99201e-16
2	-9.99201e-16
3	-12.4578
4	-25.1078
5	-23.214
6	-20.5518
7	-3.79183
8	-3.70931
9	-6.56621
10	-5.14717
11	-4.86381
12	-4.40098
13	-3.70931
14	-4.18723
15	-3.40668
16	-22.2427
17	-3.70931
18	-4.66653
19	-3.70931
20	-11.2479
21	-4.85092
22	-6.03821
23	-11.6959
24	-4.46751
25	-4.66653
26	-4.69533
27	-4.66653
28	-3.89461
29	-4.66155
30	-4.96802
31	-5.14717
32	-5.95724
33	-54.0462
34	-4.46751
35	-4.93758
36	-4.46751
37	-10.8632
38	-10.9631
39	-4.4733
40	-4.06834
41	-30.0856
42	-4.85092
43	-4.06834
44	-5.40228
45	-10.9066
46	-4.93758
47	-5.40228
48	-4.82672
49	-3.70931
50	-3.40668
51	-4.46751
52	-4.06834
53	-3.79183
54	-17.7714
55	-3.70931
56	-4.58012
57	-3.40668
58	-11.7907
59	-3.79183
60	-3.40668
61	-4.82672
62	-4.93758
63	-3.79183
64	-6.56995
65	-4.65374
66	-5.40228
67	-10.7184
68	-4.46751
69	-10.7468
70	-6.56995
71	-5.95724
72	-4.85092
73	-11.102
74	-3.61858
75	-6.3143
76	-4.06834
77	-3.68208
78	-4.54199
79	-3.70931
80	-10.1675
81	-3.84081
82	-4.54199
83	-4.82672
84	-3.40668
85	-10.3144
86	-4.55105
87	-4.93758
88	-4.69533
89	-3.70931
90	-4.66155
91	-4.09748
92	-5.68139
93	-4.86381
94	-6.03821
95	-6.49996
96	-11.6831
97	-4.69533
98	-4.69533
99	-4.82672
100	-3.70931
101	-4.54199
102	-10.3142
103	-6.22871
104	-4.4733
105	-4.66653
106	-4.56325
107	-4.46751
108	-4.93758
109	-5.95724
110	-49.7112
111	-3.89461
112	-3.40668
113	-4.55105
114	-10.076
115	-5.40228
116	-4.547
117	-10.6456
118	-10.086
119	-10.1874
120	-3.61858
121	-44.3719
122	-3.40668
123	-3.40668
124	-3.40668
125	-5.14717
126	-4.58012
127	-12.2575
128	-4.46751
129	-4.82672
130	-5.73736
131	-4.46751
132	-3.40668
133	-3.40668
134	-6.0134
135	-9.02521
136	-22.8356
137	-3.70931
138	-3.40668
139	-9.95395
140	-13.5878
141	-4.06834
142	-4.06834
143	-4.65374
144	-11.5471
145	-4.35037
146	-3.91147
147	-4.85615
148	-3.40668
149	-12.7366
150	-3.91147
151	-3.79183
152	-12.5605
153	-4.86381
154	-17.4955
155	-4.55105
156	-11.7416
157	-4.56325
158	-4.58012
159	-3.79183
160	-3.89461
161	-4.55105
162	-3.79183
163	-5.62212
164	-4.93758
165	-4.547
166	-4.93758
167	-3.70931
168	-6.0134
169	-4.66155
170	-3.40604
171	-3.89461
172	-4.65374
173	-4.06834
174	-4.55105
175	-3.40668
176	-3.79183
177	-4.55105
178	-4.58012
179	-4.85615
180	-4.58012
181	-16.683
182	-3.40668
183	-4.46751
184	-5.40228
185	-10.5768
186	-3.40604
187	-4.58012
188	-3.70931
189	-3.79183
190	-5.68139
191	-3.70931
192	-3.70931
193	-4.58012
194	-4.46751
195	-4.69533
196	-4.06787
197	-3.70931
198	-4.46751
199	-3.40668
200	-4.06787
201	-4.4733
202	-4.96802
203	-3.84081
204	-13.8853
205	-3.70931
206	-3.70931
207	-4.69533
208	-5.62212
209	-5.40228
210	-4.54199
211	-12.2242
212	-4.82672
213	-18.2085
214	-4.56325
215	-3.40668
216	-4.35037
217	-4.66653
218	-3.91147
219	-4.86381
220	-9.80033
221	-4.40098
222	-4.54199
223	-3.70931
224	-4.66653
225	-3.40604
226	-4.06834
227	-5.62212
228	-6.56995
229	-4.86381
230	-3.40668
231	-4.82672
232	-10.5813
233	-4.58012
234	-4.35037
235	-3.68271
236	-17.5072
237	-44.8828
238	-10.1417
239	-4.34437
240	-11.1283
241	-3.79183
242	-19.1083
243	-5.14717
244	-4.56325
245	-3.40668
246	-3.70931
247	-3.89461
248	-4.06834
249	-4.66653
250	-13.9034
251	-5.73736
252	-5.95724
253	-3.68208
254	-4.66155
255	-25.2945
256	-23.9309
257	-9.86039
258	-4.54199
259	-12.3302
260	-6.49996
261	-3.70931
262	-3.84081
263	-4.82672
264	-47.5352
265	-17.0885
266	-3.40604
267	-4.46751
268	-5.40228
269	-3.40668
270	-4.66155
271	-19.0207
272	-11.7723
273	-4.69533
274	-12.9372
275	-4.86381
276	-3.40668
277	-4.07892
278	-15.6114
279	-4.06834
280	-9.41508
281	-3.40604
282	-10.0448
283	-4.86381
284	-10.6692
285	-6.02059
286	-5.61193
