#SITE	WT_AA	SITE_ENTROPY	PI_A	PI_C	PI_D	PI_E	PI_F	PI_G	PI_H	PI_I	PI_K	PI_L	PI_M	PI_N	PI_P	PI_Q	PI_R	PI_S	PI_T	PI_V	PI_W	PI_Y
1	na	4.146222	0.077386	0.012061	0.046537	0.071963	0.034337	0.083189	0.011160	0.055968	0.045650	0.064878	0.048046	0.054238	0.034505	0.041181	0.095573	0.079863	0.055799	0.045672	0.012054	0.029940
2	na	4.146222	0.077386	0.012061	0.046537	0.071963	0.034337	0.083189	0.011160	0.055968	0.045650	0.064878	0.048046	0.054238	0.034505	0.041181	0.095573	0.079863	0.055799	0.045672	0.012054	0.029940
3	na	4.146222	0.077386	0.012061	0.046537	0.071963	0.034337	0.083189	0.011160	0.055968	0.045650	0.064878	0.048046	0.054238	0.034505	0.041181	0.095573	0.079863	0.055799	0.045672	0.012054	0.029940
4	na	4.146222	0.077386	0.012061	0.046537	0.071963	0.034337	0.083189	0.011160	0.055968	0.045650	0.064878	0.048046	0.054238	0.034505	0.041181	0.095573	0.079863	0.055799	0.045672	0.012054	0.029940
5	na	4.146222	0.077386	0.012061	0.046537	0.071963	0.034337	0.083189	0.011160	0.055968	0.045650	0.064878	0.048046	0.054238	0.034505	0.041181	0.095573	0.079863	0.055799	0.045672	0.012054	0.029940
6	na	4.146222	0.077386	0.012061	0.046537	0.071963	0.034337	0.083189	0.011160	0.055968	0.045650	0.064878	0.048046	0.054238	0.034505	0.041181	0.095573	0.079863	0.055799	0.045672	0.012054	0.029940
7	na	4.146222	0.077386	0.012061	0.046537	0.071963	0.034337	0.083189	0.011160	0.055968	0.045650	0.064878	0.048046	0.054238	0.034505	0.041181	0.095573	0.079863	0.055799	0.045672	0.012054	0.029940
8	na	4.146222	0.077386	0.012061	0.046537	0.071963	0.034337	0.083189	0.011160	0.055968	0.045650	0.064878	0.048046	0.054238	0.034505	0.041181	0.095573	0.079863	0.055799	0.045672	0.012054	0.029940
9	na	4.146222	0.077386	0.012061	0.046537	0.071963	0.034337	0.083189	0.011160	0.055968	0.045650	0.064878	0.048046	0.054238	0.034505	0.041181	0.095573	0.079863	0.055799	0.045672	0.012054	0.029940
10	na	4.146222	0.077386	0.012061	0.046537	0.071963	0.034337	0.083189	0.011160	0.055968	0.045650	0.064878	0.048046	0.054238	0.034505	0.041181	0.095573	0.079863	0.055799	0.045672	0.012054	0.029940
11	na	4.146222	0.077386	0.012061	0.046537	0.071963	0.034337	0.083189	0.011160	0.055968	0.045650	0.064878	0.048046	0.054238	0.034505	0.041181	0.095573	0.079863	0.055799	0.045672	0.012054	0.029940
12	na	4.146222	0.077386	0.012061	0.046537	0.071963	0.034337	0.083189	0.011160	0.055968	0.045650	0.064878	0.048046	0.054238	0.034505	0.041181	0.095573	0.079863	0.055799	0.045672	0.012054	0.029940
13	na	4.146222	0.077386	0.012061	0.046537	0.071963	0.034337	0.083189	0.011160	0.055968	0.045650	0.064878	0.048046	0.054238	0.034505	0.041181	0.095573	0.079863	0.055799	0.045672	0.012054	0.029940
14	na	4.146222	0.077386	0.012061	0.046537	0.071963	0.034337	0.083189	0.011160	0.055968	0.045650	0.064878	0.048046	0.054238	0.034505	0.041181	0.095573	0.079863	0.055799	0.045672	0.012054	0.029940
15	na	4.146222	0.077386	0.012061	0.046537	0.071963	0.034337	0.083189	0.011160	0.055968	0.045650	0.064878	0.048046	0.054238	0.034505	0.041181	0.095573	0.079863	0.055799	0.045672	0.012054	0.029940
16	na	4.146222	0.077386	0.012061	0.046537	0.071963	0.034337	0.083189	0.011160	0.055968	0.045650	0.064878	0.048046	0.054238	0.034505	0.041181	0.095573	0.079863	0.055799	0.045672	0.012054	0.029940
17	na	4.146222	0.077386	0.012061	0.046537	0.071963	0.034337	0.083189	0.011160	0.055968	0.045650	0.064878	0.048046	0.054238	0.034505	0.041181	0.095573	0.079863	0.055799	0.045672	0.012054	0.029940
18	na	4.146222	0.077386	0.012061	0.046537	0.071963	0.034337	0.083189	0.011160	0.055968	0.045650	0.064878	0.048046	0.054238	0.034505	0.041181	0.095573	0.079863	0.055799	0.045672	0.012054	0.029940
19	na	4.146222	0.077386	0.012061	0.046537	0.071963	0.034337	0.083189	0.011160	0.055968	0.045650	0.064878	0.048046	0.054238	0.034505	0.041181	0.095573	0.079863	0.055799	0.045672	0.012054	0.029940
20	na	4.146222	0.077386	0.012061	0.046537	0.071963	0.034337	0.083189	0.011160	0.055968	0.045650	0.064878	0.048046	0.054238	0.034505	0.041181	0.095573	0.079863	0.055799	0.045672	0.012054	0.029940
21	na	4.146222	0.077386	0.012061	0.046537	0.071963	0.034337	0.083189	0.011160	0.055968	0.045650	0.064878	0.048046	0.054238	0.034505	0.041181	0.095573	0.079863	0.055799	0.045672	0.012054	0.029940
22	na	4.146222	0.077386	0.012061	0.046537	0.071963	0.034337	0.083189	0.011160	0.055968	0.045650	0.064878	0.048046	0.054238	0.034505	0.041181	0.095573	0.079863	0.055799	0.045672	0.012054	0.029940
23	na	4.146222	0.077386	0.012061	0.046537	0.071963	0.034337	0.083189	0.011160	0.055968	0.045650	0.064878	0.048046	0.054238	0.034505	0.041181	0.095573	0.079863	0.055799	0.045672	0.012054	0.029940
24	na	4.146222	0.077386	0.012061	0.046537	0.071963	0.034337	0.083189	0.011160	0.055968	0.045650	0.064878	0.048046	0.054238	0.034505	0.041181	0.095573	0.079863	0.055799	0.045672	0.012054	0.029940
25	na	4.146222	0.077386	0.012061	0.046537	0.071963	0.034337	0.083189	0.011160	0.055968	0.045650	0.064878	0.048046	0.054238	0.034505	0.041181	0.095573	0.079863	0.055799	0.045672	0.012054	0.029940
26	na	4.146222	0.077386	0.012061	0.046537	0.071963	0.034337	0.083189	0.011160	0.055968	0.045650	0.064878	0.048046	0.054238	0.034505	0.041181	0.095573	0.079863	0.055799	0.045672	0.012054	0.029940
27	na	4.146222	0.077386	0.012061	0.046537	0.071963	0.034337	0.083189	0.011160	0.055968	0.045650	0.064878	0.048046	0.054238	0.034505	0.041181	0.095573	0.079863	0.055799	0.045672	0.012054	0.029940
28	na	4.146222	0.077386	0.012061	0.046537	0.071963	0.034337	0.083189	0.011160	0.055968	0.045650	0.064878	0.048046	0.054238	0.034505	0.041181	0.095573	0.079863	0.055799	0.045672	0.012054	0.029940
29	na	4.146222	0.077386	0.012061	0.046537	0.071963	0.034337	0.083189	0.011160	0.055968	0.045650	0.064878	0.048046	0.054238	0.034505	0.041181	0.095573	0.079863	0.055799	0.045672	0.012054	0.029940
30	na	4.146222	0.077386	0.012061	0.046537	0.071963	0.034337	0.083189	0.011160	0.055968	0.045650	0.064878	0.048046	0.054238	0.034505	0.041181	0.095573	0.079863	0.055799	0.045672	0.012054	0.029940
31	na	4.146222	0.077386	0.012061	0.046537	0.071963	0.034337	0.083189	0.011160	0.055968	0.045650	0.064878	0.048046	0.054238	0.034505	0.041181	0.095573	0.079863	0.055799	0.045672	0.012054	0.029940
32	na	4.146222	0.077386	0.012061	0.046537	0.071963	0.034337	0.083189	0.011160	0.055968	0.045650	0.064878	0.048046	0.054238	0.034505	0.041181	0.095573	0.079863	0.055799	0.045672	0.012054	0.029940
33	na	4.146222	0.077386	0.012061	0.046537	0.071963	0.034337	0.083189	0.011160	0.055968	0.045650	0.064878	0.048046	0.054238	0.034505	0.041181	0.095573	0.079863	0.055799	0.045672	0.012054	0.029940
34	na	4.146222	0.077386	0.012061	0.046537	0.071963	0.034337	0.083189	0.011160	0.055968	0.045650	0.064878	0.048046	0.054238	0.034505	0.041181	0.095573	0.079863	0.055799	0.045672	0.012054	0.029940
35	na	4.146222	0.077386	0.012061	0.046537	0.071963	0.034337	0.083189	0.011160	0.055968	0.045650	0.064878	0.048046	0.054238	0.034505	0.041181	0.095573	0.079863	0.055799	0.045672	0.012054	0.029940
36	na	4.146222	0.077386	0.012061	0.046537	0.071963	0.034337	0.083189	0.011160	0.055968	0.045650	0.064878	0.048046	0.054238	0.034505	0.041181	0.095573	0.079863	0.055799	0.045672	0.012054	0.029940
37	na	4.146222	0.077386	0.012061	0.046537	0.071963	0.034337	0.083189	0.011160	0.055968	0.045650	0.064878	0.048046	0.054238	0.034505	0.041181	0.095573	0.079863	0.055799	0.045672	0.012054	0.029940
38	na	4.146222	0.077386	0.012061	0.046537	0.071963	0.034337	0.083189	0.011160	0.055968	0.045650	0.064878	0.048046	0.054238	0.034505	0.041181	0.095573	0.079863	0.055799	0.045672	0.012054	0.029940
39	na	4.146222	0.077386	0.012061	0.046537	0.071963	0.034337	0.083189	0.011160	0.055968	0.045650	0.064878	0.048046	0.054238	0.034505	0.041181	0.095573	0.079863	0.055799	0.045672	0.012054	0.029940
40	na	4.146222	0.077386	0.012061	0.046537	0.071963	0.034337	0.083189	0.011160	0.055968	0.045650	0.064878	0.048046	0.054238	0.034505	0.041181	0.095573	0.079863	0.055799	0.045672	0.012054	0.029940
41	na	4.146222	0.077386	0.012061	0.046537	0.071963	0.034337	0.083189	0.011160	0.055968	0.045650	0.064878	0.048046	0.054238	0.034505	0.041181	0.095573	0.079863	0.055799	0.045672	0.012054	0.029940
42	na	4.146222	0.077386	0.012061	0.046537	0.071963	0.034337	0.083189	0.011160	0.055968	0.045650	0.064878	0.048046	0.054238	0.034505	0.041181	0.095573	0.079863	0.055799	0.045672	0.012054	0.029940
43	na	4.146222	0.077386	0.012061	0.046537	0.071963	0.034337	0.083189	0.011160	0.055968	0.045650	0.064878	0.048046	0.054238	0.034505	0.041181	0.095573	0.079863	0.055799	0.045672	0.012054	0.029940
44	na	4.146222	0.077386	0.012061	0.046537	0.071963	0.034337	0.083189	0.011160	0.055968	0.045650	0.064878	0.048046	0.054238	0.034505	0.041181	0.095573	0.079863	0.055799	0.045672	0.012054	0.029940
45	na	4.146222	0.077386	0.012061	0.046537	0.071963	0.034337	0.083189	0.011160	0.055968	0.045650	0.064878	0.048046	0.054238	0.034505	0.041181	0.095573	0.079863	0.055799	0.045672	0.012054	0.029940
46	na	4.146222	0.077386	0.012061	0.046537	0.071963	0.034337	0.083189	0.011160	0.055968	0.045650	0.064878	0.048046	0.054238	0.034505	0.041181	0.095573	0.079863	0.055799	0.045672	0.012054	0.029940
47	na	4.146222	0.077386	0.012061	0.046537	0.071963	0.034337	0.083189	0.011160	0.055968	0.045650	0.064878	0.048046	0.054238	0.034505	0.041181	0.095573	0.079863	0.055799	0.045672	0.012054	0.029940
48	na	4.146222	0.077386	0.012061	0.046537	0.071963	0.034337	0.083189	0.011160	0.055968	0.045650	0.064878	0.048046	0.054238	0.034505	0.041181	0.095573	0.079863	0.055799	0.045672	0.012054	0.029940
49	na	4.146222	0.077386	0.012061	0.046537	0.071963	0.034337	0.083189	0.011160	0.055968	0.045650	0.064878	0.048046	0.054238	0.034505	0.041181	0.095573	0.079863	0.055799	0.045672	0.012054	0.029940
50	na	4.146222	0.077386	0.012061	0.046537	0.071963	0.034337	0.083189	0.011160	0.055968	0.045650	0.064878	0.048046	0.054238	0.034505	0.041181	0.095573	0.079863	0.055799	0.045672	0.012054	0.029940
51	na	4.146222	0.077386	0.012061	0.046537	0.071963	0.034337	0.083189	0.011160	0.055968	0.045650	0.064878	0.048046	0.054238	0.034505	0.041181	0.095573	0.079863	0.055799	0.045672	0.012054	0.029940
52	na	4.146222	0.077386	0.012061	0.046537	0.071963	0.034337	0.083189	0.011160	0.055968	0.045650	0.064878	0.048046	0.054238	0.034505	0.041181	0.095573	0.079863	0.055799	0.045672	0.012054	0.029940
53	na	4.146222	0.077386	0.012061	0.046537	0.071963	0.034337	0.083189	0.011160	0.055968	0.045650	0.064878	0.048046	0.054238	0.034505	0.041181	0.095573	0.079863	0.055799	0.045672	0.012054	0.029940
54	na	4.146222	0.077386	0.012061	0.046537	0.071963	0.034337	0.083189	0.011160	0.055968	0.045650	0.064878	0.048046	0.054238	0.034505	0.041181	0.095573	0.079863	0.055799	0.045672	0.012054	0.029940
55	na	4.146222	0.077386	0.012061	0.046537	0.071963	0.034337	0.083189	0.011160	0.055968	0.045650	0.064878	0.048046	0.054238	0.034505	0.041181	0.095573	0.079863	0.055799	0.045672	0.012054	0.029940
56	na	4.146222	0.077386	0.012061	0.046537	0.071963	0.034337	0.083189	0.011160	0.055968	0.045650	0.064878	0.048046	0.054238	0.034505	0.041181	0.095573	0.079863	0.055799	0.045672	0.012054	0.029940
57	na	4.146222	0.077386	0.012061	0.046537	0.071963	0.034337	0.083189	0.011160	0.055968	0.045650	0.064878	0.048046	0.054238	0.034505	0.041181	0.095573	0.079863	0.055799	0.045672	0.012054	0.029940
58	na	4.146222	0.077386	0.012061	0.046537	0.071963	0.034337	0.083189	0.011160	0.055968	0.045650	0.064878	0.048046	0.054238	0.034505	0.041181	0.095573	0.079863	0.055799	0.045672	0.012054	0.029940
59	na	4.146222	0.077386	0.012061	0.046537	0.071963	0.034337	0.083189	0.011160	0.055968	0.045650	0.064878	0.048046	0.054238	0.034505	0.041181	0.095573	0.079863	0.055799	0.045672	0.012054	0.029940
60	na	4.146222	0.077386	0.012061	0.046537	0.071963	0.034337	0.083189	0.011160	0.055968	0.045650	0.064878	0.048046	0.054238	0.034505	0.041181	0.095573	0.079863	0.055799	0.045672	0.012054	0.029940
61	na	4.146222	0.077386	0.012061	0.046537	0.071963	0.034337	0.083189	0.011160	0.055968	0.045650	0.064878	0.048046	0.054238	0.034505	0.041181	0.095573	0.079863	0.055799	0.045672	0.012054	0.029940
62	na	4.146222	0.077386	0.012061	0.046537	0.071963	0.034337	0.083189	0.011160	0.055968	0.045650	0.064878	0.048046	0.054238	0.034505	0.041181	0.095573	0.079863	0.055799	0.045672	0.012054	0.029940
63	na	4.146222	0.077386	0.012061	0.046537	0.071963	0.034337	0.083189	0.011160	0.055968	0.045650	0.064878	0.048046	0.054238	0.034505	0.041181	0.095573	0.079863	0.055799	0.045672	0.012054	0.029940
64	na	4.146222	0.077386	0.012061	0.046537	0.071963	0.034337	0.083189	0.011160	0.055968	0.045650	0.064878	0.048046	0.054238	0.034505	0.041181	0.095573	0.079863	0.055799	0.045672	0.012054	0.029940
65	na	4.146222	0.077386	0.012061	0.046537	0.071963	0.034337	0.083189	0.011160	0.055968	0.045650	0.064878	0.048046	0.054238	0.034505	0.041181	0.095573	0.079863	0.055799	0.045672	0.012054	0.029940
66	na	4.146222	0.077386	0.012061	0.046537	0.071963	0.034337	0.083189	0.011160	0.055968	0.045650	0.064878	0.048046	0.054238	0.034505	0.041181	0.095573	0.079863	0.055799	0.045672	0.012054	0.029940
67	na	4.146222	0.077386	0.012061	0.046537	0.071963	0.034337	0.083189	0.011160	0.055968	0.045650	0.064878	0.048046	0.054238	0.034505	0.041181	0.095573	0.079863	0.055799	0.045672	0.012054	0.029940
68	na	4.146222	0.077386	0.012061	0.046537	0.071963	0.034337	0.083189	0.011160	0.055968	0.045650	0.064878	0.048046	0.054238	0.034505	0.041181	0.095573	0.079863	0.055799	0.045672	0.012054	0.029940
69	na	4.146222	0.077386	0.012061	0.046537	0.071963	0.034337	0.083189	0.011160	0.055968	0.045650	0.064878	0.048046	0.054238	0.034505	0.041181	0.095573	0.079863	0.055799	0.045672	0.012054	0.029940
70	na	4.146222	0.077386	0.012061	0.046537	0.071963	0.034337	0.083189	0.011160	0.055968	0.045650	0.064878	0.048046	0.054238	0.034505	0.041181	0.095573	0.079863	0.055799	0.045672	0.012054	0.029940
71	na	4.146222	0.077386	0.012061	0.046537	0.071963	0.034337	0.083189	0.011160	0.055968	0.045650	0.064878	0.048046	0.054238	0.034505	0.041181	0.095573	0.079863	0.055799	0.045672	0.012054	0.029940
72	na	4.146222	0.077386	0.012061	0.046537	0.071963	0.034337	0.083189	0.011160	0.055968	0.045650	0.064878	0.048046	0.054238	0.034505	0.041181	0.095573	0.079863	0.055799	0.045672	0.012054	0.029940
73	na	4.146222	0.077386	0.012061	0.046537	0.071963	0.034337	0.083189	0.011160	0.055968	0.045650	0.064878	0.048046	0.054238	0.034505	0.041181	0.095573	0.079863	0.055799	0.045672	0.012054	0.029940
74	na	4.146222	0.077386	0.012061	0.046537	0.071963	0.034337	0.083189	0.011160	0.055968	0.045650	0.064878	0.048046	0.054238	0.034505	0.041181	0.095573	0.079863	0.055799	0.045672	0.012054	0.029940
75	na	4.146222	0.077386	0.012061	0.046537	0.071963	0.034337	0.083189	0.011160	0.055968	0.045650	0.064878	0.048046	0.054238	0.034505	0.041181	0.095573	0.079863	0.055799	0.045672	0.012054	0.029940
76	na	4.146222	0.077386	0.012061	0.046537	0.071963	0.034337	0.083189	0.011160	0.055968	0.045650	0.064878	0.048046	0.054238	0.034505	0.041181	0.095573	0.079863	0.055799	0.045672	0.012054	0.029940
77	na	4.146222	0.077386	0.012061	0.046537	0.071963	0.034337	0.083189	0.011160	0.055968	0.045650	0.064878	0.048046	0.054238	0.034505	0.041181	0.095573	0.079863	0.055799	0.045672	0.012054	0.029940
78	na	4.146222	0.077386	0.012061	0.046537	0.071963	0.034337	0.083189	0.011160	0.055968	0.045650	0.064878	0.048046	0.054238	0.034505	0.041181	0.095573	0.079863	0.055799	0.045672	0.012054	0.029940
79	na	4.146222	0.077386	0.012061	0.046537	0.071963	0.034337	0.083189	0.011160	0.055968	0.045650	0.064878	0.048046	0.054238	0.034505	0.041181	0.095573	0.079863	0.055799	0.045672	0.012054	0.029940
80	na	4.146222	0.077386	0.012061	0.046537	0.071963	0.034337	0.083189	0.011160	0.055968	0.045650	0.064878	0.048046	0.054238	0.034505	0.041181	0.095573	0.079863	0.055799	0.045672	0.012054	0.029940
81	na	4.146222	0.077386	0.012061	0.046537	0.071963	0.034337	0.083189	0.011160	0.055968	0.045650	0.064878	0.048046	0.054238	0.034505	0.041181	0.095573	0.079863	0.055799	0.045672	0.012054	0.029940
82	na	4.146222	0.077386	0.012061	0.046537	0.071963	0.034337	0.083189	0.011160	0.055968	0.045650	0.064878	0.048046	0.054238	0.034505	0.041181	0.095573	0.079863	0.055799	0.045672	0.012054	0.029940
83	na	4.146222	0.077386	0.012061	0.046537	0.071963	0.034337	0.083189	0.011160	0.055968	0.045650	0.064878	0.048046	0.054238	0.034505	0.041181	0.095573	0.079863	0.055799	0.045672	0.012054	0.029940
84	na	4.146222	0.077386	0.012061	0.046537	0.071963	0.034337	0.083189	0.011160	0.055968	0.045650	0.064878	0.048046	0.054238	0.034505	0.041181	0.095573	0.079863	0.055799	0.045672	0.012054	0.029940
85	na	4.146222	0.077386	0.012061	0.046537	0.071963	0.034337	0.083189	0.011160	0.055968	0.045650	0.064878	0.048046	0.054238	0.034505	0.041181	0.095573	0.079863	0.055799	0.045672	0.012054	0.029940
86	na	4.146222	0.077386	0.012061	0.046537	0.071963	0.034337	0.083189	0.011160	0.055968	0.045650	0.064878	0.048046	0.054238	0.034505	0.041181	0.095573	0.079863	0.055799	0.045672	0.012054	0.029940
87	na	4.146222	0.077386	0.012061	0.046537	0.071963	0.034337	0.083189	0.011160	0.055968	0.045650	0.064878	0.048046	0.054238	0.034505	0.041181	0.095573	0.079863	0.055799	0.045672	0.012054	0.029940
88	na	4.146222	0.077386	0.012061	0.046537	0.071963	0.034337	0.083189	0.011160	0.055968	0.045650	0.064878	0.048046	0.054238	0.034505	0.041181	0.095573	0.079863	0.055799	0.045672	0.012054	0.029940
89	na	4.146222	0.077386	0.012061	0.046537	0.071963	0.034337	0.083189	0.011160	0.055968	0.045650	0.064878	0.048046	0.054238	0.034505	0.041181	0.095573	0.079863	0.055799	0.045672	0.012054	0.029940
90	na	4.146222	0.077386	0.012061	0.046537	0.071963	0.034337	0.083189	0.011160	0.055968	0.045650	0.064878	0.048046	0.054238	0.034505	0.041181	0.095573	0.079863	0.055799	0.045672	0.012054	0.029940
91	na	4.146222	0.077386	0.012061	0.046537	0.071963	0.034337	0.083189	0.011160	0.055968	0.045650	0.064878	0.048046	0.054238	0.034505	0.041181	0.095573	0.079863	0.055799	0.045672	0.012054	0.029940
92	na	4.146222	0.077386	0.012061	0.046537	0.071963	0.034337	0.083189	0.011160	0.055968	0.045650	0.064878	0.048046	0.054238	0.034505	0.041181	0.095573	0.079863	0.055799	0.045672	0.012054	0.029940
93	na	4.146222	0.077386	0.012061	0.046537	0.071963	0.034337	0.083189	0.011160	0.055968	0.045650	0.064878	0.048046	0.054238	0.034505	0.041181	0.095573	0.079863	0.055799	0.045672	0.012054	0.029940
94	na	4.146222	0.077386	0.012061	0.046537	0.071963	0.034337	0.083189	0.011160	0.055968	0.045650	0.064878	0.048046	0.054238	0.034505	0.041181	0.095573	0.079863	0.055799	0.045672	0.012054	0.029940
95	na	4.146222	0.077386	0.012061	0.046537	0.071963	0.034337	0.083189	0.011160	0.055968	0.045650	0.064878	0.048046	0.054238	0.034505	0.041181	0.095573	0.079863	0.055799	0.045672	0.012054	0.029940
96	na	4.146222	0.077386	0.012061	0.046537	0.071963	0.034337	0.083189	0.011160	0.055968	0.045650	0.064878	0.048046	0.054238	0.034505	0.041181	0.095573	0.079863	0.055799	0.045672	0.012054	0.029940
97	na	4.146222	0.077386	0.012061	0.046537	0.071963	0.034337	0.083189	0.011160	0.055968	0.045650	0.064878	0.048046	0.054238	0.034505	0.041181	0.095573	0.079863	0.055799	0.045672	0.012054	0.029940
98	na	4.146222	0.077386	0.012061	0.046537	0.071963	0.034337	0.083189	0.011160	0.055968	0.045650	0.064878	0.048046	0.054238	0.034505	0.041181	0.095573	0.079863	0.055799	0.045672	0.012054	0.029940
99	na	4.146222	0.077386	0.012061	0.046537	0.071963	0.034337	0.083189	0.011160	0.055968	0.045650	0.064878	0.048046	0.054238	0.034505	0.041181	0.095573	0.079863	0.055799	0.045672	0.012054	0.029940
100	na	4.146222	0.077386	0.012061	0.046537	0.071963	0.034337	0.083189	0.011160	0.055968	0.045650	0.064878	0.048046	0.054238	0.034505	0.041181	0.095573	0.079863	0.055799	0.045672	0.012054	0.029940
101	na	4.146222	0.077386	0.012061	0.046537	0.071963	0.034337	0.083189	0.011160	0.055968	0.045650	0.064878	0.048046	0.054238	0.034505	0.041181	0.095573	0.079863	0.055799	0.045672	0.012054	0.029940
102	na	4.146222	0.077386	0.012061	0.046537	0.071963	0.034337	0.083189	0.011160	0.055968	0.045650	0.064878	0.048046	0.054238	0.034505	0.041181	0.095573	0.079863	0.055799	0.045672	0.012054	0.029940
103	na	4.146222	0.077386	0.012061	0.046537	0.071963	0.034337	0.083189	0.011160	0.055968	0.045650	0.064878	0.048046	0.054238	0.034505	0.041181	0.095573	0.079863	0.055799	0.045672	0.012054	0.029940
104	na	4.146222	0.077386	0.012061	0.046537	0.071963	0.034337	0.083189	0.011160	0.055968	0.045650	0.064878	0.048046	0.054238	0.034505	0.041181	0.095573	0.079863	0.055799	0.045672	0.012054	0.029940
105	na	4.146222	0.077386	0.012061	0.046537	0.071963	0.034337	0.083189	0.011160	0.055968	0.045650	0.064878	0.048046	0.054238	0.034505	0.041181	0.095573	0.079863	0.055799	0.045672	0.012054	0.029940
106	na	4.146222	0.077386	0.012061	0.046537	0.071963	0.034337	0.083189	0.011160	0.055968	0.045650	0.064878	0.048046	0.054238	0.034505	0.041181	0.095573	0.079863	0.055799	0.045672	0.012054	0.029940
107	na	4.146222	0.077386	0.012061	0.046537	0.071963	0.034337	0.083189	0.011160	0.055968	0.045650	0.064878	0.048046	0.054238	0.034505	0.041181	0.095573	0.079863	0.055799	0.045672	0.012054	0.029940
108	na	4.146222	0.077386	0.012061	0.046537	0.071963	0.034337	0.083189	0.011160	0.055968	0.045650	0.064878	0.048046	0.054238	0.034505	0.041181	0.095573	0.079863	0.055799	0.045672	0.012054	0.029940
109	na	4.146222	0.077386	0.012061	0.046537	0.071963	0.034337	0.083189	0.011160	0.055968	0.045650	0.064878	0.048046	0.054238	0.034505	0.041181	0.095573	0.079863	0.055799	0.045672	0.012054	0.029940
110	na	4.146222	0.077386	0.012061	0.046537	0.071963	0.034337	0.083189	0.011160	0.055968	0.045650	0.064878	0.048046	0.054238	0.034505	0.041181	0.095573	0.079863	0.055799	0.045672	0.012054	0.029940
111	na	4.146222	0.077386	0.012061	0.046537	0.071963	0.034337	0.083189	0.011160	0.055968	0.045650	0.064878	0.048046	0.054238	0.034505	0.041181	0.095573	0.079863	0.055799	0.045672	0.012054	0.029940
112	na	4.146222	0.077386	0.012061	0.046537	0.071963	0.034337	0.083189	0.011160	0.055968	0.045650	0.064878	0.048046	0.054238	0.034505	0.041181	0.095573	0.079863	0.055799	0.045672	0.012054	0.029940
113	na	4.146222	0.077386	0.012061	0.046537	0.071963	0.034337	0.083189	0.011160	0.055968	0.045650	0.064878	0.048046	0.054238	0.034505	0.041181	0.095573	0.079863	0.055799	0.045672	0.012054	0.029940
114	na	4.146222	0.077386	0.012061	0.046537	0.071963	0.034337	0.083189	0.011160	0.055968	0.045650	0.064878	0.048046	0.054238	0.034505	0.041181	0.095573	0.079863	0.055799	0.045672	0.012054	0.029940
115	na	4.146222	0.077386	0.012061	0.046537	0.071963	0.034337	0.083189	0.011160	0.055968	0.045650	0.064878	0.048046	0.054238	0.034505	0.041181	0.095573	0.079863	0.055799	0.045672	0.012054	0.029940
116	na	4.146222	0.077386	0.012061	0.046537	0.071963	0.034337	0.083189	0.011160	0.055968	0.045650	0.064878	0.048046	0.054238	0.034505	0.041181	0.095573	0.079863	0.055799	0.045672	0.012054	0.029940
117	na	4.146222	0.077386	0.012061	0.046537	0.071963	0.034337	0.083189	0.011160	0.055968	0.045650	0.064878	0.048046	0.054238	0.034505	0.041181	0.095573	0.079863	0.055799	0.045672	0.012054	0.029940
118	na	4.146222	0.077386	0.012061	0.046537	0.071963	0.034337	0.083189	0.011160	0.055968	0.045650	0.064878	0.048046	0.054238	0.034505	0.041181	0.095573	0.079863	0.055799	0.045672	0.012054	0.029940
119	na	4.146222	0.077386	0.012061	0.046537	0.071963	0.034337	0.083189	0.011160	0.055968	0.045650	0.064878	0.048046	0.054238	0.034505	0.041181	0.095573	0.079863	0.055799	0.045672	0.012054	0.029940
120	na	4.146222	0.077386	0.012061	0.046537	0.071963	0.034337	0.083189	0.011160	0.055968	0.045650	0.064878	0.048046	0.054238	0.034505	0.041181	0.095573	0.079863	0.055799	0.045672	0.012054	0.029940
121	na	4.146222	0.077386	0.012061	0.046537	0.071963	0.034337	0.083189	0.011160	0.055968	0.045650	0.064878	0.048046	0.054238	0.034505	0.041181	0.095573	0.079863	0.055799	0.045672	0.012054	0.029940
122	na	4.146222	0.077386	0.012061	0.046537	0.071963	0.034337	0.083189	0.011160	0.055968	0.045650	0.064878	0.048046	0.054238	0.034505	0.041181	0.095573	0.079863	0.055799	0.045672	0.012054	0.029940
123	na	4.146222	0.077386	0.012061	0.046537	0.071963	0.034337	0.083189	0.011160	0.055968	0.045650	0.064878	0.048046	0.054238	0.034505	0.041181	0.095573	0.079863	0.055799	0.045672	0.012054	0.029940
124	na	4.146222	0.077386	0.012061	0.046537	0.071963	0.034337	0.083189	0.011160	0.055968	0.045650	0.064878	0.048046	0.054238	0.034505	0.041181	0.095573	0.079863	0.055799	0.045672	0.012054	0.029940
125	na	4.146222	0.077386	0.012061	0.046537	0.071963	0.034337	0.083189	0.011160	0.055968	0.045650	0.064878	0.048046	0.054238	0.034505	0.041181	0.095573	0.079863	0.055799	0.045672	0.012054	0.029940
126	na	4.146222	0.077386	0.012061	0.046537	0.071963	0.034337	0.083189	0.011160	0.055968	0.045650	0.064878	0.048046	0.054238	0.034505	0.041181	0.095573	0.079863	0.055799	0.045672	0.012054	0.029940
127	na	4.146222	0.077386	0.012061	0.046537	0.071963	0.034337	0.083189	0.011160	0.055968	0.045650	0.064878	0.048046	0.054238	0.034505	0.041181	0.095573	0.079863	0.055799	0.045672	0.012054	0.029940
128	na	4.146222	0.077386	0.012061	0.046537	0.071963	0.034337	0.083189	0.011160	0.055968	0.045650	0.064878	0.048046	0.054238	0.034505	0.041181	0.095573	0.079863	0.055799	0.045672	0.012054	0.029940
129	na	4.146222	0.077386	0.012061	0.046537	0.071963	0.034337	0.083189	0.011160	0.055968	0.045650	0.064878	0.048046	0.054238	0.034505	0.041181	0.095573	0.079863	0.055799	0.045672	0.012054	0.029940
130	na	4.146222	0.077386	0.012061	0.046537	0.071963	0.034337	0.083189	0.011160	0.055968	0.045650	0.064878	0.048046	0.054238	0.034505	0.041181	0.095573	0.079863	0.055799	0.045672	0.012054	0.029940
131	na	4.146222	0.077386	0.012061	0.046537	0.071963	0.034337	0.083189	0.011160	0.055968	0.045650	0.064878	0.048046	0.054238	0.034505	0.041181	0.095573	0.079863	0.055799	0.045672	0.012054	0.029940
132	na	4.146222	0.077386	0.012061	0.046537	0.071963	0.034337	0.083189	0.011160	0.055968	0.045650	0.064878	0.048046	0.054238	0.034505	0.041181	0.095573	0.079863	0.055799	0.045672	0.012054	0.029940
133	na	4.146222	0.077386	0.012061	0.046537	0.071963	0.034337	0.083189	0.011160	0.055968	0.045650	0.064878	0.048046	0.054238	0.034505	0.041181	0.095573	0.079863	0.055799	0.045672	0.012054	0.029940
134	na	4.146222	0.077386	0.012061	0.046537	0.071963	0.034337	0.083189	0.011160	0.055968	0.045650	0.064878	0.048046	0.054238	0.034505	0.041181	0.095573	0.079863	0.055799	0.045672	0.012054	0.029940
135	na	4.146222	0.077386	0.012061	0.046537	0.071963	0.034337	0.083189	0.011160	0.055968	0.045650	0.064878	0.048046	0.054238	0.034505	0.041181	0.095573	0.079863	0.055799	0.045672	0.012054	0.029940
136	na	4.146222	0.077386	0.012061	0.046537	0.071963	0.034337	0.083189	0.011160	0.055968	0.045650	0.064878	0.048046	0.054238	0.034505	0.041181	0.095573	0.079863	0.055799	0.045672	0.012054	0.029940
137	na	4.146222	0.077386	0.012061	0.046537	0.071963	0.034337	0.083189	0.011160	0.055968	0.045650	0.064878	0.048046	0.054238	0.034505	0.041181	0.095573	0.079863	0.055799	0.045672	0.012054	0.029940
138	na	4.146222	0.077386	0.012061	0.046537	0.071963	0.034337	0.083189	0.011160	0.055968	0.045650	0.064878	0.048046	0.054238	0.034505	0.041181	0.095573	0.079863	0.055799	0.045672	0.012054	0.029940
139	na	4.146222	0.077386	0.012061	0.046537	0.071963	0.034337	0.083189	0.011160	0.055968	0.045650	0.064878	0.048046	0.054238	0.034505	0.041181	0.095573	0.079863	0.055799	0.045672	0.012054	0.029940
140	na	4.146222	0.077386	0.012061	0.046537	0.071963	0.034337	0.083189	0.011160	0.055968	0.045650	0.064878	0.048046	0.054238	0.034505	0.041181	0.095573	0.079863	0.055799	0.045672	0.012054	0.029940
141	na	4.146222	0.077386	0.012061	0.046537	0.071963	0.034337	0.083189	0.011160	0.055968	0.045650	0.064878	0.048046	0.054238	0.034505	0.041181	0.095573	0.079863	0.055799	0.045672	0.012054	0.029940
142	na	4.146222	0.077386	0.012061	0.046537	0.071963	0.034337	0.083189	0.011160	0.055968	0.045650	0.064878	0.048046	0.054238	0.034505	0.041181	0.095573	0.079863	0.055799	0.045672	0.012054	0.029940
143	na	4.146222	0.077386	0.012061	0.046537	0.071963	0.034337	0.083189	0.011160	0.055968	0.045650	0.064878	0.048046	0.054238	0.034505	0.041181	0.095573	0.079863	0.055799	0.045672	0.012054	0.029940
144	na	4.146222	0.077386	0.012061	0.046537	0.071963	0.034337	0.083189	0.011160	0.055968	0.045650	0.064878	0.048046	0.054238	0.034505	0.041181	0.095573	0.079863	0.055799	0.045672	0.012054	0.029940
145	na	4.146222	0.077386	0.012061	0.046537	0.071963	0.034337	0.083189	0.011160	0.055968	0.045650	0.064878	0.048046	0.054238	0.034505	0.041181	0.095573	0.079863	0.055799	0.045672	0.012054	0.029940
146	na	4.146222	0.077386	0.012061	0.046537	0.071963	0.034337	0.083189	0.011160	0.055968	0.045650	0.064878	0.048046	0.054238	0.034505	0.041181	0.095573	0.079863	0.055799	0.045672	0.012054	0.029940
147	na	4.146222	0.077386	0.012061	0.046537	0.071963	0.034337	0.083189	0.011160	0.055968	0.045650	0.064878	0.048046	0.054238	0.034505	0.041181	0.095573	0.079863	0.055799	0.045672	0.012054	0.029940
148	na	4.146222	0.077386	0.012061	0.046537	0.071963	0.034337	0.083189	0.011160	0.055968	0.045650	0.064878	0.048046	0.054238	0.034505	0.041181	0.095573	0.079863	0.055799	0.045672	0.012054	0.029940
149	na	4.146222	0.077386	0.012061	0.046537	0.071963	0.034337	0.083189	0.011160	0.055968	0.045650	0.064878	0.048046	0.054238	0.034505	0.041181	0.095573	0.079863	0.055799	0.045672	0.012054	0.029940
150	na	4.146222	0.077386	0.012061	0.046537	0.071963	0.034337	0.083189	0.011160	0.055968	0.045650	0.064878	0.048046	0.054238	0.034505	0.041181	0.095573	0.079863	0.055799	0.045672	0.012054	0.029940
151	na	4.146222	0.077386	0.012061	0.046537	0.071963	0.034337	0.083189	0.011160	0.055968	0.045650	0.064878	0.048046	0.054238	0.034505	0.041181	0.095573	0.079863	0.055799	0.045672	0.012054	0.029940
152	na	4.146222	0.077386	0.012061	0.046537	0.071963	0.034337	0.083189	0.011160	0.055968	0.045650	0.064878	0.048046	0.054238	0.034505	0.041181	0.095573	0.079863	0.055799	0.045672	0.012054	0.029940
153	na	4.146222	0.077386	0.012061	0.046537	0.071963	0.034337	0.083189	0.011160	0.055968	0.045650	0.064878	0.048046	0.054238	0.034505	0.041181	0.095573	0.079863	0.055799	0.045672	0.012054	0.029940
154	na	4.146222	0.077386	0.012061	0.046537	0.071963	0.034337	0.083189	0.011160	0.055968	0.045650	0.064878	0.048046	0.054238	0.034505	0.041181	0.095573	0.079863	0.055799	0.045672	0.012054	0.029940
155	na	4.146222	0.077386	0.012061	0.046537	0.071963	0.034337	0.083189	0.011160	0.055968	0.045650	0.064878	0.048046	0.054238	0.034505	0.041181	0.095573	0.079863	0.055799	0.045672	0.012054	0.029940
156	na	4.146222	0.077386	0.012061	0.046537	0.071963	0.034337	0.083189	0.011160	0.055968	0.045650	0.064878	0.048046	0.054238	0.034505	0.041181	0.095573	0.079863	0.055799	0.045672	0.012054	0.029940
157	na	4.146222	0.077386	0.012061	0.046537	0.071963	0.034337	0.083189	0.011160	0.055968	0.045650	0.064878	0.048046	0.054238	0.034505	0.041181	0.095573	0.079863	0.055799	0.045672	0.012054	0.029940
158	na	4.146222	0.077386	0.012061	0.046537	0.071963	0.034337	0.083189	0.011160	0.055968	0.045650	0.064878	0.048046	0.054238	0.034505	0.041181	0.095573	0.079863	0.055799	0.045672	0.012054	0.029940
159	na	4.146222	0.077386	0.012061	0.046537	0.071963	0.034337	0.083189	0.011160	0.055968	0.045650	0.064878	0.048046	0.054238	0.034505	0.041181	0.095573	0.079863	0.055799	0.045672	0.012054	0.029940
160	na	4.146222	0.077386	0.012061	0.046537	0.071963	0.034337	0.083189	0.011160	0.055968	0.045650	0.064878	0.048046	0.054238	0.034505	0.041181	0.095573	0.079863	0.055799	0.045672	0.012054	0.029940
161	na	4.146222	0.077386	0.012061	0.046537	0.071963	0.034337	0.083189	0.011160	0.055968	0.045650	0.064878	0.048046	0.054238	0.034505	0.041181	0.095573	0.079863	0.055799	0.045672	0.012054	0.029940
162	na	4.146222	0.077386	0.012061	0.046537	0.071963	0.034337	0.083189	0.011160	0.055968	0.045650	0.064878	0.048046	0.054238	0.034505	0.041181	0.095573	0.079863	0.055799	0.045672	0.012054	0.029940
163	na	4.146222	0.077386	0.012061	0.046537	0.071963	0.034337	0.083189	0.011160	0.055968	0.045650	0.064878	0.048046	0.054238	0.034505	0.041181	0.095573	0.079863	0.055799	0.045672	0.012054	0.029940
164	na	4.146222	0.077386	0.012061	0.046537	0.071963	0.034337	0.083189	0.011160	0.055968	0.045650	0.064878	0.048046	0.054238	0.034505	0.041181	0.095573	0.079863	0.055799	0.045672	0.012054	0.029940
165	na	4.146222	0.077386	0.012061	0.046537	0.071963	0.034337	0.083189	0.011160	0.055968	0.045650	0.064878	0.048046	0.054238	0.034505	0.041181	0.095573	0.079863	0.055799	0.045672	0.012054	0.029940
166	na	4.146222	0.077386	0.012061	0.046537	0.071963	0.034337	0.083189	0.011160	0.055968	0.045650	0.064878	0.048046	0.054238	0.034505	0.041181	0.095573	0.079863	0.055799	0.045672	0.012054	0.029940
167	na	4.146222	0.077386	0.012061	0.046537	0.071963	0.034337	0.083189	0.011160	0.055968	0.045650	0.064878	0.048046	0.054238	0.034505	0.041181	0.095573	0.079863	0.055799	0.045672	0.012054	0.029940
168	na	4.146222	0.077386	0.012061	0.046537	0.071963	0.034337	0.083189	0.011160	0.055968	0.045650	0.064878	0.048046	0.054238	0.034505	0.041181	0.095573	0.079863	0.055799	0.045672	0.012054	0.029940
169	na	4.146222	0.077386	0.012061	0.046537	0.071963	0.034337	0.083189	0.011160	0.055968	0.045650	0.064878	0.048046	0.054238	0.034505	0.041181	0.095573	0.079863	0.055799	0.045672	0.012054	0.029940
170	na	4.146222	0.077386	0.012061	0.046537	0.071963	0.034337	0.083189	0.011160	0.055968	0.045650	0.064878	0.048046	0.054238	0.034505	0.041181	0.095573	0.079863	0.055799	0.045672	0.012054	0.029940
171	na	4.146222	0.077386	0.012061	0.046537	0.071963	0.034337	0.083189	0.011160	0.055968	0.045650	0.064878	0.048046	0.054238	0.034505	0.041181	0.095573	0.079863	0.055799	0.045672	0.012054	0.029940
172	na	4.146222	0.077386	0.012061	0.046537	0.071963	0.034337	0.083189	0.011160	0.055968	0.045650	0.064878	0.048046	0.054238	0.034505	0.041181	0.095573	0.079863	0.055799	0.045672	0.012054	0.029940
173	na	4.146222	0.077386	0.012061	0.046537	0.071963	0.034337	0.083189	0.011160	0.055968	0.045650	0.064878	0.048046	0.054238	0.034505	0.041181	0.095573	0.079863	0.055799	0.045672	0.012054	0.029940
174	na	4.146222	0.077386	0.012061	0.046537	0.071963	0.034337	0.083189	0.011160	0.055968	0.045650	0.064878	0.048046	0.054238	0.034505	0.041181	0.095573	0.079863	0.055799	0.045672	0.012054	0.029940
175	na	4.146222	0.077386	0.012061	0.046537	0.071963	0.034337	0.083189	0.011160	0.055968	0.045650	0.064878	0.048046	0.054238	0.034505	0.041181	0.095573	0.079863	0.055799	0.045672	0.012054	0.029940
176	na	4.146222	0.077386	0.012061	0.046537	0.071963	0.034337	0.083189	0.011160	0.055968	0.045650	0.064878	0.048046	0.054238	0.034505	0.041181	0.095573	0.079863	0.055799	0.045672	0.012054	0.029940
177	na	4.146222	0.077386	0.012061	0.046537	0.071963	0.034337	0.083189	0.011160	0.055968	0.045650	0.064878	0.048046	0.054238	0.034505	0.041181	0.095573	0.079863	0.055799	0.045672	0.012054	0.029940
178	na	4.146222	0.077386	0.012061	0.046537	0.071963	0.034337	0.083189	0.011160	0.055968	0.045650	0.064878	0.048046	0.054238	0.034505	0.041181	0.095573	0.079863	0.055799	0.045672	0.012054	0.029940
179	na	4.146222	0.077386	0.012061	0.046537	0.071963	0.034337	0.083189	0.011160	0.055968	0.045650	0.064878	0.048046	0.054238	0.034505	0.041181	0.095573	0.079863	0.055799	0.045672	0.012054	0.029940
180	na	4.146222	0.077386	0.012061	0.046537	0.071963	0.034337	0.083189	0.011160	0.055968	0.045650	0.064878	0.048046	0.054238	0.034505	0.041181	0.095573	0.079863	0.055799	0.045672	0.012054	0.029940
181	na	4.146222	0.077386	0.012061	0.046537	0.071963	0.034337	0.083189	0.011160	0.055968	0.045650	0.064878	0.048046	0.054238	0.034505	0.041181	0.095573	0.079863	0.055799	0.045672	0.012054	0.029940
182	na	4.146222	0.077386	0.012061	0.046537	0.071963	0.034337	0.083189	0.011160	0.055968	0.045650	0.064878	0.048046	0.054238	0.034505	0.041181	0.095573	0.079863	0.055799	0.045672	0.012054	0.029940
183	na	4.146222	0.077386	0.012061	0.046537	0.071963	0.034337	0.083189	0.011160	0.055968	0.045650	0.064878	0.048046	0.054238	0.034505	0.041181	0.095573	0.079863	0.055799	0.045672	0.012054	0.029940
184	na	4.146222	0.077386	0.012061	0.046537	0.071963	0.034337	0.083189	0.011160	0.055968	0.045650	0.064878	0.048046	0.054238	0.034505	0.041181	0.095573	0.079863	0.055799	0.045672	0.012054	0.029940
185	na	4.146222	0.077386	0.012061	0.046537	0.071963	0.034337	0.083189	0.011160	0.055968	0.045650	0.064878	0.048046	0.054238	0.034505	0.041181	0.095573	0.079863	0.055799	0.045672	0.012054	0.029940
186	na	4.146222	0.077386	0.012061	0.046537	0.071963	0.034337	0.083189	0.011160	0.055968	0.045650	0.064878	0.048046	0.054238	0.034505	0.041181	0.095573	0.079863	0.055799	0.045672	0.012054	0.029940
187	na	4.146222	0.077386	0.012061	0.046537	0.071963	0.034337	0.083189	0.011160	0.055968	0.045650	0.064878	0.048046	0.054238	0.034505	0.041181	0.095573	0.079863	0.055799	0.045672	0.012054	0.029940
188	na	4.146222	0.077386	0.012061	0.046537	0.071963	0.034337	0.083189	0.011160	0.055968	0.045650	0.064878	0.048046	0.054238	0.034505	0.041181	0.095573	0.079863	0.055799	0.045672	0.012054	0.029940
189	na	4.146222	0.077386	0.012061	0.046537	0.071963	0.034337	0.083189	0.011160	0.055968	0.045650	0.064878	0.048046	0.054238	0.034505	0.041181	0.095573	0.079863	0.055799	0.045672	0.012054	0.029940
190	na	4.146222	0.077386	0.012061	0.046537	0.071963	0.034337	0.083189	0.011160	0.055968	0.045650	0.064878	0.048046	0.054238	0.034505	0.041181	0.095573	0.079863	0.055799	0.045672	0.012054	0.029940
191	na	4.146222	0.077386	0.012061	0.046537	0.071963	0.034337	0.083189	0.011160	0.055968	0.045650	0.064878	0.048046	0.054238	0.034505	0.041181	0.095573	0.079863	0.055799	0.045672	0.012054	0.029940
192	na	4.146222	0.077386	0.012061	0.046537	0.071963	0.034337	0.083189	0.011160	0.055968	0.045650	0.064878	0.048046	0.054238	0.034505	0.041181	0.095573	0.079863	0.055799	0.045672	0.012054	0.029940
193	na	4.146222	0.077386	0.012061	0.046537	0.071963	0.034337	0.083189	0.011160	0.055968	0.045650	0.064878	0.048046	0.054238	0.034505	0.041181	0.095573	0.079863	0.055799	0.045672	0.012054	0.029940
194	na	4.146222	0.077386	0.012061	0.046537	0.071963	0.034337	0.083189	0.011160	0.055968	0.045650	0.064878	0.048046	0.054238	0.034505	0.041181	0.095573	0.079863	0.055799	0.045672	0.012054	0.029940
195	na	4.146222	0.077386	0.012061	0.046537	0.071963	0.034337	0.083189	0.011160	0.055968	0.045650	0.064878	0.048046	0.054238	0.034505	0.041181	0.095573	0.079863	0.055799	0.045672	0.012054	0.029940
196	na	4.146222	0.077386	0.012061	0.046537	0.071963	0.034337	0.083189	0.011160	0.055968	0.045650	0.064878	0.048046	0.054238	0.034505	0.041181	0.095573	0.079863	0.055799	0.045672	0.012054	0.029940
197	na	4.146222	0.077386	0.012061	0.046537	0.071963	0.034337	0.083189	0.011160	0.055968	0.045650	0.064878	0.048046	0.054238	0.034505	0.041181	0.095573	0.079863	0.055799	0.045672	0.012054	0.029940
198	na	4.146222	0.077386	0.012061	0.046537	0.071963	0.034337	0.083189	0.011160	0.055968	0.045650	0.064878	0.048046	0.054238	0.034505	0.041181	0.095573	0.079863	0.055799	0.045672	0.012054	0.029940
199	na	4.146222	0.077386	0.012061	0.046537	0.071963	0.034337	0.083189	0.011160	0.055968	0.045650	0.064878	0.048046	0.054238	0.034505	0.041181	0.095573	0.079863	0.055799	0.045672	0.012054	0.029940
200	na	4.146222	0.077386	0.012061	0.046537	0.071963	0.034337	0.083189	0.011160	0.055968	0.045650	0.064878	0.048046	0.054238	0.034505	0.041181	0.095573	0.079863	0.055799	0.045672	0.012054	0.029940
201	na	4.146222	0.077386	0.012061	0.046537	0.071963	0.034337	0.083189	0.011160	0.055968	0.045650	0.064878	0.048046	0.054238	0.034505	0.041181	0.095573	0.079863	0.055799	0.045672	0.012054	0.029940
202	na	4.146222	0.077386	0.012061	0.046537	0.071963	0.034337	0.083189	0.011160	0.055968	0.045650	0.064878	0.048046	0.054238	0.034505	0.041181	0.095573	0.079863	0.055799	0.045672	0.012054	0.029940
203	na	4.146222	0.077386	0.012061	0.046537	0.071963	0.034337	0.083189	0.011160	0.055968	0.045650	0.064878	0.048046	0.054238	0.034505	0.041181	0.095573	0.079863	0.055799	0.045672	0.012054	0.029940
204	na	4.146222	0.077386	0.012061	0.046537	0.071963	0.034337	0.083189	0.011160	0.055968	0.045650	0.064878	0.048046	0.054238	0.034505	0.041181	0.095573	0.079863	0.055799	0.045672	0.012054	0.029940
205	na	4.146222	0.077386	0.012061	0.046537	0.071963	0.034337	0.083189	0.011160	0.055968	0.045650	0.064878	0.048046	0.054238	0.034505	0.041181	0.095573	0.079863	0.055799	0.045672	0.012054	0.029940
206	na	4.146222	0.077386	0.012061	0.046537	0.071963	0.034337	0.083189	0.011160	0.055968	0.045650	0.064878	0.048046	0.054238	0.034505	0.041181	0.095573	0.079863	0.055799	0.045672	0.012054	0.029940
207	na	4.146222	0.077386	0.012061	0.046537	0.071963	0.034337	0.083189	0.011160	0.055968	0.045650	0.064878	0.048046	0.054238	0.034505	0.041181	0.095573	0.079863	0.055799	0.045672	0.012054	0.029940
208	na	4.146222	0.077386	0.012061	0.046537	0.071963	0.034337	0.083189	0.011160	0.055968	0.045650	0.064878	0.048046	0.054238	0.034505	0.041181	0.095573	0.079863	0.055799	0.045672	0.012054	0.029940
209	na	4.146222	0.077386	0.012061	0.046537	0.071963	0.034337	0.083189	0.011160	0.055968	0.045650	0.064878	0.048046	0.054238	0.034505	0.041181	0.095573	0.079863	0.055799	0.045672	0.012054	0.029940
210	na	4.146222	0.077386	0.012061	0.046537	0.071963	0.034337	0.083189	0.011160	0.055968	0.045650	0.064878	0.048046	0.054238	0.034505	0.041181	0.095573	0.079863	0.055799	0.045672	0.012054	0.029940
211	na	4.146222	0.077386	0.012061	0.046537	0.071963	0.034337	0.083189	0.011160	0.055968	0.045650	0.064878	0.048046	0.054238	0.034505	0.041181	0.095573	0.079863	0.055799	0.045672	0.012054	0.029940
212	na	4.146222	0.077386	0.012061	0.046537	0.071963	0.034337	0.083189	0.011160	0.055968	0.045650	0.064878	0.048046	0.054238	0.034505	0.041181	0.095573	0.079863	0.055799	0.045672	0.012054	0.029940
213	na	4.146222	0.077386	0.012061	0.046537	0.071963	0.034337	0.083189	0.011160	0.055968	0.045650	0.064878	0.048046	0.054238	0.034505	0.041181	0.095573	0.079863	0.055799	0.045672	0.012054	0.029940
214	na	4.146222	0.077386	0.012061	0.046537	0.071963	0.034337	0.083189	0.011160	0.055968	0.045650	0.064878	0.048046	0.054238	0.034505	0.041181	0.095573	0.079863	0.055799	0.045672	0.012054	0.029940
215	na	4.146222	0.077386	0.012061	0.046537	0.071963	0.034337	0.083189	0.011160	0.055968	0.045650	0.064878	0.048046	0.054238	0.034505	0.041181	0.095573	0.079863	0.055799	0.045672	0.012054	0.029940
216	na	4.146222	0.077386	0.012061	0.046537	0.071963	0.034337	0.083189	0.011160	0.055968	0.045650	0.064878	0.048046	0.054238	0.034505	0.041181	0.095573	0.079863	0.055799	0.045672	0.012054	0.029940
217	na	4.146222	0.077386	0.012061	0.046537	0.071963	0.034337	0.083189	0.011160	0.055968	0.045650	0.064878	0.048046	0.054238	0.034505	0.041181	0.095573	0.079863	0.055799	0.045672	0.012054	0.029940
218	na	4.146222	0.077386	0.012061	0.046537	0.071963	0.034337	0.083189	0.011160	0.055968	0.045650	0.064878	0.048046	0.054238	0.034505	0.041181	0.095573	0.079863	0.055799	0.045672	0.012054	0.029940
219	na	4.146222	0.077386	0.012061	0.046537	0.071963	0.034337	0.083189	0.011160	0.055968	0.045650	0.064878	0.048046	0.054238	0.034505	0.041181	0.095573	0.079863	0.055799	0.045672	0.012054	0.029940
220	na	4.146222	0.077386	0.012061	0.046537	0.071963	0.034337	0.083189	0.011160	0.055968	0.045650	0.064878	0.048046	0.054238	0.034505	0.041181	0.095573	0.079863	0.055799	0.045672	0.012054	0.029940
221	na	4.146222	0.077386	0.012061	0.046537	0.071963	0.034337	0.083189	0.011160	0.055968	0.045650	0.064878	0.048046	0.054238	0.034505	0.041181	0.095573	0.079863	0.055799	0.045672	0.012054	0.029940
222	na	4.146222	0.077386	0.012061	0.046537	0.071963	0.034337	0.083189	0.011160	0.055968	0.045650	0.064878	0.048046	0.054238	0.034505	0.041181	0.095573	0.079863	0.055799	0.045672	0.012054	0.029940
223	na	4.146222	0.077386	0.012061	0.046537	0.071963	0.034337	0.083189	0.011160	0.055968	0.045650	0.064878	0.048046	0.054238	0.034505	0.041181	0.095573	0.079863	0.055799	0.045672	0.012054	0.029940
224	na	4.146222	0.077386	0.012061	0.046537	0.071963	0.034337	0.083189	0.011160	0.055968	0.045650	0.064878	0.048046	0.054238	0.034505	0.041181	0.095573	0.079863	0.055799	0.045672	0.012054	0.029940
225	na	4.146222	0.077386	0.012061	0.046537	0.071963	0.034337	0.083189	0.011160	0.055968	0.045650	0.064878	0.048046	0.054238	0.034505	0.041181	0.095573	0.079863	0.055799	0.045672	0.012054	0.029940
226	na	4.146222	0.077386	0.012061	0.046537	0.071963	0.034337	0.083189	0.011160	0.055968	0.045650	0.064878	0.048046	0.054238	0.034505	0.041181	0.095573	0.079863	0.055799	0.045672	0.012054	0.029940
227	na	4.146222	0.077386	0.012061	0.046537	0.071963	0.034337	0.083189	0.011160	0.055968	0.045650	0.064878	0.048046	0.054238	0.034505	0.041181	0.095573	0.079863	0.055799	0.045672	0.012054	0.029940
228	na	4.146222	0.077386	0.012061	0.046537	0.071963	0.034337	0.083189	0.011160	0.055968	0.045650	0.064878	0.048046	0.054238	0.034505	0.041181	0.095573	0.079863	0.055799	0.045672	0.012054	0.029940
229	na	4.146222	0.077386	0.012061	0.046537	0.071963	0.034337	0.083189	0.011160	0.055968	0.045650	0.064878	0.048046	0.054238	0.034505	0.041181	0.095573	0.079863	0.055799	0.045672	0.012054	0.029940
230	na	4.146222	0.077386	0.012061	0.046537	0.071963	0.034337	0.083189	0.011160	0.055968	0.045650	0.064878	0.048046	0.054238	0.034505	0.041181	0.095573	0.079863	0.055799	0.045672	0.012054	0.029940
231	na	4.146222	0.077386	0.012061	0.046537	0.071963	0.034337	0.083189	0.011160	0.055968	0.045650	0.064878	0.048046	0.054238	0.034505	0.041181	0.095573	0.079863	0.055799	0.045672	0.012054	0.029940
232	na	4.146222	0.077386	0.012061	0.046537	0.071963	0.034337	0.083189	0.011160	0.055968	0.045650	0.064878	0.048046	0.054238	0.034505	0.041181	0.095573	0.079863	0.055799	0.045672	0.012054	0.029940
233	na	4.146222	0.077386	0.012061	0.046537	0.071963	0.034337	0.083189	0.011160	0.055968	0.045650	0.064878	0.048046	0.054238	0.034505	0.041181	0.095573	0.079863	0.055799	0.045672	0.012054	0.029940
234	na	4.146222	0.077386	0.012061	0.046537	0.071963	0.034337	0.083189	0.011160	0.055968	0.045650	0.064878	0.048046	0.054238	0.034505	0.041181	0.095573	0.079863	0.055799	0.045672	0.012054	0.029940
235	na	4.146222	0.077386	0.012061	0.046537	0.071963	0.034337	0.083189	0.011160	0.055968	0.045650	0.064878	0.048046	0.054238	0.034505	0.041181	0.095573	0.079863	0.055799	0.045672	0.012054	0.029940
236	na	4.146222	0.077386	0.012061	0.046537	0.071963	0.034337	0.083189	0.011160	0.055968	0.045650	0.064878	0.048046	0.054238	0.034505	0.041181	0.095573	0.079863	0.055799	0.045672	0.012054	0.029940
237	na	4.146222	0.077386	0.012061	0.046537	0.071963	0.034337	0.083189	0.011160	0.055968	0.045650	0.064878	0.048046	0.054238	0.034505	0.041181	0.095573	0.079863	0.055799	0.045672	0.012054	0.029940
238	na	4.146222	0.077386	0.012061	0.046537	0.071963	0.034337	0.083189	0.011160	0.055968	0.045650	0.064878	0.048046	0.054238	0.034505	0.041181	0.095573	0.079863	0.055799	0.045672	0.012054	0.029940
239	na	4.146222	0.077386	0.012061	0.046537	0.071963	0.034337	0.083189	0.011160	0.055968	0.045650	0.064878	0.048046	0.054238	0.034505	0.041181	0.095573	0.079863	0.055799	0.045672	0.012054	0.029940
240	na	4.146222	0.077386	0.012061	0.046537	0.071963	0.034337	0.083189	0.011160	0.055968	0.045650	0.064878	0.048046	0.054238	0.034505	0.041181	0.095573	0.079863	0.055799	0.045672	0.012054	0.029940
241	na	4.146222	0.077386	0.012061	0.046537	0.071963	0.034337	0.083189	0.011160	0.055968	0.045650	0.064878	0.048046	0.054238	0.034505	0.041181	0.095573	0.079863	0.055799	0.045672	0.012054	0.029940
242	na	4.146222	0.077386	0.012061	0.046537	0.071963	0.034337	0.083189	0.011160	0.055968	0.045650	0.064878	0.048046	0.054238	0.034505	0.041181	0.095573	0.079863	0.055799	0.045672	0.012054	0.029940
243	na	4.146222	0.077386	0.012061	0.046537	0.071963	0.034337	0.083189	0.011160	0.055968	0.045650	0.064878	0.048046	0.054238	0.034505	0.041181	0.095573	0.079863	0.055799	0.045672	0.012054	0.029940
244	na	4.146222	0.077386	0.012061	0.046537	0.071963	0.034337	0.083189	0.011160	0.055968	0.045650	0.064878	0.048046	0.054238	0.034505	0.041181	0.095573	0.079863	0.055799	0.045672	0.012054	0.029940
245	na	4.146222	0.077386	0.012061	0.046537	0.071963	0.034337	0.083189	0.011160	0.055968	0.045650	0.064878	0.048046	0.054238	0.034505	0.041181	0.095573	0.079863	0.055799	0.045672	0.012054	0.029940
246	na	4.146222	0.077386	0.012061	0.046537	0.071963	0.034337	0.083189	0.011160	0.055968	0.045650	0.064878	0.048046	0.054238	0.034505	0.041181	0.095573	0.079863	0.055799	0.045672	0.012054	0.029940
247	na	4.146222	0.077386	0.012061	0.046537	0.071963	0.034337	0.083189	0.011160	0.055968	0.045650	0.064878	0.048046	0.054238	0.034505	0.041181	0.095573	0.079863	0.055799	0.045672	0.012054	0.029940
248	na	4.146222	0.077386	0.012061	0.046537	0.071963	0.034337	0.083189	0.011160	0.055968	0.045650	0.064878	0.048046	0.054238	0.034505	0.041181	0.095573	0.079863	0.055799	0.045672	0.012054	0.029940
249	na	4.146222	0.077386	0.012061	0.046537	0.071963	0.034337	0.083189	0.011160	0.055968	0.045650	0.064878	0.048046	0.054238	0.034505	0.041181	0.095573	0.079863	0.055799	0.045672	0.012054	0.029940
250	na	4.146222	0.077386	0.012061	0.046537	0.071963	0.034337	0.083189	0.011160	0.055968	0.045650	0.064878	0.048046	0.054238	0.034505	0.041181	0.095573	0.079863	0.055799	0.045672	0.012054	0.029940
251	na	4.146222	0.077386	0.012061	0.046537	0.071963	0.034337	0.083189	0.011160	0.055968	0.045650	0.064878	0.048046	0.054238	0.034505	0.041181	0.095573	0.079863	0.055799	0.045672	0.012054	0.029940
252	na	4.146222	0.077386	0.012061	0.046537	0.071963	0.034337	0.083189	0.011160	0.055968	0.045650	0.064878	0.048046	0.054238	0.034505	0.041181	0.095573	0.079863	0.055799	0.045672	0.012054	0.029940
253	na	4.146222	0.077386	0.012061	0.046537	0.071963	0.034337	0.083189	0.011160	0.055968	0.045650	0.064878	0.048046	0.054238	0.034505	0.041181	0.095573	0.079863	0.055799	0.045672	0.012054	0.029940
254	na	4.146222	0.077386	0.012061	0.046537	0.071963	0.034337	0.083189	0.011160	0.055968	0.045650	0.064878	0.048046	0.054238	0.034505	0.041181	0.095573	0.079863	0.055799	0.045672	0.012054	0.029940
255	na	4.146222	0.077386	0.012061	0.046537	0.071963	0.034337	0.083189	0.011160	0.055968	0.045650	0.064878	0.048046	0.054238	0.034505	0.041181	0.095573	0.079863	0.055799	0.045672	0.012054	0.029940
256	na	4.146222	0.077386	0.012061	0.046537	0.071963	0.034337	0.083189	0.011160	0.055968	0.045650	0.064878	0.048046	0.054238	0.034505	0.041181	0.095573	0.079863	0.055799	0.045672	0.012054	0.029940
257	na	4.146222	0.077386	0.012061	0.046537	0.071963	0.034337	0.083189	0.011160	0.055968	0.045650	0.064878	0.048046	0.054238	0.034505	0.041181	0.095573	0.079863	0.055799	0.045672	0.012054	0.029940
258	na	4.146222	0.077386	0.012061	0.046537	0.071963	0.034337	0.083189	0.011160	0.055968	0.045650	0.064878	0.048046	0.054238	0.034505	0.041181	0.095573	0.079863	0.055799	0.045672	0.012054	0.029940
259	na	4.146222	0.077386	0.012061	0.046537	0.071963	0.034337	0.083189	0.011160	0.055968	0.045650	0.064878	0.048046	0.054238	0.034505	0.041181	0.095573	0.079863	0.055799	0.045672	0.012054	0.029940
260	na	4.146222	0.077386	0.012061	0.046537	0.071963	0.034337	0.083189	0.011160	0.055968	0.045650	0.064878	0.048046	0.054238	0.034505	0.041181	0.095573	0.079863	0.055799	0.045672	0.012054	0.029940
261	na	4.146222	0.077386	0.012061	0.046537	0.071963	0.034337	0.083189	0.011160	0.055968	0.045650	0.064878	0.048046	0.054238	0.034505	0.041181	0.095573	0.079863	0.055799	0.045672	0.012054	0.029940
262	na	4.146222	0.077386	0.012061	0.046537	0.071963	0.034337	0.083189	0.011160	0.055968	0.045650	0.064878	0.048046	0.054238	0.034505	0.041181	0.095573	0.079863	0.055799	0.045672	0.012054	0.029940
263	na	4.146222	0.077386	0.012061	0.046537	0.071963	0.034337	0.083189	0.011160	0.055968	0.045650	0.064878	0.048046	0.054238	0.034505	0.041181	0.095573	0.079863	0.055799	0.045672	0.012054	0.029940
264	na	4.146222	0.077386	0.012061	0.046537	0.071963	0.034337	0.083189	0.011160	0.055968	0.045650	0.064878	0.048046	0.054238	0.034505	0.041181	0.095573	0.079863	0.055799	0.045672	0.012054	0.029940
265	na	4.146222	0.077386	0.012061	0.046537	0.071963	0.034337	0.083189	0.011160	0.055968	0.045650	0.064878	0.048046	0.054238	0.034505	0.041181	0.095573	0.079863	0.055799	0.045672	0.012054	0.029940
266	na	4.146222	0.077386	0.012061	0.046537	0.071963	0.034337	0.083189	0.011160	0.055968	0.045650	0.064878	0.048046	0.054238	0.034505	0.041181	0.095573	0.079863	0.055799	0.045672	0.012054	0.029940
267	na	4.146222	0.077386	0.012061	0.046537	0.071963	0.034337	0.083189	0.011160	0.055968	0.045650	0.064878	0.048046	0.054238	0.034505	0.041181	0.095573	0.079863	0.055799	0.045672	0.012054	0.029940
268	na	4.146222	0.077386	0.012061	0.046537	0.071963	0.034337	0.083189	0.011160	0.055968	0.045650	0.064878	0.048046	0.054238	0.034505	0.041181	0.095573	0.079863	0.055799	0.045672	0.012054	0.029940
269	na	4.146222	0.077386	0.012061	0.046537	0.071963	0.034337	0.083189	0.011160	0.055968	0.045650	0.064878	0.048046	0.054238	0.034505	0.041181	0.095573	0.079863	0.055799	0.045672	0.012054	0.029940
270	na	4.146222	0.077386	0.012061	0.046537	0.071963	0.034337	0.083189	0.011160	0.055968	0.045650	0.064878	0.048046	0.054238	0.034505	0.041181	0.095573	0.079863	0.055799	0.045672	0.012054	0.029940
271	na	4.146222	0.077386	0.012061	0.046537	0.071963	0.034337	0.083189	0.011160	0.055968	0.045650	0.064878	0.048046	0.054238	0.034505	0.041181	0.095573	0.079863	0.055799	0.045672	0.012054	0.029940
272	na	4.146222	0.077386	0.012061	0.046537	0.071963	0.034337	0.083189	0.011160	0.055968	0.045650	0.064878	0.048046	0.054238	0.034505	0.041181	0.095573	0.079863	0.055799	0.045672	0.012054	0.029940
273	na	4.146222	0.077386	0.012061	0.046537	0.071963	0.034337	0.083189	0.011160	0.055968	0.045650	0.064878	0.048046	0.054238	0.034505	0.041181	0.095573	0.079863	0.055799	0.045672	0.012054	0.029940
274	na	4.146222	0.077386	0.012061	0.046537	0.071963	0.034337	0.083189	0.011160	0.055968	0.045650	0.064878	0.048046	0.054238	0.034505	0.041181	0.095573	0.079863	0.055799	0.045672	0.012054	0.029940
275	na	4.146222	0.077386	0.012061	0.046537	0.071963	0.034337	0.083189	0.011160	0.055968	0.045650	0.064878	0.048046	0.054238	0.034505	0.041181	0.095573	0.079863	0.055799	0.045672	0.012054	0.029940
276	na	4.146222	0.077386	0.012061	0.046537	0.071963	0.034337	0.083189	0.011160	0.055968	0.045650	0.064878	0.048046	0.054238	0.034505	0.041181	0.095573	0.079863	0.055799	0.045672	0.012054	0.029940
277	na	4.146222	0.077386	0.012061	0.046537	0.071963	0.034337	0.083189	0.011160	0.055968	0.045650	0.064878	0.048046	0.054238	0.034505	0.041181	0.095573	0.079863	0.055799	0.045672	0.012054	0.029940
278	na	4.146222	0.077386	0.012061	0.046537	0.071963	0.034337	0.083189	0.011160	0.055968	0.045650	0.064878	0.048046	0.054238	0.034505	0.041181	0.095573	0.079863	0.055799	0.045672	0.012054	0.029940
279	na	4.146222	0.077386	0.012061	0.046537	0.071963	0.034337	0.083189	0.011160	0.055968	0.045650	0.064878	0.048046	0.054238	0.034505	0.041181	0.095573	0.079863	0.055799	0.045672	0.012054	0.029940
280	na	4.146222	0.077386	0.012061	0.046537	0.071963	0.034337	0.083189	0.011160	0.055968	0.045650	0.064878	0.048046	0.054238	0.034505	0.041181	0.095573	0.079863	0.055799	0.045672	0.012054	0.029940
281	na	4.146222	0.077386	0.012061	0.046537	0.071963	0.034337	0.083189	0.011160	0.055968	0.045650	0.064878	0.048046	0.054238	0.034505	0.041181	0.095573	0.079863	0.055799	0.045672	0.012054	0.029940
282	na	4.146222	0.077386	0.012061	0.046537	0.071963	0.034337	0.083189	0.011160	0.055968	0.045650	0.064878	0.048046	0.054238	0.034505	0.041181	0.095573	0.079863	0.055799	0.045672	0.012054	0.029940
283	na	4.146222	0.077386	0.012061	0.046537	0.071963	0.034337	0.083189	0.011160	0.055968	0.045650	0.064878	0.048046	0.054238	0.034505	0.041181	0.095573	0.079863	0.055799	0.045672	0.012054	0.029940
284	na	4.146222	0.077386	0.012061	0.046537	0.071963	0.034337	0.083189	0.011160	0.055968	0.045650	0.064878	0.048046	0.054238	0.034505	0.041181	0.095573	0.079863	0.055799	0.045672	0.012054	0.029940
285	na	4.146222	0.077386	0.012061	0.046537	0.071963	0.034337	0.083189	0.011160	0.055968	0.045650	0.064878	0.048046	0.054238	0.034505	0.041181	0.095573	0.079863	0.055799	0.045672	0.012054	0.029940
286	na	4.146222	0.077386	0.012061	0.046537	0.071963	0.034337	0.083189	0.011160	0.055968	0.045650	0.064878	0.048046	0.054238	0.034505	0.041181	0.095573	0.079863	0.055799	0.045672	0.012054	0.029940
287	na	4.146222	0.077386	0.012061	0.046537	0.071963	0.034337	0.083189	0.011160	0.055968	0.045650	0.064878	0.048046	0.054238	0.034505	0.041181	0.095573	0.079863	0.055799	0.045672	0.012054	0.029940
288	na	4.146222	0.077386	0.012061	0.046537	0.071963	0.034337	0.083189	0.011160	0.055968	0.045650	0.064878	0.048046	0.054238	0.034505	0.041181	0.095573	0.079863	0.055799	0.045672	0.012054	0.029940
289	na	4.146222	0.077386	0.012061	0.046537	0.071963	0.034337	0.083189	0.011160	0.055968	0.045650	0.064878	0.048046	0.054238	0.034505	0.041181	0.095573	0.079863	0.055799	0.045672	0.012054	0.029940
290	na	4.146222	0.077386	0.012061	0.046537	0.071963	0.034337	0.083189	0.011160	0.055968	0.045650	0.064878	0.048046	0.054238	0.034505	0.041181	0.095573	0.079863	0.055799	0.045672	0.012054	0.029940
291	na	4.146222	0.077386	0.012061	0.046537	0.071963	0.034337	0.083189	0.011160	0.055968	0.045650	0.064878	0.048046	0.054238	0.034505	0.041181	0.095573	0.079863	0.055799	0.045672	0.012054	0.029940
292	na	4.146222	0.077386	0.012061	0.046537	0.071963	0.034337	0.083189	0.011160	0.055968	0.045650	0.064878	0.048046	0.054238	0.034505	0.041181	0.095573	0.079863	0.055799	0.045672	0.012054	0.029940
293	na	4.146222	0.077386	0.012061	0.046537	0.071963	0.034337	0.083189	0.011160	0.055968	0.045650	0.064878	0.048046	0.054238	0.034505	0.041181	0.095573	0.079863	0.055799	0.045672	0.012054	0.029940
294	na	4.146222	0.077386	0.012061	0.046537	0.071963	0.034337	0.083189	0.011160	0.055968	0.045650	0.064878	0.048046	0.054238	0.034505	0.041181	0.095573	0.079863	0.055799	0.045672	0.012054	0.029940
295	na	4.146222	0.077386	0.012061	0.046537	0.071963	0.034337	0.083189	0.011160	0.055968	0.045650	0.064878	0.048046	0.054238	0.034505	0.041181	0.095573	0.079863	0.055799	0.045672	0.012054	0.029940
296	na	4.146222	0.077386	0.012061	0.046537	0.071963	0.034337	0.083189	0.011160	0.055968	0.045650	0.064878	0.048046	0.054238	0.034505	0.041181	0.095573	0.079863	0.055799	0.045672	0.012054	0.029940
297	na	4.146222	0.077386	0.012061	0.046537	0.071963	0.034337	0.083189	0.011160	0.055968	0.045650	0.064878	0.048046	0.054238	0.034505	0.041181	0.095573	0.079863	0.055799	0.045672	0.012054	0.029940
298	na	4.146222	0.077386	0.012061	0.046537	0.071963	0.034337	0.083189	0.011160	0.055968	0.045650	0.064878	0.048046	0.054238	0.034505	0.041181	0.095573	0.079863	0.055799	0.045672	0.012054	0.029940
299	na	4.146222	0.077386	0.012061	0.046537	0.071963	0.034337	0.083189	0.011160	0.055968	0.045650	0.064878	0.048046	0.054238	0.034505	0.041181	0.095573	0.079863	0.055799	0.045672	0.012054	0.029940
300	na	4.146222	0.077386	0.012061	0.046537	0.071963	0.034337	0.083189	0.011160	0.055968	0.045650	0.064878	0.048046	0.054238	0.034505	0.041181	0.095573	0.079863	0.055799	0.045672	0.012054	0.029940
301	na	4.146222	0.077386	0.012061	0.046537	0.071963	0.034337	0.083189	0.011160	0.055968	0.045650	0.064878	0.048046	0.054238	0.034505	0.041181	0.095573	0.079863	0.055799	0.045672	0.012054	0.029940
302	na	4.146222	0.077386	0.012061	0.046537	0.071963	0.034337	0.083189	0.011160	0.055968	0.045650	0.064878	0.048046	0.054238	0.034505	0.041181	0.095573	0.079863	0.055799	0.045672	0.012054	0.029940
303	na	4.146222	0.077386	0.012061	0.046537	0.071963	0.034337	0.083189	0.011160	0.055968	0.045650	0.064878	0.048046	0.054238	0.034505	0.041181	0.095573	0.079863	0.055799	0.045672	0.012054	0.029940
304	na	4.146222	0.077386	0.012061	0.046537	0.071963	0.034337	0.083189	0.011160	0.055968	0.045650	0.064878	0.048046	0.054238	0.034505	0.041181	0.095573	0.079863	0.055799	0.045672	0.012054	0.029940
305	na	4.146222	0.077386	0.012061	0.046537	0.071963	0.034337	0.083189	0.011160	0.055968	0.045650	0.064878	0.048046	0.054238	0.034505	0.041181	0.095573	0.079863	0.055799	0.045672	0.012054	0.029940
306	na	4.146222	0.077386	0.012061	0.046537	0.071963	0.034337	0.083189	0.011160	0.055968	0.045650	0.064878	0.048046	0.054238	0.034505	0.041181	0.095573	0.079863	0.055799	0.045672	0.012054	0.029940
307	na	4.146222	0.077386	0.012061	0.046537	0.071963	0.034337	0.083189	0.011160	0.055968	0.045650	0.064878	0.048046	0.054238	0.034505	0.041181	0.095573	0.079863	0.055799	0.045672	0.012054	0.029940
308	na	4.146222	0.077386	0.012061	0.046537	0.071963	0.034337	0.083189	0.011160	0.055968	0.045650	0.064878	0.048046	0.054238	0.034505	0.041181	0.095573	0.079863	0.055799	0.045672	0.012054	0.029940
309	na	4.146222	0.077386	0.012061	0.046537	0.071963	0.034337	0.083189	0.011160	0.055968	0.045650	0.064878	0.048046	0.054238	0.034505	0.041181	0.095573	0.079863	0.055799	0.045672	0.012054	0.029940
310	na	4.146222	0.077386	0.012061	0.046537	0.071963	0.034337	0.083189	0.011160	0.055968	0.045650	0.064878	0.048046	0.054238	0.034505	0.041181	0.095573	0.079863	0.055799	0.045672	0.012054	0.029940
311	na	4.146222	0.077386	0.012061	0.046537	0.071963	0.034337	0.083189	0.011160	0.055968	0.045650	0.064878	0.048046	0.054238	0.034505	0.041181	0.095573	0.079863	0.055799	0.045672	0.012054	0.029940
312	na	4.146222	0.077386	0.012061	0.046537	0.071963	0.034337	0.083189	0.011160	0.055968	0.045650	0.064878	0.048046	0.054238	0.034505	0.041181	0.095573	0.079863	0.055799	0.045672	0.012054	0.029940
313	na	4.146222	0.077386	0.012061	0.046537	0.071963	0.034337	0.083189	0.011160	0.055968	0.045650	0.064878	0.048046	0.054238	0.034505	0.041181	0.095573	0.079863	0.055799	0.045672	0.012054	0.029940
314	na	4.146222	0.077386	0.012061	0.046537	0.071963	0.034337	0.083189	0.011160	0.055968	0.045650	0.064878	0.048046	0.054238	0.034505	0.041181	0.095573	0.079863	0.055799	0.045672	0.012054	0.029940
315	na	4.146222	0.077386	0.012061	0.046537	0.071963	0.034337	0.083189	0.011160	0.055968	0.045650	0.064878	0.048046	0.054238	0.034505	0.041181	0.095573	0.079863	0.055799	0.045672	0.012054	0.029940
316	na	4.146222	0.077386	0.012061	0.046537	0.071963	0.034337	0.083189	0.011160	0.055968	0.045650	0.064878	0.048046	0.054238	0.034505	0.041181	0.095573	0.079863	0.055799	0.045672	0.012054	0.029940
317	na	4.146222	0.077386	0.012061	0.046537	0.071963	0.034337	0.083189	0.011160	0.055968	0.045650	0.064878	0.048046	0.054238	0.034505	0.041181	0.095573	0.079863	0.055799	0.045672	0.012054	0.029940
318	na	4.146222	0.077386	0.012061	0.046537	0.071963	0.034337	0.083189	0.011160	0.055968	0.045650	0.064878	0.048046	0.054238	0.034505	0.041181	0.095573	0.079863	0.055799	0.045672	0.012054	0.029940
319	na	4.146222	0.077386	0.012061	0.046537	0.071963	0.034337	0.083189	0.011160	0.055968	0.045650	0.064878	0.048046	0.054238	0.034505	0.041181	0.095573	0.079863	0.055799	0.045672	0.012054	0.029940
320	na	4.146222	0.077386	0.012061	0.046537	0.071963	0.034337	0.083189	0.011160	0.055968	0.045650	0.064878	0.048046	0.054238	0.034505	0.041181	0.095573	0.079863	0.055799	0.045672	0.012054	0.029940
321	na	4.146222	0.077386	0.012061	0.046537	0.071963	0.034337	0.083189	0.011160	0.055968	0.045650	0.064878	0.048046	0.054238	0.034505	0.041181	0.095573	0.079863	0.055799	0.045672	0.012054	0.029940
322	na	4.146222	0.077386	0.012061	0.046537	0.071963	0.034337	0.083189	0.011160	0.055968	0.045650	0.064878	0.048046	0.054238	0.034505	0.041181	0.095573	0.079863	0.055799	0.045672	0.012054	0.029940
323	na	4.146222	0.077386	0.012061	0.046537	0.071963	0.034337	0.083189	0.011160	0.055968	0.045650	0.064878	0.048046	0.054238	0.034505	0.041181	0.095573	0.079863	0.055799	0.045672	0.012054	0.029940
324	na	4.146222	0.077386	0.012061	0.046537	0.071963	0.034337	0.083189	0.011160	0.055968	0.045650	0.064878	0.048046	0.054238	0.034505	0.041181	0.095573	0.079863	0.055799	0.045672	0.012054	0.029940
325	na	4.146222	0.077386	0.012061	0.046537	0.071963	0.034337	0.083189	0.011160	0.055968	0.045650	0.064878	0.048046	0.054238	0.034505	0.041181	0.095573	0.079863	0.055799	0.045672	0.012054	0.029940
326	na	4.146222	0.077386	0.012061	0.046537	0.071963	0.034337	0.083189	0.011160	0.055968	0.045650	0.064878	0.048046	0.054238	0.034505	0.041181	0.095573	0.079863	0.055799	0.045672	0.012054	0.029940
327	na	4.146222	0.077386	0.012061	0.046537	0.071963	0.034337	0.083189	0.011160	0.055968	0.045650	0.064878	0.048046	0.054238	0.034505	0.041181	0.095573	0.079863	0.055799	0.045672	0.012054	0.029940
328	na	4.146222	0.077386	0.012061	0.046537	0.071963	0.034337	0.083189	0.011160	0.055968	0.045650	0.064878	0.048046	0.054238	0.034505	0.041181	0.095573	0.079863	0.055799	0.045672	0.012054	0.029940
329	na	4.146222	0.077386	0.012061	0.046537	0.071963	0.034337	0.083189	0.011160	0.055968	0.045650	0.064878	0.048046	0.054238	0.034505	0.041181	0.095573	0.079863	0.055799	0.045672	0.012054	0.029940
330	na	4.146222	0.077386	0.012061	0.046537	0.071963	0.034337	0.083189	0.011160	0.055968	0.045650	0.064878	0.048046	0.054238	0.034505	0.041181	0.095573	0.079863	0.055799	0.045672	0.012054	0.029940
331	na	4.146222	0.077386	0.012061	0.046537	0.071963	0.034337	0.083189	0.011160	0.055968	0.045650	0.064878	0.048046	0.054238	0.034505	0.041181	0.095573	0.079863	0.055799	0.045672	0.012054	0.029940
332	na	4.146222	0.077386	0.012061	0.046537	0.071963	0.034337	0.083189	0.011160	0.055968	0.045650	0.064878	0.048046	0.054238	0.034505	0.041181	0.095573	0.079863	0.055799	0.045672	0.012054	0.029940
333	na	4.146222	0.077386	0.012061	0.046537	0.071963	0.034337	0.083189	0.011160	0.055968	0.045650	0.064878	0.048046	0.054238	0.034505	0.041181	0.095573	0.079863	0.055799	0.045672	0.012054	0.029940
334	na	4.146222	0.077386	0.012061	0.046537	0.071963	0.034337	0.083189	0.011160	0.055968	0.045650	0.064878	0.048046	0.054238	0.034505	0.041181	0.095573	0.079863	0.055799	0.045672	0.012054	0.029940
335	na	4.146222	0.077386	0.012061	0.046537	0.071963	0.034337	0.083189	0.011160	0.055968	0.045650	0.064878	0.048046	0.054238	0.034505	0.041181	0.095573	0.079863	0.055799	0.045672	0.012054	0.029940
336	na	4.146222	0.077386	0.012061	0.046537	0.071963	0.034337	0.083189	0.011160	0.055968	0.045650	0.064878	0.048046	0.054238	0.034505	0.041181	0.095573	0.079863	0.055799	0.045672	0.012054	0.029940
337	na	4.146222	0.077386	0.012061	0.046537	0.071963	0.034337	0.083189	0.011160	0.055968	0.045650	0.064878	0.048046	0.054238	0.034505	0.041181	0.095573	0.079863	0.055799	0.045672	0.012054	0.029940
338	na	4.146222	0.077386	0.012061	0.046537	0.071963	0.034337	0.083189	0.011160	0.055968	0.045650	0.064878	0.048046	0.054238	0.034505	0.041181	0.095573	0.079863	0.055799	0.045672	0.012054	0.029940
339	na	4.146222	0.077386	0.012061	0.046537	0.071963	0.034337	0.083189	0.011160	0.055968	0.045650	0.064878	0.048046	0.054238	0.034505	0.041181	0.095573	0.079863	0.055799	0.045672	0.012054	0.029940
340	na	4.146222	0.077386	0.012061	0.046537	0.071963	0.034337	0.083189	0.011160	0.055968	0.045650	0.064878	0.048046	0.054238	0.034505	0.041181	0.095573	0.079863	0.055799	0.045672	0.012054	0.029940
341	na	4.146222	0.077386	0.012061	0.046537	0.071963	0.034337	0.083189	0.011160	0.055968	0.045650	0.064878	0.048046	0.054238	0.034505	0.041181	0.095573	0.079863	0.055799	0.045672	0.012054	0.029940
342	na	4.146222	0.077386	0.012061	0.046537	0.071963	0.034337	0.083189	0.011160	0.055968	0.045650	0.064878	0.048046	0.054238	0.034505	0.041181	0.095573	0.079863	0.055799	0.045672	0.012054	0.029940
343	na	4.146222	0.077386	0.012061	0.046537	0.071963	0.034337	0.083189	0.011160	0.055968	0.045650	0.064878	0.048046	0.054238	0.034505	0.041181	0.095573	0.079863	0.055799	0.045672	0.012054	0.029940
344	na	4.146222	0.077386	0.012061	0.046537	0.071963	0.034337	0.083189	0.011160	0.055968	0.045650	0.064878	0.048046	0.054238	0.034505	0.041181	0.095573	0.079863	0.055799	0.045672	0.012054	0.029940
345	na	4.146222	0.077386	0.012061	0.046537	0.071963	0.034337	0.083189	0.011160	0.055968	0.045650	0.064878	0.048046	0.054238	0.034505	0.041181	0.095573	0.079863	0.055799	0.045672	0.012054	0.029940
346	na	4.146222	0.077386	0.012061	0.046537	0.071963	0.034337	0.083189	0.011160	0.055968	0.045650	0.064878	0.048046	0.054238	0.034505	0.041181	0.095573	0.079863	0.055799	0.045672	0.012054	0.029940
347	na	4.146222	0.077386	0.012061	0.046537	0.071963	0.034337	0.083189	0.011160	0.055968	0.045650	0.064878	0.048046	0.054238	0.034505	0.041181	0.095573	0.079863	0.055799	0.045672	0.012054	0.029940
348	na	4.146222	0.077386	0.012061	0.046537	0.071963	0.034337	0.083189	0.011160	0.055968	0.045650	0.064878	0.048046	0.054238	0.034505	0.041181	0.095573	0.079863	0.055799	0.045672	0.012054	0.029940
349	na	4.146222	0.077386	0.012061	0.046537	0.071963	0.034337	0.083189	0.011160	0.055968	0.045650	0.064878	0.048046	0.054238	0.034505	0.041181	0.095573	0.079863	0.055799	0.045672	0.012054	0.029940
350	na	4.146222	0.077386	0.012061	0.046537	0.071963	0.034337	0.083189	0.011160	0.055968	0.045650	0.064878	0.048046	0.054238	0.034505	0.041181	0.095573	0.079863	0.055799	0.045672	0.012054	0.029940
351	na	4.146222	0.077386	0.012061	0.046537	0.071963	0.034337	0.083189	0.011160	0.055968	0.045650	0.064878	0.048046	0.054238	0.034505	0.041181	0.095573	0.079863	0.055799	0.045672	0.012054	0.029940
352	na	4.146222	0.077386	0.012061	0.046537	0.071963	0.034337	0.083189	0.011160	0.055968	0.045650	0.064878	0.048046	0.054238	0.034505	0.041181	0.095573	0.079863	0.055799	0.045672	0.012054	0.029940
353	na	4.146222	0.077386	0.012061	0.046537	0.071963	0.034337	0.083189	0.011160	0.055968	0.045650	0.064878	0.048046	0.054238	0.034505	0.041181	0.095573	0.079863	0.055799	0.045672	0.012054	0.029940
354	na	4.146222	0.077386	0.012061	0.046537	0.071963	0.034337	0.083189	0.011160	0.055968	0.045650	0.064878	0.048046	0.054238	0.034505	0.041181	0.095573	0.079863	0.055799	0.045672	0.012054	0.029940
355	na	4.146222	0.077386	0.012061	0.046537	0.071963	0.034337	0.083189	0.011160	0.055968	0.045650	0.064878	0.048046	0.054238	0.034505	0.041181	0.095573	0.079863	0.055799	0.045672	0.012054	0.029940
356	na	4.146222	0.077386	0.012061	0.046537	0.071963	0.034337	0.083189	0.011160	0.055968	0.045650	0.064878	0.048046	0.054238	0.034505	0.041181	0.095573	0.079863	0.055799	0.045672	0.012054	0.029940
357	na	4.146222	0.077386	0.012061	0.046537	0.071963	0.034337	0.083189	0.011160	0.055968	0.045650	0.064878	0.048046	0.054238	0.034505	0.041181	0.095573	0.079863	0.055799	0.045672	0.012054	0.029940
358	na	4.146222	0.077386	0.012061	0.046537	0.071963	0.034337	0.083189	0.011160	0.055968	0.045650	0.064878	0.048046	0.054238	0.034505	0.041181	0.095573	0.079863	0.055799	0.045672	0.012054	0.029940
359	na	4.146222	0.077386	0.012061	0.046537	0.071963	0.034337	0.083189	0.011160	0.055968	0.045650	0.064878	0.048046	0.054238	0.034505	0.041181	0.095573	0.079863	0.055799	0.045672	0.012054	0.029940
360	na	4.146222	0.077386	0.012061	0.046537	0.071963	0.034337	0.083189	0.011160	0.055968	0.045650	0.064878	0.048046	0.054238	0.034505	0.041181	0.095573	0.079863	0.055799	0.045672	0.012054	0.029940
361	na	4.146222	0.077386	0.012061	0.046537	0.071963	0.034337	0.083189	0.011160	0.055968	0.045650	0.064878	0.048046	0.054238	0.034505	0.041181	0.095573	0.079863	0.055799	0.045672	0.012054	0.029940
362	na	4.146222	0.077386	0.012061	0.046537	0.071963	0.034337	0.083189	0.011160	0.055968	0.045650	0.064878	0.048046	0.054238	0.034505	0.041181	0.095573	0.079863	0.055799	0.045672	0.012054	0.029940
363	na	4.146222	0.077386	0.012061	0.046537	0.071963	0.034337	0.083189	0.011160	0.055968	0.045650	0.064878	0.048046	0.054238	0.034505	0.041181	0.095573	0.079863	0.055799	0.045672	0.012054	0.029940
364	na	4.146222	0.077386	0.012061	0.046537	0.071963	0.034337	0.083189	0.011160	0.055968	0.045650	0.064878	0.048046	0.054238	0.034505	0.041181	0.095573	0.079863	0.055799	0.045672	0.012054	0.029940
365	na	4.146222	0.077386	0.012061	0.046537	0.071963	0.034337	0.083189	0.011160	0.055968	0.045650	0.064878	0.048046	0.054238	0.034505	0.041181	0.095573	0.079863	0.055799	0.045672	0.012054	0.029940
366	na	4.146222	0.077386	0.012061	0.046537	0.071963	0.034337	0.083189	0.011160	0.055968	0.045650	0.064878	0.048046	0.054238	0.034505	0.041181	0.095573	0.079863	0.055799	0.045672	0.012054	0.029940
367	na	4.146222	0.077386	0.012061	0.046537	0.071963	0.034337	0.083189	0.011160	0.055968	0.045650	0.064878	0.048046	0.054238	0.034505	0.041181	0.095573	0.079863	0.055799	0.045672	0.012054	0.029940
368	na	4.146222	0.077386	0.012061	0.046537	0.071963	0.034337	0.083189	0.011160	0.055968	0.045650	0.064878	0.048046	0.054238	0.034505	0.041181	0.095573	0.079863	0.055799	0.045672	0.012054	0.029940
369	na	4.146222	0.077386	0.012061	0.046537	0.071963	0.034337	0.083189	0.011160	0.055968	0.045650	0.064878	0.048046	0.054238	0.034505	0.041181	0.095573	0.079863	0.055799	0.045672	0.012054	0.029940
370	na	4.146222	0.077386	0.012061	0.046537	0.071963	0.034337	0.083189	0.011160	0.055968	0.045650	0.064878	0.048046	0.054238	0.034505	0.041181	0.095573	0.079863	0.055799	0.045672	0.012054	0.029940
371	na	4.146222	0.077386	0.012061	0.046537	0.071963	0.034337	0.083189	0.011160	0.055968	0.045650	0.064878	0.048046	0.054238	0.034505	0.041181	0.095573	0.079863	0.055799	0.045672	0.012054	0.029940
372	na	4.146222	0.077386	0.012061	0.046537	0.071963	0.034337	0.083189	0.011160	0.055968	0.045650	0.064878	0.048046	0.054238	0.034505	0.041181	0.095573	0.079863	0.055799	0.045672	0.012054	0.029940
373	na	4.146222	0.077386	0.012061	0.046537	0.071963	0.034337	0.083189	0.011160	0.055968	0.045650	0.064878	0.048046	0.054238	0.034505	0.041181	0.095573	0.079863	0.055799	0.045672	0.012054	0.029940
374	na	4.146222	0.077386	0.012061	0.046537	0.071963	0.034337	0.083189	0.011160	0.055968	0.045650	0.064878	0.048046	0.054238	0.034505	0.041181	0.095573	0.079863	0.055799	0.045672	0.012054	0.029940
375	na	4.146222	0.077386	0.012061	0.046537	0.071963	0.034337	0.083189	0.011160	0.055968	0.045650	0.064878	0.048046	0.054238	0.034505	0.041181	0.095573	0.079863	0.055799	0.045672	0.012054	0.029940
376	na	4.146222	0.077386	0.012061	0.046537	0.071963	0.034337	0.083189	0.011160	0.055968	0.045650	0.064878	0.048046	0.054238	0.034505	0.041181	0.095573	0.079863	0.055799	0.045672	0.012054	0.029940
377	na	4.146222	0.077386	0.012061	0.046537	0.071963	0.034337	0.083189	0.011160	0.055968	0.045650	0.064878	0.048046	0.054238	0.034505	0.041181	0.095573	0.079863	0.055799	0.045672	0.012054	0.029940
378	na	4.146222	0.077386	0.012061	0.046537	0.071963	0.034337	0.083189	0.011160	0.055968	0.045650	0.064878	0.048046	0.054238	0.034505	0.041181	0.095573	0.079863	0.055799	0.045672	0.012054	0.029940
379	na	4.146222	0.077386	0.012061	0.046537	0.071963	0.034337	0.083189	0.011160	0.055968	0.045650	0.064878	0.048046	0.054238	0.034505	0.041181	0.095573	0.079863	0.055799	0.045672	0.012054	0.029940
380	na	4.146222	0.077386	0.012061	0.046537	0.071963	0.034337	0.083189	0.011160	0.055968	0.045650	0.064878	0.048046	0.054238	0.034505	0.041181	0.095573	0.079863	0.055799	0.045672	0.012054	0.029940
381	na	4.146222	0.077386	0.012061	0.046537	0.071963	0.034337	0.083189	0.011160	0.055968	0.045650	0.064878	0.048046	0.054238	0.034505	0.041181	0.095573	0.079863	0.055799	0.045672	0.012054	0.029940
382	na	4.146222	0.077386	0.012061	0.046537	0.071963	0.034337	0.083189	0.011160	0.055968	0.045650	0.064878	0.048046	0.054238	0.034505	0.041181	0.095573	0.079863	0.055799	0.045672	0.012054	0.029940
383	na	4.146222	0.077386	0.012061	0.046537	0.071963	0.034337	0.083189	0.011160	0.055968	0.045650	0.064878	0.048046	0.054238	0.034505	0.041181	0.095573	0.079863	0.055799	0.045672	0.012054	0.029940
384	na	4.146222	0.077386	0.012061	0.046537	0.071963	0.034337	0.083189	0.011160	0.055968	0.045650	0.064878	0.048046	0.054238	0.034505	0.041181	0.095573	0.079863	0.055799	0.045672	0.012054	0.029940
385	na	4.146222	0.077386	0.012061	0.046537	0.071963	0.034337	0.083189	0.011160	0.055968	0.045650	0.064878	0.048046	0.054238	0.034505	0.041181	0.095573	0.079863	0.055799	0.045672	0.012054	0.029940
386	na	4.146222	0.077386	0.012061	0.046537	0.071963	0.034337	0.083189	0.011160	0.055968	0.045650	0.064878	0.048046	0.054238	0.034505	0.041181	0.095573	0.079863	0.055799	0.045672	0.012054	0.029940
387	na	4.146222	0.077386	0.012061	0.046537	0.071963	0.034337	0.083189	0.011160	0.055968	0.045650	0.064878	0.048046	0.054238	0.034505	0.041181	0.095573	0.079863	0.055799	0.045672	0.012054	0.029940
388	na	4.146222	0.077386	0.012061	0.046537	0.071963	0.034337	0.083189	0.011160	0.055968	0.045650	0.064878	0.048046	0.054238	0.034505	0.041181	0.095573	0.079863	0.055799	0.045672	0.012054	0.029940
389	na	4.146222	0.077386	0.012061	0.046537	0.071963	0.034337	0.083189	0.011160	0.055968	0.045650	0.064878	0.048046	0.054238	0.034505	0.041181	0.095573	0.079863	0.055799	0.045672	0.012054	0.029940
390	na	4.146222	0.077386	0.012061	0.046537	0.071963	0.034337	0.083189	0.011160	0.055968	0.045650	0.064878	0.048046	0.054238	0.034505	0.041181	0.095573	0.079863	0.055799	0.045672	0.012054	0.029940
391	na	4.146222	0.077386	0.012061	0.046537	0.071963	0.034337	0.083189	0.011160	0.055968	0.045650	0.064878	0.048046	0.054238	0.034505	0.041181	0.095573	0.079863	0.055799	0.045672	0.012054	0.029940
392	na	4.146222	0.077386	0.012061	0.046537	0.071963	0.034337	0.083189	0.011160	0.055968	0.045650	0.064878	0.048046	0.054238	0.034505	0.041181	0.095573	0.079863	0.055799	0.045672	0.012054	0.029940
393	na	4.146222	0.077386	0.012061	0.046537	0.071963	0.034337	0.083189	0.011160	0.055968	0.045650	0.064878	0.048046	0.054238	0.034505	0.041181	0.095573	0.079863	0.055799	0.045672	0.012054	0.029940
394	na	4.146222	0.077386	0.012061	0.046537	0.071963	0.034337	0.083189	0.011160	0.055968	0.045650	0.064878	0.048046	0.054238	0.034505	0.041181	0.095573	0.079863	0.055799	0.045672	0.012054	0.029940
395	na	4.146222	0.077386	0.012061	0.046537	0.071963	0.034337	0.083189	0.011160	0.055968	0.045650	0.064878	0.048046	0.054238	0.034505	0.041181	0.095573	0.079863	0.055799	0.045672	0.012054	0.029940
396	na	4.146222	0.077386	0.012061	0.046537	0.071963	0.034337	0.083189	0.011160	0.055968	0.045650	0.064878	0.048046	0.054238	0.034505	0.041181	0.095573	0.079863	0.055799	0.045672	0.012054	0.029940
397	na	4.146222	0.077386	0.012061	0.046537	0.071963	0.034337	0.083189	0.011160	0.055968	0.045650	0.064878	0.048046	0.054238	0.034505	0.041181	0.095573	0.079863	0.055799	0.045672	0.012054	0.029940
398	na	4.146222	0.077386	0.012061	0.046537	0.071963	0.034337	0.083189	0.011160	0.055968	0.045650	0.064878	0.048046	0.054238	0.034505	0.041181	0.095573	0.079863	0.055799	0.045672	0.012054	0.029940
399	na	4.146222	0.077386	0.012061	0.046537	0.071963	0.034337	0.083189	0.011160	0.055968	0.045650	0.064878	0.048046	0.054238	0.034505	0.041181	0.095573	0.079863	0.055799	0.045672	0.012054	0.029940
400	na	4.146222	0.077386	0.012061	0.046537	0.071963	0.034337	0.083189	0.011160	0.055968	0.045650	0.064878	0.048046	0.054238	0.034505	0.041181	0.095573	0.079863	0.055799	0.045672	0.012054	0.029940
401	na	4.146222	0.077386	0.012061	0.046537	0.071963	0.034337	0.083189	0.011160	0.055968	0.045650	0.064878	0.048046	0.054238	0.034505	0.041181	0.095573	0.079863	0.055799	0.045672	0.012054	0.029940
402	na	4.146222	0.077386	0.012061	0.046537	0.071963	0.034337	0.083189	0.011160	0.055968	0.045650	0.064878	0.048046	0.054238	0.034505	0.041181	0.095573	0.079863	0.055799	0.045672	0.012054	0.029940
403	na	4.146222	0.077386	0.012061	0.046537	0.071963	0.034337	0.083189	0.011160	0.055968	0.045650	0.064878	0.048046	0.054238	0.034505	0.041181	0.095573	0.079863	0.055799	0.045672	0.012054	0.029940
404	na	4.146222	0.077386	0.012061	0.046537	0.071963	0.034337	0.083189	0.011160	0.055968	0.045650	0.064878	0.048046	0.054238	0.034505	0.041181	0.095573	0.079863	0.055799	0.045672	0.012054	0.029940
405	na	4.146222	0.077386	0.012061	0.046537	0.071963	0.034337	0.083189	0.011160	0.055968	0.045650	0.064878	0.048046	0.054238	0.034505	0.041181	0.095573	0.079863	0.055799	0.045672	0.012054	0.029940
406	na	4.146222	0.077386	0.012061	0.046537	0.071963	0.034337	0.083189	0.011160	0.055968	0.045650	0.064878	0.048046	0.054238	0.034505	0.041181	0.095573	0.079863	0.055799	0.045672	0.012054	0.029940
407	na	4.146222	0.077386	0.012061	0.046537	0.071963	0.034337	0.083189	0.011160	0.055968	0.045650	0.064878	0.048046	0.054238	0.034505	0.041181	0.095573	0.079863	0.055799	0.045672	0.012054	0.029940
408	na	4.146222	0.077386	0.012061	0.046537	0.071963	0.034337	0.083189	0.011160	0.055968	0.045650	0.064878	0.048046	0.054238	0.034505	0.041181	0.095573	0.079863	0.055799	0.045672	0.012054	0.029940
409	na	4.146222	0.077386	0.012061	0.046537	0.071963	0.034337	0.083189	0.011160	0.055968	0.045650	0.064878	0.048046	0.054238	0.034505	0.041181	0.095573	0.079863	0.055799	0.045672	0.012054	0.029940
410	na	4.146222	0.077386	0.012061	0.046537	0.071963	0.034337	0.083189	0.011160	0.055968	0.045650	0.064878	0.048046	0.054238	0.034505	0.041181	0.095573	0.079863	0.055799	0.045672	0.012054	0.029940
411	na	4.146222	0.077386	0.012061	0.046537	0.071963	0.034337	0.083189	0.011160	0.055968	0.045650	0.064878	0.048046	0.054238	0.034505	0.041181	0.095573	0.079863	0.055799	0.045672	0.012054	0.029940
412	na	4.146222	0.077386	0.012061	0.046537	0.071963	0.034337	0.083189	0.011160	0.055968	0.045650	0.064878	0.048046	0.054238	0.034505	0.041181	0.095573	0.079863	0.055799	0.045672	0.012054	0.029940
413	na	4.146222	0.077386	0.012061	0.046537	0.071963	0.034337	0.083189	0.011160	0.055968	0.045650	0.064878	0.048046	0.054238	0.034505	0.041181	0.095573	0.079863	0.055799	0.045672	0.012054	0.029940
414	na	4.146222	0.077386	0.012061	0.046537	0.071963	0.034337	0.083189	0.011160	0.055968	0.045650	0.064878	0.048046	0.054238	0.034505	0.041181	0.095573	0.079863	0.055799	0.045672	0.012054	0.029940
415	na	4.146222	0.077386	0.012061	0.046537	0.071963	0.034337	0.083189	0.011160	0.055968	0.045650	0.064878	0.048046	0.054238	0.034505	0.041181	0.095573	0.079863	0.055799	0.045672	0.012054	0.029940
416	na	4.146222	0.077386	0.012061	0.046537	0.071963	0.034337	0.083189	0.011160	0.055968	0.045650	0.064878	0.048046	0.054238	0.034505	0.041181	0.095573	0.079863	0.055799	0.045672	0.012054	0.029940
417	na	4.146222	0.077386	0.012061	0.046537	0.071963	0.034337	0.083189	0.011160	0.055968	0.045650	0.064878	0.048046	0.054238	0.034505	0.041181	0.095573	0.079863	0.055799	0.045672	0.012054	0.029940
418	na	4.146222	0.077386	0.012061	0.046537	0.071963	0.034337	0.083189	0.011160	0.055968	0.045650	0.064878	0.048046	0.054238	0.034505	0.041181	0.095573	0.079863	0.055799	0.045672	0.012054	0.029940
419	na	4.146222	0.077386	0.012061	0.046537	0.071963	0.034337	0.083189	0.011160	0.055968	0.045650	0.064878	0.048046	0.054238	0.034505	0.041181	0.095573	0.079863	0.055799	0.045672	0.012054	0.029940
420	na	4.146222	0.077386	0.012061	0.046537	0.071963	0.034337	0.083189	0.011160	0.055968	0.045650	0.064878	0.048046	0.054238	0.034505	0.041181	0.095573	0.079863	0.055799	0.045672	0.012054	0.029940
421	na	4.146222	0.077386	0.012061	0.046537	0.071963	0.034337	0.083189	0.011160	0.055968	0.045650	0.064878	0.048046	0.054238	0.034505	0.041181	0.095573	0.079863	0.055799	0.045672	0.012054	0.029940
422	na	4.146222	0.077386	0.012061	0.046537	0.071963	0.034337	0.083189	0.011160	0.055968	0.045650	0.064878	0.048046	0.054238	0.034505	0.041181	0.095573	0.079863	0.055799	0.045672	0.012054	0.029940
423	na	4.146222	0.077386	0.012061	0.046537	0.071963	0.034337	0.083189	0.011160	0.055968	0.045650	0.064878	0.048046	0.054238	0.034505	0.041181	0.095573	0.079863	0.055799	0.045672	0.012054	0.029940
424	na	4.146222	0.077386	0.012061	0.046537	0.071963	0.034337	0.083189	0.011160	0.055968	0.045650	0.064878	0.048046	0.054238	0.034505	0.041181	0.095573	0.079863	0.055799	0.045672	0.012054	0.029940
425	na	4.146222	0.077386	0.012061	0.046537	0.071963	0.034337	0.083189	0.011160	0.055968	0.045650	0.064878	0.048046	0.054238	0.034505	0.041181	0.095573	0.079863	0.055799	0.045672	0.012054	0.029940
426	na	4.146222	0.077386	0.012061	0.046537	0.071963	0.034337	0.083189	0.011160	0.055968	0.045650	0.064878	0.048046	0.054238	0.034505	0.041181	0.095573	0.079863	0.055799	0.045672	0.012054	0.029940
427	na	4.146222	0.077386	0.012061	0.046537	0.071963	0.034337	0.083189	0.011160	0.055968	0.045650	0.064878	0.048046	0.054238	0.034505	0.041181	0.095573	0.079863	0.055799	0.045672	0.012054	0.029940
428	na	4.146222	0.077386	0.012061	0.046537	0.071963	0.034337	0.083189	0.011160	0.055968	0.045650	0.064878	0.048046	0.054238	0.034505	0.041181	0.095573	0.079863	0.055799	0.045672	0.012054	0.029940
429	na	4.146222	0.077386	0.012061	0.046537	0.071963	0.034337	0.083189	0.011160	0.055968	0.045650	0.064878	0.048046	0.054238	0.034505	0.041181	0.095573	0.079863	0.055799	0.045672	0.012054	0.029940
430	na	4.146222	0.077386	0.012061	0.046537	0.071963	0.034337	0.083189	0.011160	0.055968	0.045650	0.064878	0.048046	0.054238	0.034505	0.041181	0.095573	0.079863	0.055799	0.045672	0.012054	0.029940
431	na	4.146222	0.077386	0.012061	0.046537	0.071963	0.034337	0.083189	0.011160	0.055968	0.045650	0.064878	0.048046	0.054238	0.034505	0.041181	0.095573	0.079863	0.055799	0.045672	0.012054	0.029940
432	na	4.146222	0.077386	0.012061	0.046537	0.071963	0.034337	0.083189	0.011160	0.055968	0.045650	0.064878	0.048046	0.054238	0.034505	0.041181	0.095573	0.079863	0.055799	0.045672	0.012054	0.029940
433	na	4.146222	0.077386	0.012061	0.046537	0.071963	0.034337	0.083189	0.011160	0.055968	0.045650	0.064878	0.048046	0.054238	0.034505	0.041181	0.095573	0.079863	0.055799	0.045672	0.012054	0.029940
434	na	4.146222	0.077386	0.012061	0.046537	0.071963	0.034337	0.083189	0.011160	0.055968	0.045650	0.064878	0.048046	0.054238	0.034505	0.041181	0.095573	0.079863	0.055799	0.045672	0.012054	0.029940
435	na	4.146222	0.077386	0.012061	0.046537	0.071963	0.034337	0.083189	0.011160	0.055968	0.045650	0.064878	0.048046	0.054238	0.034505	0.041181	0.095573	0.079863	0.055799	0.045672	0.012054	0.029940
436	na	4.146222	0.077386	0.012061	0.046537	0.071963	0.034337	0.083189	0.011160	0.055968	0.045650	0.064878	0.048046	0.054238	0.034505	0.041181	0.095573	0.079863	0.055799	0.045672	0.012054	0.029940
437	na	4.146222	0.077386	0.012061	0.046537	0.071963	0.034337	0.083189	0.011160	0.055968	0.045650	0.064878	0.048046	0.054238	0.034505	0.041181	0.095573	0.079863	0.055799	0.045672	0.012054	0.029940
438	na	4.146222	0.077386	0.012061	0.046537	0.071963	0.034337	0.083189	0.011160	0.055968	0.045650	0.064878	0.048046	0.054238	0.034505	0.041181	0.095573	0.079863	0.055799	0.045672	0.012054	0.029940
439	na	4.146222	0.077386	0.012061	0.046537	0.071963	0.034337	0.083189	0.011160	0.055968	0.045650	0.064878	0.048046	0.054238	0.034505	0.041181	0.095573	0.079863	0.055799	0.045672	0.012054	0.029940
440	na	4.146222	0.077386	0.012061	0.046537	0.071963	0.034337	0.083189	0.011160	0.055968	0.045650	0.064878	0.048046	0.054238	0.034505	0.041181	0.095573	0.079863	0.055799	0.045672	0.012054	0.029940
441	na	4.146222	0.077386	0.012061	0.046537	0.071963	0.034337	0.083189	0.011160	0.055968	0.045650	0.064878	0.048046	0.054238	0.034505	0.041181	0.095573	0.079863	0.055799	0.045672	0.012054	0.029940
442	na	4.146222	0.077386	0.012061	0.046537	0.071963	0.034337	0.083189	0.011160	0.055968	0.045650	0.064878	0.048046	0.054238	0.034505	0.041181	0.095573	0.079863	0.055799	0.045672	0.012054	0.029940
443	na	4.146222	0.077386	0.012061	0.046537	0.071963	0.034337	0.083189	0.011160	0.055968	0.045650	0.064878	0.048046	0.054238	0.034505	0.041181	0.095573	0.079863	0.055799	0.045672	0.012054	0.029940
444	na	4.146222	0.077386	0.012061	0.046537	0.071963	0.034337	0.083189	0.011160	0.055968	0.045650	0.064878	0.048046	0.054238	0.034505	0.041181	0.095573	0.079863	0.055799	0.045672	0.012054	0.029940
445	na	4.146222	0.077386	0.012061	0.046537	0.071963	0.034337	0.083189	0.011160	0.055968	0.045650	0.064878	0.048046	0.054238	0.034505	0.041181	0.095573	0.079863	0.055799	0.045672	0.012054	0.029940
446	na	4.146222	0.077386	0.012061	0.046537	0.071963	0.034337	0.083189	0.011160	0.055968	0.045650	0.064878	0.048046	0.054238	0.034505	0.041181	0.095573	0.079863	0.055799	0.045672	0.012054	0.029940
447	na	4.146222	0.077386	0.012061	0.046537	0.071963	0.034337	0.083189	0.011160	0.055968	0.045650	0.064878	0.048046	0.054238	0.034505	0.041181	0.095573	0.079863	0.055799	0.045672	0.012054	0.029940
448	na	4.146222	0.077386	0.012061	0.046537	0.071963	0.034337	0.083189	0.011160	0.055968	0.045650	0.064878	0.048046	0.054238	0.034505	0.041181	0.095573	0.079863	0.055799	0.045672	0.012054	0.029940
449	na	4.146222	0.077386	0.012061	0.046537	0.071963	0.034337	0.083189	0.011160	0.055968	0.045650	0.064878	0.048046	0.054238	0.034505	0.041181	0.095573	0.079863	0.055799	0.045672	0.012054	0.029940
450	na	4.146222	0.077386	0.012061	0.046537	0.071963	0.034337	0.083189	0.011160	0.055968	0.045650	0.064878	0.048046	0.054238	0.034505	0.041181	0.095573	0.079863	0.055799	0.045672	0.012054	0.029940
451	na	4.146222	0.077386	0.012061	0.046537	0.071963	0.034337	0.083189	0.011160	0.055968	0.045650	0.064878	0.048046	0.054238	0.034505	0.041181	0.095573	0.079863	0.055799	0.045672	0.012054	0.029940
452	na	4.146222	0.077386	0.012061	0.046537	0.071963	0.034337	0.083189	0.011160	0.055968	0.045650	0.064878	0.048046	0.054238	0.034505	0.041181	0.095573	0.079863	0.055799	0.045672	0.012054	0.029940
453	na	4.146222	0.077386	0.012061	0.046537	0.071963	0.034337	0.083189	0.011160	0.055968	0.045650	0.064878	0.048046	0.054238	0.034505	0.041181	0.095573	0.079863	0.055799	0.045672	0.012054	0.029940
454	na	4.146222	0.077386	0.012061	0.046537	0.071963	0.034337	0.083189	0.011160	0.055968	0.045650	0.064878	0.048046	0.054238	0.034505	0.041181	0.095573	0.079863	0.055799	0.045672	0.012054	0.029940
455	na	4.146222	0.077386	0.012061	0.046537	0.071963	0.034337	0.083189	0.011160	0.055968	0.045650	0.064878	0.048046	0.054238	0.034505	0.041181	0.095573	0.079863	0.055799	0.045672	0.012054	0.029940
456	na	4.146222	0.077386	0.012061	0.046537	0.071963	0.034337	0.083189	0.011160	0.055968	0.045650	0.064878	0.048046	0.054238	0.034505	0.041181	0.095573	0.079863	0.055799	0.045672	0.012054	0.029940
457	na	4.146222	0.077386	0.012061	0.046537	0.071963	0.034337	0.083189	0.011160	0.055968	0.045650	0.064878	0.048046	0.054238	0.034505	0.041181	0.095573	0.079863	0.055799	0.045672	0.012054	0.029940
458	na	4.146222	0.077386	0.012061	0.046537	0.071963	0.034337	0.083189	0.011160	0.055968	0.045650	0.064878	0.048046	0.054238	0.034505	0.041181	0.095573	0.079863	0.055799	0.045672	0.012054	0.029940
459	na	4.146222	0.077386	0.012061	0.046537	0.071963	0.034337	0.083189	0.011160	0.055968	0.045650	0.064878	0.048046	0.054238	0.034505	0.041181	0.095573	0.079863	0.055799	0.045672	0.012054	0.029940
460	na	4.146222	0.077386	0.012061	0.046537	0.071963	0.034337	0.083189	0.011160	0.055968	0.045650	0.064878	0.048046	0.054238	0.034505	0.041181	0.095573	0.079863	0.055799	0.045672	0.012054	0.029940
461	na	4.146222	0.077386	0.012061	0.046537	0.071963	0.034337	0.083189	0.011160	0.055968	0.045650	0.064878	0.048046	0.054238	0.034505	0.041181	0.095573	0.079863	0.055799	0.045672	0.012054	0.029940
462	na	4.146222	0.077386	0.012061	0.046537	0.071963	0.034337	0.083189	0.011160	0.055968	0.045650	0.064878	0.048046	0.054238	0.034505	0.041181	0.095573	0.079863	0.055799	0.045672	0.012054	0.029940
463	na	4.146222	0.077386	0.012061	0.046537	0.071963	0.034337	0.083189	0.011160	0.055968	0.045650	0.064878	0.048046	0.054238	0.034505	0.041181	0.095573	0.079863	0.055799	0.045672	0.012054	0.029940
464	na	4.146222	0.077386	0.012061	0.046537	0.071963	0.034337	0.083189	0.011160	0.055968	0.045650	0.064878	0.048046	0.054238	0.034505	0.041181	0.095573	0.079863	0.055799	0.045672	0.012054	0.029940
465	na	4.146222	0.077386	0.012061	0.046537	0.071963	0.034337	0.083189	0.011160	0.055968	0.045650	0.064878	0.048046	0.054238	0.034505	0.041181	0.095573	0.079863	0.055799	0.045672	0.012054	0.029940
466	na	4.146222	0.077386	0.012061	0.046537	0.071963	0.034337	0.083189	0.011160	0.055968	0.045650	0.064878	0.048046	0.054238	0.034505	0.041181	0.095573	0.079863	0.055799	0.045672	0.012054	0.029940
467	na	4.146222	0.077386	0.012061	0.046537	0.071963	0.034337	0.083189	0.011160	0.055968	0.045650	0.064878	0.048046	0.054238	0.034505	0.041181	0.095573	0.079863	0.055799	0.045672	0.012054	0.029940
468	na	4.146222	0.077386	0.012061	0.046537	0.071963	0.034337	0.083189	0.011160	0.055968	0.045650	0.064878	0.048046	0.054238	0.034505	0.041181	0.095573	0.079863	0.055799	0.045672	0.012054	0.029940
469	na	4.146222	0.077386	0.012061	0.046537	0.071963	0.034337	0.083189	0.011160	0.055968	0.045650	0.064878	0.048046	0.054238	0.034505	0.041181	0.095573	0.079863	0.055799	0.045672	0.012054	0.029940
470	na	4.146222	0.077386	0.012061	0.046537	0.071963	0.034337	0.083189	0.011160	0.055968	0.045650	0.064878	0.048046	0.054238	0.034505	0.041181	0.095573	0.079863	0.055799	0.045672	0.012054	0.029940
471	na	4.146222	0.077386	0.012061	0.046537	0.071963	0.034337	0.083189	0.011160	0.055968	0.045650	0.064878	0.048046	0.054238	0.034505	0.041181	0.095573	0.079863	0.055799	0.045672	0.012054	0.029940
472	na	4.146222	0.077386	0.012061	0.046537	0.071963	0.034337	0.083189	0.011160	0.055968	0.045650	0.064878	0.048046	0.054238	0.034505	0.041181	0.095573	0.079863	0.055799	0.045672	0.012054	0.029940
473	na	4.146222	0.077386	0.012061	0.046537	0.071963	0.034337	0.083189	0.011160	0.055968	0.045650	0.064878	0.048046	0.054238	0.034505	0.041181	0.095573	0.079863	0.055799	0.045672	0.012054	0.029940
474	na	4.146222	0.077386	0.012061	0.046537	0.071963	0.034337	0.083189	0.011160	0.055968	0.045650	0.064878	0.048046	0.054238	0.034505	0.041181	0.095573	0.079863	0.055799	0.045672	0.012054	0.029940
475	na	4.146222	0.077386	0.012061	0.046537	0.071963	0.034337	0.083189	0.011160	0.055968	0.045650	0.064878	0.048046	0.054238	0.034505	0.041181	0.095573	0.079863	0.055799	0.045672	0.012054	0.029940
476	na	4.146222	0.077386	0.012061	0.046537	0.071963	0.034337	0.083189	0.011160	0.055968	0.045650	0.064878	0.048046	0.054238	0.034505	0.041181	0.095573	0.079863	0.055799	0.045672	0.012054	0.029940
477	na	4.146222	0.077386	0.012061	0.046537	0.071963	0.034337	0.083189	0.011160	0.055968	0.045650	0.064878	0.048046	0.054238	0.034505	0.041181	0.095573	0.079863	0.055799	0.045672	0.012054	0.029940
478	na	4.146222	0.077386	0.012061	0.046537	0.071963	0.034337	0.083189	0.011160	0.055968	0.045650	0.064878	0.048046	0.054238	0.034505	0.041181	0.095573	0.079863	0.055799	0.045672	0.012054	0.029940
479	na	4.146222	0.077386	0.012061	0.046537	0.071963	0.034337	0.083189	0.011160	0.055968	0.045650	0.064878	0.048046	0.054238	0.034505	0.041181	0.095573	0.079863	0.055799	0.045672	0.012054	0.029940
480	na	4.146222	0.077386	0.012061	0.046537	0.071963	0.034337	0.083189	0.011160	0.055968	0.045650	0.064878	0.048046	0.054238	0.034505	0.041181	0.095573	0.079863	0.055799	0.045672	0.012054	0.029940
481	na	4.146222	0.077386	0.012061	0.046537	0.071963	0.034337	0.083189	0.011160	0.055968	0.045650	0.064878	0.048046	0.054238	0.034505	0.041181	0.095573	0.079863	0.055799	0.045672	0.012054	0.029940
482	na	4.146222	0.077386	0.012061	0.046537	0.071963	0.034337	0.083189	0.011160	0.055968	0.045650	0.064878	0.048046	0.054238	0.034505	0.041181	0.095573	0.079863	0.055799	0.045672	0.012054	0.029940
483	na	4.146222	0.077386	0.012061	0.046537	0.071963	0.034337	0.083189	0.011160	0.055968	0.045650	0.064878	0.048046	0.054238	0.034505	0.041181	0.095573	0.079863	0.055799	0.045672	0.012054	0.029940
484	na	4.146222	0.077386	0.012061	0.046537	0.071963	0.034337	0.083189	0.011160	0.055968	0.045650	0.064878	0.048046	0.054238	0.034505	0.041181	0.095573	0.079863	0.055799	0.045672	0.012054	0.029940
485	na	4.146222	0.077386	0.012061	0.046537	0.071963	0.034337	0.083189	0.011160	0.055968	0.045650	0.064878	0.048046	0.054238	0.034505	0.041181	0.095573	0.079863	0.055799	0.045672	0.012054	0.029940
486	na	4.146222	0.077386	0.012061	0.046537	0.071963	0.034337	0.083189	0.011160	0.055968	0.045650	0.064878	0.048046	0.054238	0.034505	0.041181	0.095573	0.079863	0.055799	0.045672	0.012054	0.029940
487	na	4.146222	0.077386	0.012061	0.046537	0.071963	0.034337	0.083189	0.011160	0.055968	0.045650	0.064878	0.048046	0.054238	0.034505	0.041181	0.095573	0.079863	0.055799	0.045672	0.012054	0.029940
488	na	4.146222	0.077386	0.012061	0.046537	0.071963	0.034337	0.083189	0.011160	0.055968	0.045650	0.064878	0.048046	0.054238	0.034505	0.041181	0.095573	0.079863	0.055799	0.045672	0.012054	0.029940
489	na	4.146222	0.077386	0.012061	0.046537	0.071963	0.034337	0.083189	0.011160	0.055968	0.045650	0.064878	0.048046	0.054238	0.034505	0.041181	0.095573	0.079863	0.055799	0.045672	0.012054	0.029940
490	na	4.146222	0.077386	0.012061	0.046537	0.071963	0.034337	0.083189	0.011160	0.055968	0.045650	0.064878	0.048046	0.054238	0.034505	0.041181	0.095573	0.079863	0.055799	0.045672	0.012054	0.029940
491	na	4.146222	0.077386	0.012061	0.046537	0.071963	0.034337	0.083189	0.011160	0.055968	0.045650	0.064878	0.048046	0.054238	0.034505	0.041181	0.095573	0.079863	0.055799	0.045672	0.012054	0.029940
492	na	4.146222	0.077386	0.012061	0.046537	0.071963	0.034337	0.083189	0.011160	0.055968	0.045650	0.064878	0.048046	0.054238	0.034505	0.041181	0.095573	0.079863	0.055799	0.045672	0.012054	0.029940
493	na	4.146222	0.077386	0.012061	0.046537	0.071963	0.034337	0.083189	0.011160	0.055968	0.045650	0.064878	0.048046	0.054238	0.034505	0.041181	0.095573	0.079863	0.055799	0.045672	0.012054	0.029940
494	na	4.146222	0.077386	0.012061	0.046537	0.071963	0.034337	0.083189	0.011160	0.055968	0.045650	0.064878	0.048046	0.054238	0.034505	0.041181	0.095573	0.079863	0.055799	0.045672	0.012054	0.029940
495	na	4.146222	0.077386	0.012061	0.046537	0.071963	0.034337	0.083189	0.011160	0.055968	0.045650	0.064878	0.048046	0.054238	0.034505	0.041181	0.095573	0.079863	0.055799	0.045672	0.012054	0.029940
496	na	4.146222	0.077386	0.012061	0.046537	0.071963	0.034337	0.083189	0.011160	0.055968	0.045650	0.064878	0.048046	0.054238	0.034505	0.041181	0.095573	0.079863	0.055799	0.045672	0.012054	0.029940
497	na	4.146222	0.077386	0.012061	0.046537	0.071963	0.034337	0.083189	0.011160	0.055968	0.045650	0.064878	0.048046	0.054238	0.034505	0.041181	0.095573	0.079863	0.055799	0.045672	0.012054	0.029940
498	na	4.146222	0.077386	0.012061	0.046537	0.071963	0.034337	0.083189	0.011160	0.055968	0.045650	0.064878	0.048046	0.054238	0.034505	0.041181	0.095573	0.079863	0.055799	0.045672	0.012054	0.029940
