#SITE	SITE_LOG_LIKELIHOOD
1	-7.36292
2	-3.9099
3	-4.21549
4	-5.2911
5	-4.15164
6	-4.55939
7	-3.84114
8	-4.58561
9	-3.96143
10	-3.95551
11	-3.16334
12	-3.63418
13	-3.70078
14	-4.2129
15	-4.56049
16	-3.2021
17	-3.50863
18	-3.39312
19	-5.17949
20	-4.82589
21	-4.61826
22	-3.68837
23	-2.66829
24	-4.56729
25	-17.5911
26	-12.3112
27	-15.0919
28	-3.50584
29	-4.60932
30	-4.12614
31	-8.80528
32	-4.21696
33	-5.39301
34	-5.36074
35	-11.9664
36	-5.09173
37	-4.32082
38	-11.2896
39	-4.88773
40	-2.72784
41	-4.71845
42	-9.58832
43	-10.4532
44	-8.72034
45	-3.4683
46	-5.00407
47	-54.3244
48	-5.40573
49	-3.31304
50	-4.38628
51	-3.83677
52	-2.4779
53	-13.9294
54	-4.8604
55	-4.38633
56	-4.01478
57	-3.59718
58	-13.2299
59	-23.6222
60	-24.0929
61	-11.6717
62	-3.55931
63	-5.04055
64	-3.93732
65	-5.70747
66	-3.51393
67	-4.01799
68	-16.4408
69	-7.68614
70	-5.36502
71	-4.44743
72	-19.4883
73	-4.07673
74	-9.29476
75	-14.2397
76	-15.2169
77	-3.38178
78	-7.5244
79	-11.3366
80	-4.31022
81	-6.18334
82	-49.0754
83	-5.82972
84	-4.31275
85	-3.51274
86	-5.64986
87	-3.33322
88	-17.7613
89	-6.04709
90	-10.5019
91	-6.44143
92	-3.90173
93	-6.29215
94	-4.24928
95	-2.44969
96	-4.26006
97	-5.12875
98	-4.29907
99	-4.0006
100	-3.48437
101	-4.47031
102	-5.67619
103	-23.4996
104	-8.49949
105	-5.43443
106	-5.12124
107	-4.58287
108	-4.59356
109	-8.88178e-16
110	-4.2723
111	-3.92673
112	-9.8783
113	-4.65781
114	-6.25718
115	-4.70973
116	-4.71698
117	-5.31666
118	-9.9498
119	-3.09804
120	-4.25346
121	-4.28973
122	-11.0128
123	-8.13114
124	-2.62101
125	-30.2037
126	-12.437
127	-3.89667
128	-14.787
129	-14.2
130	-3.10951
131	-3.97627
132	-9.1988
133	-10.9299
134	-2.73192
135	-4.34464
136	-7.86196
137	-9.39153
138	-17.68
139	-6.53377
140	-14.3597
141	-5.04971
142	-8.52466
143	-4.13843
144	-16.774
145	-4.81116
146	-9.09892
147	-4.11966
148	-4.91884
149	-29.6681
150	-24.2851
151	-4.20544
152	-10.8247
153	-3.84702
154	-4.88063
155	-6.00377
156	-20.1612
157	-11.4259
158	-8.91758
159	-46.3678
160	-5.73153
161	-9.90545
162	-3.93908
163	-3.77642
164	-7.5118
165	-5.3631
166	-4.22292
167	-4.38088
168	-5.14189
169	-5.36806
170	-43.0367
171	-5.20137
172	-3.84742
173	-3.68822
174	-4.7244
175	-19.1195
176	-12.0702
177	-7.0148
178	-3.98665
179	-8.64201
180	-5.64915
181	-9.31264
182	-5.46272
183	-9.59004
184	-4.06733
185	-27.8895
186	-4.46479
187	-3.46982
188	-10.3965
189	-4.71634
190	-6.07231
191	-5.72124
192	-5.36314
193	-4.63115
194	-5.17368
195	-4.65982
196	-19.4062
197	-3.99016
198	-9.8207
199	-3.98249
200	-4.7956
201	-5.89289
202	-5.44561
203	-3.71255
204	-4.03308
205	-9.60661
206	-4.19178
207	-4.24182
208	-2.74124
209	-13.3938
210	-12.7175
211	-3.63247
212	-7.77156e-16
213	-4.55948
214	-5.50212
215	-9.1049
216	-4.49896
217	-10.5682
218	-4.68258
219	-2.69093
220	-6.13241
221	-4.0241
222	-3.79399
223	-4.42797
224	-6.26971
225	-11.0851
226	-3.32783
227	-6.58649
228	-9.15991
229	-23.5503
230	-2.51137
231	-2.89025
232	-16.0525
233	-15.5028
234	-10.1976
235	-4.31657
236	-16.0495
237	-4.47759
238	-4.54042
239	-6.70547
240	-14.9149
241	-5.72825
242	-7.33258
243	-4.96471
244	-9.30856
245	-6.0944
246	-4.04849
247	-11.1858
248	-51.2381
249	-4.3064
250	-4.43521
251	-4.84938
252	-10.4155
253	-10.0812
254	-5.23193
255	-4.8137
256	-2.63187
257	-5.73323
258	-4.13324
259	-10.2809
260	-6.33919
261	-3.78989
262	-5.42025
263	-3.35277
264	-6.13082
265	-4.9885
266	-3.65581
267	-4.22055
268	-4.47896
269	-10.0653
270	-4.6379
271	-13.017
272	-8.02659
273	-4.66767
274	-7.09164
275	-10.9463
276	-4.73175
277	-6.04451
278	-8.93442
279	-10.0291
280	-11.3311
281	-4.52747
282	-7.84514
283	-10.7096
284	-4.10021
285	-4.88811
286	-3.91337
