#SITE	SITE_LOG_LIKELIHOOD
1	-14.0416
2	-10.7772
3	-103.054
4	-15.3309
5	-6.41811
6	-10.5903
7	-7.74522
8	-8.53981
9	-8.92364
10	-12.6847
11	-26.9082
12	-8.1798
13	-8.77948
14	-23.8181
15	-12.3536
16	-6.88848
17	-14.0125
18	-37.9164
19	-15.9363
20	-12.8896
21	-17.0954
22	-29.4269
23	-17.7559
24	-10.0372
25	-31.4299
26	-18.1409
27	-23.7452
28	-6.15765
29	-22.9532
30	-8.92416
31	-13.7625
32	-10.2667
33	-6.57414
34	-6.96773
35	-15.5562
36	-7.31594
37	-19.2749
38	-14.4417
39	-6.73017
40	-4.67905
41	-8.51225
42	-13.1945
43	-18.3751
44	-21.7293
45	-40.2958
46	-8.48912
47	-99.4429
48	-18.8947
49	-10.3538
50	-12.9163
51	-11.5181
52	-11.4514
53	-24.8836
54	-9.83862
55	-8.00422
56	-11.4929
57	-10.3106
58	-21.3739
59	-25.9731
60	-26.7195
61	-26.8254
62	-6.16269
63	-8.89017
64	-6.8337
65	-58.4354
66	-13.357
67	-12.7085
68	-18.6942
69	-22.0574
70	-8.24874
71	-5.57415
72	-75.1486
73	-10.7403
74	-11.6705
75	-17.1749
76	-17.174
77	-10.4507
78	-11.4463
79	-18.2768
80	-8.25562
81	-8.90235
82	-50.9576
83	-9.2913
84	-16.317
85	-7.45009
86	-9.98042
87	-12.8843
88	-22.5201
89	-8.26153
90	-27.5401
91	-12.3838
92	-11.2734
93	-11.2217
94	-6.68628
95	-2.92716
96	-6.58532
97	-8.11681
98	-8.1226
99	-6.7876
100	-10.2475
101	-9.69211
102	-7.19776
103	-26.8488
104	-11.554
105	-7.06582
106	-13.6183
107	-5.96055
108	-8.70008
109	-4.73528
110	-7.07022
111	-27.6046
112	-12.5963
113	-8.77604
114	-24.9348
115	-8.16958
116	-10.9351
117	-10.9516
118	-13.4877
119	-5.19349
120	-13.2645
121	-5.00805
122	-24.3588
123	-17.1994
124	-10.9403
125	-62.3109
126	-16.839
127	-14.2005
128	-18.5503
129	-69.7731
130	-13.776
131	-6.36621
132	-12.2491
133	-14.8235
134	-10.668
135	-12.0551
136	-17.73
137	-11.9405
138	-23.1886
139	-10.8624
140	-21.5349
141	-6.8951
142	-12.1189
143	-6.57543
144	-26.8121
145	-10.108
146	-13.5322
147	-8.60721
148	-12.4472
149	-46.1694
150	-36.6707
151	-7.98023
152	-14.6486
153	-27.2302
154	-13.8929
155	-10.4845
156	-59.0526
157	-14.5235
158	-12.0687
159	-91.3975
160	-9.52213
161	-20.158
162	-14.1572
163	-7.74917
164	-8.94868
165	-15.3463
166	-14.9028
167	-6.93767
168	-6.90106
169	-9.98573
170	-51.2108
171	-22.8965
172	-34.604
173	-6.51366
174	-11.8365
175	-16.8641
176	-18.5361
177	-13.6265
178	-6.57724
179	-13.1524
180	-15.5696
181	-13.9659
182	-7.13395
183	-17.9386
184	-5.66718
185	-36.3614
186	-8.18375
187	-7.39305
188	-16.1723
189	-14.8561
190	-10.4874
191	-7.21266
192	-9.69483
193	-10.7849
194	-15.6007
195	-7.34634
196	-74.2833
197	-18.7891
198	-14.3384
199	-29.0187
200	-9.10672
201	-7.45969
202	-8.47594
203	-7.65519
204	-10.0461
205	-20.5551
206	-7.54813
207	-6.53815
208	-11.8488
209	-15.9492
210	-15.2241
211	-7.87723
212	-15.6261
213	-8.86291
214	-10.957
215	-16.5051
216	-7.97885
217	-17.8083
218	-10.2078
219	-6.76787
220	-8.42471
221	-8.14116
222	-9.49627
223	-19.7998
224	-10.4554
225	-18.2442
226	-14.2415
227	-24.1756
228	-13.564
229	-30.4641
230	-5.43362
231	-33.6145
232	-33.1824
233	-20.2379
234	-15.9951
235	-14.0162
236	-18.5319
237	-10.1846
238	-16.7716
239	-8.60534
240	-15.6976
241	-8.64291
242	-27.183
243	-11.3202
244	-12.7906
245	-11.7982
246	-5.62395
247	-14.1009
248	-67.2658
249	-19.5507
250	-8.3905
251	-6.27858
252	-14.2764
253	-12.8562
254	-8.52406
255	-14.4701
256	-5.90963
257	-7.05445
258	-7.47471
259	-12.4467
260	-10.3023
261	-8.15172
262	-9.34366
263	-31.5759
264	-10.2116
265	-19.309
266	-8.15173
267	-11.7879
268	-7.61734
269	-73.7119
270	-7.91686
271	-21.1277
272	-9.86623
273	-10.4501
274	-9.49738
275	-12.8566
276	-6.92269
277	-8.37559
278	-18.0656
279	-13.8703
280	-17.592
281	-9.29634
282	-14.6712
283	-20.6108
284	-7.00443
285	-6.28052
286	-8.72024
