#SITE	SITE_LOG_LIKELIHOOD
1	-1.93874
2	-16.4993
3	-16.3638
4	-25.25
5	-4.40459
6	-36.3975
7	-13.0715
8	-5.18652
9	-5.01672
10	-4.3596
11	-3.99516
12	-5.08666
13	-4.29658
14	-9.60009
15	-5.12586
16	-11.7888
17	-4.2339
18	-3.9308
19	-36.4913
20	-4.08216
21	-4.08753
22	-4.53811
23	-3.77505
24	-5.04514
25	-4.73873
26	-10.1125
27	-3.80135
28	-12.2667
29	-5.05371
30	-4.32264
31	-3.64945
32	-4.57839
33	-23.2607
34	-4.26367
35	-2.43273
36	-10.4447
37	-24.8495
38	-11.5813
39	-4.98643
40	-12.6127
41	-18.7838
42	-20.0443
43	-2.5905
44	-2.8561
45	-4.29185
46	-16.6155
47	-4.04967
48	-3.34441
49	-4.27422
50	-5.05548
51	-4.3844
52	-3.48594
53	-4.9211
54	-4.72006
55	-4.21142
56	-4.55739
57	-4.69391
58	-4.42411
59	-3.35017
60	-5.24605
61	-4.86496
62	-9.93115
63	-4.16123
64	-1.65171
65	-2.53373
66	-3.76395
67	-58.2843
68	-2.04776
69	-2.43799
70	-3.3938
71	-1.65774
72	-3.518
73	-4.31983
74	-3.21319
75	-3.31516
76	-10.6174
77	-4.85292
78	-12.1145
79	-2.55858
80	-4.8336
81	-4.32089
82	-10.368
83	-2.81734
84	-5.15202
85	-4.60154
86	-4.73333
87	-14.4701
88	-4.69022
89	-3.78379
90	-5.02955
91	-3.87042
92	-4.90716
93	-3.2977
94	-5.14739
95	-2.84399
96	-4.84238
97	-14.8778
98	-11.97
99	-4.45651
100	-9.76403
101	-4.50858
102	-60.761
103	-3.20119
104	-2.88275
105	-3.50966
106	-4.56022
107	-3.52036
108	-4.63062
109	-5.00176
110	-4.07355
111	-4.51065
112	-5.29597
113	-4.71889
114	-2.92283
115	-3.26394
116	-3.89316
117	-3.43475
118	-4.97419
119	-3.74545
120	-2.72682
121	-2.40419
122	-5.04505
123	-3.29362
124	-3.82981
125	-9.79692
126	-4.41115
127	-4.5146
128	-23.6485
129	-0.847125
130	-2.03526
131	-3.63695
132	-24.1011
133	-3.65203
134	-9.02994
135	-9.42733
136	-12.5242
137	-3.71971
138	-5.04265
139	-4.81921
140	-3.60737
141	-3.39864
142	-2.76862
143	-8.01851
144	-13.6618
145	-5.01312
146	-9.18265
147	-4.37187
148	-5.22071
149	-3.91065
150	-4.00634
151	-5.00243
152	-5.08617
153	-4.69125
154	-13.4753
155	-1.35828
156	-5.05755
157	-10.6362
158	-37.5177
159	-4.17631
160	-4.12516
161	-11.4317
162	-94.0156
163	-17.2045
164	-11.3524
165	-4.28928
166	-9.69381
167	-3.98265
168	-9.12967
169	-9.63009
170	-4.85061
171	-5.06571
172	-5.03791
173	-10.8063
174	-2.90399
175	-5.09147
176	-15.7506
177	-12.4975
178	-3.05755
179	-2.5917
180	-42.1751
181	-2.7923
182	-29.6678
183	-11.2666
184	-8.66743
185	-9.01071
186	-17.4117
187	-4.02459
188	-3.93504
189	-5.03623
190	-9.99883
191	-3.54002
192	-3.73066
193	-5.04786
194	-22.194
195	-4.51006
196	-5.22416
197	-3.27227
198	-4.56011
199	-5.15684
200	-5.14727
201	-3.83007
202	-4.47759
203	-13.3079
204	-9.27115
205	-2.74168
206	-4.7941
207	-5.10867
208	-1.89021
209	-1.89691
210	-4.64876
211	-5.03366
212	-2.82517
213	-4.60476
214	-9.08726
215	-3.3346
216	-10.2441
217	-4.78537
218	-14.956
219	-15.3938
220	-2.72888
221	-4.83768
222	-12.1139
223	-3.87897
224	-3.46013
225	-9.91544
226	-4.59836
227	-1.29311
228	-3.62748
229	-2.86131
230	-3.25786
231	-2.38058
232	-1.44123
233	-10.0575
234	-2.78495
235	-16.1583
236	-52.0851
237	-45.888
238	-4.97052
239	-32.2095
240	-3.43336
241	-33.5758
242	-2.8537
243	-3.30722
244	-3.29185
245	-3.23008
246	-4.4847
247	-3.6217
248	-1.99904
249	-4.14494
250	-5.01937
251	-4.80113
252	-4.87724
253	-4.70082
254	-4.96088
255	-3.09812
256	-3.23531
257	-3.33351
258	-3.45126
259	-8.67067
260	-2.90036
261	-22.0091
262	-4.40638
263	-3.82736
264	-22.1859
265	-10.6152
266	-4.95044
267	-4.84923
268	-4.2271
269	-5.01694
270	-4.70128
271	-58.385
272	-15.2436
273	-4.92135
274	-4.78766
275	-11.7987
276	-28.8752
277	-4.7495
278	-7.49475
279	-3.56046
280	-9.14695
281	-9.37645
282	-8.52378
283	-8.02568
284	-8.88039
285	-19.8569
286	-1.66912
