#SITE	SITE_LOG_LIKELIHOODS
1	-3.800602833847436
2	-12.38804850910226
3	-29.07321021378058
4	-45.79036580467726
5	-23.92729724259645
6	-62.09599308009369
7	-14.25771844043964
8	-9.03131867587493
9	-10.64795073791155
10	-7.923435773445462
11	-6.73611076739448
12	-8.918357281030916
13	-7.65387522152878
14	-14.45993487281087
15	-7.007388935860249
16	-32.34170168871047
17	-7.65387522152878
18	-12.04958420120795
19	-42.08095341004464
20	-19.60432128019027
21	-8.466876363113387
22	-10.18962133599093
23	-14.83193408700119
24	-9.510223573952052
25	-6.637674946028636
26	-14.17049753044393
27	-9.299335558030139
28	-14.76405546287607
29	-9.932522624191215
30	-8.346890806235944
31	-8.465988691505556
32	-5.962057837774368
33	-79.14829957589454
34	-9.423016043034339
35	-5.37873646349495
36	-14.15163803663661
37	-37.50752268119759
38	-24.65162324077849
39	-11.65301720087015
40	-17.98110564655671
41	-45.78722913618578
42	-21.04035250282463
43	-6.418727881799143
44	-11.20676443228452
45	-13.84364928603286
46	-16.64943665365456
47	-6.451571125895214
48	-5.155826003537443
49	-7.671705245084582
50	-8.674595664523949
51	-6.8050117094286
52	-6.418727881799143
53	-8.492025750132658
54	-19.84623777494044
55	-6.508483477578364
56	-9.493410836473483
57	-9.190306977371474
58	-17.60817379726604
59	-5.656863455711801
60	-8.528456787499577
61	-6.944172009525992
62	-11.68170639622692
63	-6.580809350742841
64	-4.611124977872279
65	-7.692545923066421
66	-5.098621390550757
67	-66.64657622162132
68	-6.8050117094286
69	-13.88544467138876
70	-4.611124977872279
71	-5.962057837774368
72	-8.466876363113387
73	-14.3479726595318
74	-9.828479435289529
75	-7.263488784836023
76	-12.48930196330935
77	-7.64939824454652
78	-16.42879380453967
79	-7.315290159314917
80	-14.91396753213907
81	-8.510299793221405
82	-14.85473391739506
83	-6.275894993795498
84	-5.301351719561716
85	-14.86265603869611
86	-10.08195427979174
87	-15.37871067683976
88	-6.717024044802819
89	-7.671705245084582
90	-9.424555256415561
91	-7.861552789995039
92	-8.586396466034495
93	-8.470214984643924
94	-6.736826359869812
95	-6.437979280980533
96	-18.79123989137373
97	-16.50118563901061
98	-18.01586185114243
99	-6.275894993795498
100	-15.02585987059798
101	-8.790244880015628
102	-81.27217823566636
103	-6.087837095433431
104	-9.006223272302968
105	-6.637674946028636
106	-7.968743994662782
107	-10.48004292182415
108	-5.37873646349495
109	-6.820883981855831
110	-48.94177271064214
111	-5.742192810395846
112	-7.893134170413488
113	-6.177613896702788
114	-11.36997277387272
115	-5.098621390550757
116	-8.392094620426075
117	-14.55333107942376
118	-16.98371558505743
119	-10.42992527670158
120	-9.76315207510846
121	-44.98193995661089
122	-9.190306977371474
123	-6.826302506625566
124	-5.301351719561716
125	-14.11585755541021
126	-6.798101945977427
127	-13.62241145447905
128	-23.83149514089708
129	-5.155826003537443
130	-6.682740051732494
131	-9.112420624777741
132	-28.81095963167127
133	-5.301351719561716
134	-14.67564312972358
135	-18.97349423743976
136	-33.16800309303455
137	-4.606561008392855
138	-9.25500828011605
139	-14.07989916077321
140	-18.51506342717558
141	-7.528432593588831
142	-7.528432593588831
143	-13.27640119761005
144	-25.48664295259108
145	-9.082782845166438
146	-15.95646878495768
147	-7.650248285879154
148	-6.826302506625566
149	-14.01318890958119
150	-8.280314252113229
151	-7.675618223364475
152	-17.96292562348286
153	-7.602777167029633
154	-32.38170429334346
155	-6.177613896702788
156	-15.94021505361575
157	-16.3033269681768
158	-40.68390733707177
159	-5.656863455711801
160	-5.742192810395846
161	-16.21812674654065
162	-127.2013676676174
163	-22.57164002124684
164	-12.56480481038823
165	-9.149315962513473
166	-12.15645009956013
167	-4.606561008392855
168	-14.06887474018269
169	-10.16883508132226
170	-6.894632134365009
171	-9.270844021660496
172	-7.692545923066421
173	-15.54548149251699
174	-6.538170233416233
175	-8.554293763414877
176	-15.56065842509132
177	-15.71694260829509
178	-6.798101945977427
179	-8.229162581522164
180	-52.85384198525174
181	-20.36623027926925
182	-30.73422673059895
183	-17.30113880263289
184	-11.70913378882511
185	-19.46012804810893
186	-24.34135778191187
187	-7.56580878589627
188	-6.969401634018165
189	-5.656863455711801
190	-14.58407098351296
191	-7.33542958991139
192	-7.315290159314917
193	-7.623798473456651
194	-30.68812793911911
195	-7.867527597711967
196	-12.07097295570257
197	-6.508483477578364
198	-9.112420624777741
199	-10.68730117808348
200	-11.30484014447113
201	-8.472161874270681
202	-9.249210631456075
203	-16.77373983249467
204	-22.19597791139135
205	-7.315290159314917
206	-8.735758120375436
207	-9.506793692248237
208	-4.632389861606892
209	-5.098621390550757
210	-9.831665156577495
211	-18.20389045836699
212	-5.155826003537443
213	-25.81179866456326
214	-14.68443397740852
215	-6.994450514221512
216	-11.96827275671707
217	-6.637674946028636
218	-20.11267621811912
219	-20.30169215212533
220	-10.70913706572084
221	-8.469294164361733
222	-16.27714469867677
223	-6.508483477578364
224	-5.629209170636221
225	-12.15305389128015
226	-5.79587396978375
227	-4.632389861606892
228	-4.611124977872279
229	-6.73611076739448
230	-6.826302506625566
231	-5.155826003537443
232	-17.37623837752725
233	-16.73909222609577
234	-6.442209135120629
235	-19.67898673565515
236	-66.87306623565998
237	-94.77458016234033
238	-14.09194084806499
239	-35.34839159002926
240	-19.5612880698864
241	-38.87277546903501
242	-21.05326432593929
243	-6.719257591299967
244	-8.369601859205977
245	-6.974519928483134
246	-8.766954209044066
247	-6.474946836690404
248	-7.518639041736428
249	-6.637674946028636
250	-15.6045962638903
251	-8.909108941955415
252	-6.820883981855831
253	-10.31261670671513
254	-10.85241629635199
255	-25.5209228637671
256	-23.81838556764023
257	-13.21742638629807
258	-8.790244880015628
259	-18.79076152392502
260	-7.324941539920911
261	-29.18060241633988
262	-10.73093836688389
263	-9.290794551407984
264	-66.90866974059716
265	-28.78646713690923
266	-7.573013172242247
267	-9.112420624777741
268	-5.098621390550757
269	-8.504808338673445
270	-6.007874728522775
271	-72.99006525877991
272	-25.68585701837614
273	-10.36610191836266
274	-15.11934855070164
275	-13.69215041442059
276	-27.78385521027284
277	-8.8794961138203
278	-24.04085162453453
279	-6.415432247081051
280	-17.02987811283777
281	-16.11900049831269
282	-18.29398640414281
283	-10.46892193810641
284	-17.02741804384194
285	-25.45285857433468
286	-4.627966494054582
