#SITE	SITE_LOG_LIKELIHOODS
1	-0.01429639807411417
2	-0.01429639807411417
3	-12.05176176899996
4	-23.21435738931589
5	-25.60279327925014
6	-21.50249821247529
7	-4.002009107199966
8	-3.962530570782453
9	-5.864317269954051
10	-5.006443397104086
11	-3.960915155816732
12	-4.865868872711515
13	-3.962530570782453
14	-5.952134333979067
15	-3.8260983090016
16	-20.40886401342289
17	-3.962530570782453
18	-4.027351704482953
19	-3.962530570782453
20	-11.2733133060225
21	-5.031888377437409
22	-3.885442681637797
23	-12.66309528758055
24	-4.13413836666268
25	-4.027351704482953
26	-3.925863909726082
27	-4.027351704482953
28	-4.912622890909192
29	-3.779655568958717
30	-5.166474017640224
31	-5.006443397104086
32	-5.330824507365844
33	-58.07671326236562
34	-4.13413836666268
35	-5.033623195518532
36	-4.13413836666268
37	-10.93831641650823
38	-10.85195794816999
39	-4.933104723525754
40	-3.864277680334852
41	-27.35170645148967
42	-5.031888377437409
43	-3.864277680334852
44	-3.948164061408704
45	-12.34695599962003
46	-5.033623195518532
47	-3.948164061408704
48	-4.823097290661046
49	-3.962530570782453
50	-3.8260983090016
51	-4.13413836666268
52	-3.864277680334852
53	-4.002009107199966
54	-16.74696646598672
55	-3.962530570782453
56	-4.144826047048912
57	-3.8260983090016
58	-11.80360675555592
59	-4.002009107199966
60	-3.8260983090016
61	-4.823097290661046
62	-5.033623195518532
63	-4.002009107199966
64	-5.672580109062167
65	-3.960286164953476
66	-3.948164061408704
67	-11.23298628430826
68	-4.13413836666268
69	-10.91953663825711
70	-5.672580109062167
71	-5.330824507365844
72	-5.031888377437409
73	-10.45559937885116
74	-3.826508374760304
75	-4.892169160809089
76	-3.864277680334852
77	-5.124449018518283
78	-3.76223921607918
79	-3.962530570782453
80	-9.908183517912683
81	-4.109306448929695
82	-3.76223921607918
83	-4.823097290661046
84	-3.8260983090016
85	-11.66246571995018
86	-3.731125728801028
87	-5.033623195518532
88	-3.925863909726082
89	-3.962530570782453
90	-3.779655568958717
91	-5.285252260046246
92	-4.138969079035236
93	-3.960915155816732
94	-3.885442681637797
95	-5.805810663058188
96	-11.93309848831416
97	-3.925863909726082
98	-3.925863909726082
99	-4.823097290661046
100	-3.962530570782453
101	-3.76223921607918
102	-10.24945482177304
103	-4.834567782380101
104	-4.933104723525754
105	-4.027351704482953
106	-3.700066497110695
107	-4.13413836666268
108	-5.033623195518532
109	-5.330824507365844
110	-49.38061687911453
111	-4.912622890909192
112	-3.8260983090016
113	-3.731125728801028
114	-9.764867573988203
115	-3.948164061408704
116	-4.212424571714948
117	-10.36253766892898
118	-9.801215766205496
119	-9.431647075836757
120	-3.826508374760304
121	-48.55683740400477
122	-3.8260983090016
123	-3.8260983090016
124	-3.8260983090016
125	-5.006443397104086
126	-4.144826047048912
127	-11.43500640903419
128	-4.13413836666268
129	-4.823097290661046
130	-4.083333523560809
131	-4.13413836666268
132	-3.8260983090016
133	-3.8260983090016
134	-5.112511900261242
135	-9.289290643679594
136	-23.4786094221334
137	-3.962530570782453
138	-3.8260983090016
139	-10.07329121372611
140	-12.41148187300553
141	-3.864277680334852
142	-3.864277680334852
143	-3.960286164953476
144	-13.29832542660893
145	-5.155251338551229
146	-4.955229809462048
147	-5.164335154823516
148	-3.8260983090016
149	-14.34225700398288
150	-4.955229809462048
151	-4.002009107199966
152	-12.56744302906453
153	-3.960915155816732
154	-16.82112064821469
155	-3.731125728801028
156	-10.32752208007246
157	-3.700066497110695
158	-4.144826047048912
159	-4.002009107199966
160	-4.912622890909192
161	-3.731125728801028
162	-4.002009107199966
163	-4.921168866308348
164	-5.033623195518532
165	-4.212424571714948
166	-5.033623195518532
167	-3.962530570782453
168	-5.112511900261242
169	-3.779655568958717
170	-3.889944092135396
171	-4.912622890909192
172	-3.960286164953476
173	-3.864277680334852
174	-3.731125728801028
175	-3.8260983090016
176	-4.002009107199966
177	-3.731125728801028
178	-4.144826047048912
179	-5.164335154823516
180	-4.144826047048912
181	-16.62374418179067
182	-3.8260983090016
183	-4.13413836666268
184	-3.948164061408704
185	-11.06163504702189
186	-3.889944092135396
187	-4.144826047048912
188	-3.962530570782453
189	-4.002009107199966
190	-4.138969079035236
191	-3.962530570782453
192	-3.962530570782453
193	-4.144826047048912
194	-4.13413836666268
195	-3.925863909726082
196	-5.054752331398487
197	-3.962530570782453
198	-4.13413836666268
199	-3.8260983090016
200	-5.054752331398487
201	-4.933104723525754
202	-5.166474017640224
203	-4.109306448929695
204	-13.00983264882466
205	-3.962530570782453
206	-3.962530570782453
207	-3.925863909726082
208	-4.921168866308348
209	-3.948164061408704
210	-3.76223921607918
211	-12.69874922710564
212	-4.823097290661046
213	-19.36529755079251
214	-3.700066497110695
215	-3.8260983090016
216	-5.155251338551229
217	-4.027351704482953
218	-4.955229809462048
219	-3.960915155816732
220	-10.11653644321903
221	-4.865868872711515
222	-3.76223921607918
223	-3.962530570782453
224	-4.027351704482953
225	-3.889944092135396
226	-3.864277680334852
227	-4.921168866308348
228	-5.672580109062167
229	-3.960915155816732
230	-3.8260983090016
231	-4.823097290661046
232	-10.16726364308447
233	-4.144826047048912
234	-5.155251338551229
235	-4.903817333692119
236	-17.12723930369784
237	-44.97197356324245
238	-10.30129502634751
239	-4.935155046953047
240	-12.00990964161036
241	-4.002009107199966
242	-17.6187941095228
243	-5.006443397104086
244	-3.700066497110695
245	-3.8260983090016
246	-3.962530570782453
247	-4.912622890909192
248	-3.864277680334852
249	-4.027351704482953
250	-13.59093460350478
251	-4.083333523560809
252	-5.330824507365844
253	-5.124449018518283
254	-3.779655568958717
255	-24.2787838876734
256	-21.68628964016368
257	-9.009201595556357
258	-3.76223921607918
259	-12.95013394001815
260	-5.805810663058188
261	-3.962530570782453
262	-4.109306448929695
263	-4.823097290661046
264	-45.46524039371795
265	-18.34027202162734
266	-3.889944092135396
267	-4.13413836666268
268	-3.948164061408704
269	-3.8260983090016
270	-3.779655568958717
271	-19.12232282884411
272	-12.17655022320744
273	-3.925863909726082
274	-13.57338858423287
275	-3.960915155816732
276	-3.8260983090016
277	-3.929079184137198
278	-16.35338166762891
279	-3.864277680334852
280	-9.976729835370513
281	-3.889944092135396
282	-9.929614730439928
283	-3.960915154678113
284	-9.874890772674279
285	-3.876622972792965
286	-4.916972357292281
