#SITE	SITE_LOG_LIKELIHOODS
1	-3.857505278101172
2	-12.0909021525285
3	-16.74629088850308
4	-25.66957321951335
5	-4.706698743500612
6	-38.82702401011829
7	-13.8322974913449
8	-5.473406717599585
9	-3.983010353247867
10	-3.892357698351355
11	-4.566362195704055
12	-4.879945278401228
13	-3.778881499499283
14	-9.933790799116725
15	-4.839007325307382
16	-11.40803806968116
17	-3.778881499499283
18	-5.199218359875172
19	-31.3973182809017
20	-5.342171289724932
21	-4.448885750277857
22	-3.778881499499283
23	-4.029133243049207
24	-4.992223774460733
25	-4.193614897548207
26	-10.35078983941573
27	-4.155725749096102
28	-13.15676025085453
29	-5.410768520176019
30	-4.331887761863011
31	-4.686682072201652
32	-4.331887761863011
33	-15.88634873433421
34	-4.029133243049207
35	-3.760368797673458
36	-10.49256618158087
37	-20.32666426093015
38	-15.21877484602712
39	-3.869511959021267
40	-14.00626626592202
41	-17.47972135013177
42	-18.39862462911306
43	-3.869511959021267
44	-4.847518447011052
45	-4.127650306901307
46	-16.59336730081455
47	-3.904714238008969
48	-3.682436988821855
49	-5.335390330307401
50	-4.487601610906578
51	-5.473328043005773
52	-3.869511959021267
53	-4.348268085667992
54	-4.127650306901307
55	-3.892357698351355
56	-3.888536036819393
57	-4.534968317741519
58	-3.778881499499283
59	-4.125206561900795
60	-4.879945278401228
61	-3.760368797673458
62	-10.35078983941573
63	-4.176093811741277
64	-3.778881499499283
65	-4.193614897548207
66	-3.857505278101172
67	-51.70350742439513
68	-5.473328043005773
69	-4.482727466901097
70	-3.778881499499283
71	-4.331887761863011
72	-4.448885750277857
73	-3.904714238008969
74	-4.53935183299834
75	-5.926008439874623
76	-12.70522755172546
77	-4.839007325307382
78	-14.39368016079966
79	-4.514080562975021
80	-4.9318214213077
81	-4.176093811741277
82	-11.50378625886595
83	-4.502129961723676
84	-3.983010353247867
85	-4.540807189449211
86	-4.482281953545166
87	-15.18394521384052
88	-4.482281953545166
89	-5.335390330307401
90	-3.869511959021267
91	-4.125206561900795
92	-4.125206561900795
93	-4.68090375520414
94	-4.992223774460733
95	-6.053674362404537
96	-5.003920465742614
97	-13.04063657819401
98	-13.22988662479632
99	-4.502129961723676
100	-14.30237533619841
101	-4.448885750277857
102	-53.4376322414376
103	-4.847518447011052
104	-5.453446056378749
105	-4.193614897548207
106	-5.473406717599585
107	-4.86046990281879
108	-3.760368797673458
109	-4.348268085667992
110	-4.706698743500612
111	-3.892357698351355
112	-4.155725749096102
113	-3.682436988821855
114	-4.934764027958032
115	-3.857505278101172
116	-4.86046990281879
117	-4.686682072201652
118	-5.437319417906553
119	-3.760368797673458
120	-4.514080562975021
121	-5.199218359875172
122	-4.534968317741519
123	-4.029133243049207
124	-3.983010353247867
125	-11.39280478425065
126	-4.84013466985695
127	-3.857505278101172
128	-20.33929692364015
129	-3.682436988821855
130	-4.487601610906578
131	-4.482727466901097
132	-29.12690423171242
133	-3.983010353247867
134	-12.41082482104779
135	-10.91312930726325
136	-9.509858462647223
137	-3.904714238008969
138	-4.86046990281879
139	-4.155725749096102
140	-4.127650306901307
141	-4.564259351411007
142	-4.564259351411007
143	-11.63041206884884
144	-12.50623269656654
145	-3.888536036819393
146	-13.99339080786626
147	-4.84013466985695
148	-4.029133243049207
149	-3.778881499499283
150	-4.71660693775958
151	-4.992223774460733
152	-4.487601610906578
153	-3.857505278101172
154	-14.42689758560897
155	-3.682436988821855
156	-4.706698743500612
157	-15.04599266481143
158	-36.80646300181093
159	-4.125206561900795
160	-3.892357698351355
161	-13.84620516762713
162	-100.4196714684375
163	-20.90061482551133
164	-11.39407500483809
165	-4.884610902031762
166	-10.30163705846128
167	-3.904714238008969
168	-13.19694441789531
169	-9.765877142041704
170	-3.983010353247867
171	-4.68090375520414
172	-4.193614897548207
173	-12.68003550379292
174	-4.502129961723676
175	-3.888536036819393
176	-13.42093222827579
177	-14.34878166236963
178	-4.84013466985695
179	-4.155725749096102
180	-43.20465964724773
181	-5.342171289724932
182	-23.24420855103438
183	-11.71398789818294
184	-11.79360163274069
185	-12.3819666405541
186	-25.8516843580662
187	-4.155725749096102
188	-4.71660693775958
189	-4.125206561900795
190	-12.27042881991318
191	-4.53935183299834
192	-4.514080562975021
193	-4.482727466901097
194	-26.66972479946416
195	-3.760368797673458
196	-4.53935183299834
197	-3.892357698351355
198	-4.482727466901097
199	-4.53935183299834
200	-4.029133243049207
201	-4.9318214213077
202	-6.046662178217628
203	-12.06861218587132
204	-10.51268473767847
205	-4.514080562975021
206	-4.68090375520414
207	-4.502129961723676
208	-4.440647554455312
209	-3.857505278101172
210	-3.868700478208836
211	-4.839007325307382
212	-3.682436988821855
213	-4.331887761863011
214	-13.55477932753591
215	-3.984694849015274
216	-11.40134082492094
217	-4.193614897548207
218	-15.75078921293359
219	-16.46734219472183
220	-4.125206561900795
221	-6.015277804985912
222	-12.74969904244191
223	-3.892357698351355
224	-4.884610902031762
225	-10.25542424633238
226	-4.934764027958032
227	-4.440647554455312
228	-3.778881499499283
229	-4.566362195704055
230	-4.029133243049207
231	-3.682436988821855
232	-4.331887761863011
233	-13.44556753015081
234	-4.564259351411007
235	-16.94468947066664
236	-42.30116862376244
237	-44.45911053620794
238	-4.176093811741277
239	-26.88733751604739
240	-5.003920465742614
241	-34.87305182255128
242	-3.869511959021267
243	-4.127650306901307
244	-4.566362195704055
245	-3.978402057412879
246	-3.984694849015274
247	-3.904714238008969
248	-4.540807189449211
249	-4.193614897548207
250	-3.682436988821855
251	-3.869511959021267
252	-4.348268085667992
253	-4.879945278401228
254	-4.9318214213077
255	-4.176093811741277
256	-4.127650306901307
257	-4.686682072201652
258	-4.448885750277857
259	-11.25051392398638
260	-4.847518447011052
261	-22.16919478695518
262	-4.155725749096102
263	-4.540807189449211
264	-22.44185785220951
265	-11.56580195401582
266	-3.984694849015274
267	-4.482727466901097
268	-3.857505278101172
269	-3.682436988821855
270	-3.760368797673458
271	-47.13899241012143
272	-17.29141213945211
273	-5.437319417906553
274	-4.722821519090792
275	-12.75488868613652
276	-26.12371545610537
277	-3.888536036819393
278	-12.87681443592251
279	-3.868299960830512
280	-9.517708973602298
281	-13.01849348504168
282	-10.91539191116
283	-10.42615137892215
284	-9.927694591779467
285	-22.19261350888015
286	-4.438197497731043
