#SITE	SITE_LOG_LIKELIHOOD
1	-13.3098
2	-22.3782
3	-17.3911
4	-21.9073
5	-19.6189
6	-80.1638
7	-26.8993
8	-11.8106
9	-28.588
10	-26.3834
11	-4.93219
12	-9.71897
13	-14.1194
14	-6.63604
15	-14.5216
16	-33.8344
17	-30.733
18	-53.2729
19	-8.34641
20	-8.3853
21	-24.7772
22	-33.405
23	-5.48864
24	-28.5964
25	-8.84445
26	-11.1982
27	-27.8135
28	-10.1822
29	-50.806
30	-7.3987
31	-34.7501
32	-138.445
33	-14.6349
34	-60.3368
35	-59.4655
36	-37.51
37	-28.2226
38	-14.9915
39	-39.8096
40	-9.25996
41	-12.236
42	-46.0167
43	-20.5963
44	-37.6511
45	-47.0921
46	-16.6727
47	-44.4006
48	-22.1078
49	-56.8471
50	-35.6911
51	-12.4297
52	-29.6136
53	-23.9426
54	-9.01926
55	-23.1432
56	-18.8135
57	-13.1729
58	-24.715
59	-13.7529
60	-28.9232
61	-9.53902
62	-12.593
63	-49.0286
64	-13.4348
65	-15.485
66	-31.723
67	-48.9623
68	-12.7382
69	-78.8373
70	-16.1346
71	-58.3178
72	-26.987
73	-42.4521
74	-24.5052
75	-13.6706
76	-30.014
77	-62.2186
78	-36.7516
79	-7.53565
80	-42.5257
81	-10.2765
82	-13.7301
83	-22.7969
84	-20.7582
85	-19.0552
86	-47.2499
87	-46.082
88	-24.4664
89	-18.94
90	-9.53582
91	-38.8693
92	-23.46
93	-13.7427
94	-24.0018
95	-16.258
96	-34.2199
97	-11.5307
98	-24.953
99	-51.6787
100	-33.0076
101	-14.5615
102	-11.8205
103	-36.6479
104	-6.52297
105	-8.46182
106	-9.81449
107	-15.7725
108	-35.8848
109	-37.8686
110	-19.1895
111	-20.7011
112	-13.3189
113	-31.459
114	-51.6201
115	-16.3728
116	-33.3039
117	-5.00834
118	-60.8992
119	-27.6717
120	-17.5761
121	-21.6966
122	-7.69305
123	-23.6037
124	-27.9276
125	-20.6199
126	-51.1562
127	-46.8485
128	-44.5483
129	-12.1618
130	-57.1242
131	-15.0901
132	-38.8317
133	-35.3565
134	-21.6958
135	-11.2289
136	-4.84588
137	-20.7299
138	-43.8834
139	-37.0575
140	-6.83661
141	-16.2008
142	-22.2055
143	-36.5023
144	-19.5123
145	-26.5732
146	-14.8945
147	-33.1
148	-48.5072
149	-41.5673
150	-23.4429
151	-7.19334
152	-24.961
153	-10.4948
154	-32.9343
155	-13.9532
156	-19.7061
157	-25.2271
158	-40.1178
159	-14.8741
160	-7.78878
161	-35.0121
162	-8.5159
163	-34.2409
164	-19.1819
165	-12.6284
166	-30.7729
167	-48.3481
168	-30.7413
169	-21.5313
170	-3.62191
171	-25.2491
172	-12.0363
173	-32.9522
174	-16.4329
175	-26.0355
176	-7.93386
177	-15.4455
178	-18.2519
179	-41.8554
180	-30.5814
181	-17.724
182	-21.3888
183	-14.9214
184	-12.9324
185	-8.21782
186	-70.4162
187	-22.1811
188	-13.0099
189	-81.5779
190	-27.5165
191	-14.9831
192	-8.63167
193	-23.7754
194	-37.2011
195	-61.6034
196	-8.45787
197	-114.248
198	-22.8436
199	-41.3812
200	-12.8852
201	-26.1294
202	-21.3387
203	-19.4902
204	-28.8992
205	-26.2124
206	-33.2633
207	-17.1746
208	-68.3282
209	-7.90002
210	-22.8568
211	-6.2541
212	-42.8684
213	-53.2334
214	-22.6851
215	-54.051
216	-9.10266
217	-29.7022
218	-55.0957
219	-22.8994
220	-28.5645
221	-14.914
222	-14.3377
223	-48.9761
224	-16.8197
225	-24.9996
226	-60.2764
227	-21.682
228	-35.8363
229	-6.36282
230	-23.1055
231	-13.9405
232	-30.8703
233	-16.0129
234	-10.6763
235	-14.204
236	-25.8157
237	-40.0363
238	-14.7405
239	-23.4026
240	-32.4831
241	-31.5487
242	-62.7172
243	-49.4744
244	-33.1913
245	-48.3044
246	-8.56183
247	-28.5677
248	-19.1979
249	-48.6231
250	-41.2257
251	-61.2216
252	-25.304
253	-60.8042
254	-17.5458
255	-23.0725
256	-16.5441
257	-39.8279
258	-33.404
259	-31.4426
260	-9.94697
261	-13.0733
262	-8.26885
263	-29.1828
264	-38.6978
265	-71.9902
266	-34.0991
267	-34.9201
268	-17.136
269	-9.62336
270	-16.1426
271	-41.3874
272	-37.1188
273	-15.2736
274	-23.285
275	-72.4681
276	-11.9147
277	-23.0377
278	-43.5747
279	-6.78439
280	-20.9715
281	-29.0311
282	-39.6399
283	-40.9916
284	-18.9556
285	-13.1531
286	-23.2033
287	-24.1308
288	-16.7443
289	-21.4627
290	-29.8804
291	-62.4783
292	-53.5318
293	-10.5521
294	-28.9438
295	-20.0637
296	-7.74364
297	-85.1155
298	-36.9401
299	-61.0769
300	-88.5959
301	-14.1207
302	-49.7776
303	-43.5207
304	-8.64667
305	-34.7491
306	-41.8761
307	-27.6427
308	-27.5934
309	-19.8058
310	-8.44586
311	-47.3186
312	-41.9515
313	-15.8996
314	-33.2012
315	-27.1354
316	-13.5536
317	-31.1993
318	-31.612
319	-31.7254
320	-32.4635
321	-4.16882
322	-35.9482
323	-26.3744
324	-7.11476
325	-65.024
326	-51.2843
327	-67.0267
328	-30.1868
329	-21.283
330	-20.6236
331	-7.73544
332	-23.1145
333	-24.334
334	-22.9667
335	-8.8381
336	-30.2307
337	-19.4032
338	-7.36125
339	-36.429
340	-22.1557
341	-58.9997
342	-14.5202
343	-21.2895
344	-24.2904
345	-69.8711
346	-27.5723
347	-19.5503
348	-24.4901
349	-24.8334
350	-16.7357
351	-8.55417
352	-23.502
353	-45.5274
354	-9.30557
355	-24.4931
356	-62.0563
357	-3.36382
358	-15.832
359	-61.0798
360	-27.7701
361	-15.602
362	-14.3441
363	-50.234
364	-34.6843
365	-28.9071
366	-22.5283
367	-47.848
368	-60.1792
369	-38.2815
370	-5.39768
371	-7.04863
372	-46.9343
373	-36.2281
374	-89.6212
375	-15.5747
376	-47.1031
377	-9.9247
378	-54.2003
379	-40.1188
380	-36.0036
381	-8.99314
382	-107.352
383	-18.7812
384	-25.0492
385	-31.9564
386	-32.1673
387	-19.3257
388	-5.88255
389	-34.7911
390	-40.7329
391	-47.7933
392	-37.5768
393	-69.703
394	-38.288
395	-33.9733
396	-11.3593
397	-55.3954
398	-30.9055
399	-20.8533
400	-94.1834
401	-33.4812
402	-25.4752
403	-40.5698
404	-13.5672
405	-23.1037
406	-20.2565
407	-81.3746
408	-8.74997
409	-46.3412
410	-28.6221
411	-10.2548
412	-34.8491
413	-15.8164
414	-56.4437
415	-32.2455
416	-18.5317
417	-25.2173
418	-17.8565
419	-19.5221
420	-6.03448
421	-32.5718
422	-10.0405
423	-33.8644
424	-30.6591
425	-30.8775
426	-31.8165
427	-9.63079
428	-18.5747
429	-68.1685
430	-21.1092
431	-21.1528
432	-125.455
433	-28.8622
434	-7.21547
435	-27.9482
436	-24.8193
437	-22.911
438	-28.2249
439	-23.4608
440	-3.65331
441	-21.8449
442	-7.31805
443	-6.4172
444	-22.583
445	-89.3197
446	-19.3222
447	-14.9315
448	-10.2689
449	-34.0014
450	-25.0041
451	-105.609
452	-37.9382
453	-19.4644
454	-10.6965
455	-9.569
456	-38.223
457	-23.9942
458	-47.123
459	-36.7035
460	-11.4549
461	-49.7506
462	-45.0586
463	-50.7262
464	-24.377
465	-85.2244
466	-15.6861
467	-34.3857
468	-20.2648
469	-67.824
470	-10.039
471	-47.4154
472	-21.8267
473	-49.8198
474	-6.42399
475	-14.1659
476	-43.6321
477	-34.708
478	-19.6611
479	-56.3166
480	-22.093
481	-14.6075
482	-27.6897
483	-21.3484
484	-37.1558
485	-30.3621
486	-41.9732
487	-14.8326
488	-10.7405
489	-61.3083
490	-9.86978
491	-16.0552
492	-21.4958
493	-30.7608
494	-24.872
495	-10.6302
496	-13.3445
497	-23.0093
498	-61.3388
