#SITE	SITE_LOG_LIKELIHOODS
1	-0.01429639807411406
2	-0.01429639807411406
3	-12.13639981905473
4	-22.32717120664243
5	-25.64575398428724
6	-22.21021846324837
7	-3.930693566066767
8	-3.827986895768139
9	-5.861208671168677
10	-4.917362607336685
11	-3.906390487346849
12	-4.849458228202695
13	-3.827986895768139
14	-5.934546708840091
15	-3.703259659393041
16	-20.69966183272295
17	-3.827986895768139
18	-3.955760028995363
19	-3.827986895768139
20	-11.76609981128534
21	-4.82591078974244
22	-3.848572238750055
23	-13.17205401355002
24	-4.104042477675664
25	-3.955760028995363
26	-3.904168312180557
27	-3.955760028995363
28	-4.76030078259006
29	-3.73909380867209
30	-5.109943762221548
31	-4.917362607336685
32	-5.288955845611772
33	-57.18240725519004
34	-4.104042477675664
35	-4.93638083161415
36	-4.104042477675664
37	-11.14420193709102
38	-11.50469747375388
39	-4.920820544100994
40	-3.754879100787472
41	-27.7011240532879
42	-4.82591078974244
43	-3.754879100787472
44	-3.946952403446351
45	-12.61935861861247
46	-4.93638083161415
47	-3.946952403446351
48	-4.701819980482896
49	-3.827986895768139
50	-3.703259659393041
51	-4.104042477675664
52	-3.754879100787472
53	-3.930693566066767
54	-16.37916987992488
55	-3.827986895768139
56	-4.07463407774283
57	-3.703259659393041
58	-11.82342863946004
59	-3.930693566066767
60	-3.703259659393041
61	-4.701819980482896
62	-4.93638083161415
63	-3.930693566066767
64	-5.661727016325604
65	-3.879102620089125
66	-3.946952403446351
67	-11.29850406012006
68	-4.104042477675664
69	-11.29593455785959
70	-5.661727016325604
71	-5.288955845611772
72	-4.82591078974244
73	-10.99260941075918
74	-3.726392587432883
75	-4.887147710073934
76	-3.754879100787472
77	-4.968081078711736
78	-3.627549516637208
79	-3.827986895768139
80	-10.81410622302928
81	-4.023591826320922
82	-3.627549516637208
83	-4.701819980482896
84	-3.703259659393041
85	-12.52111394935172
86	-3.672720145523684
87	-4.93638083161415
88	-3.904168312180557
89	-3.827986895768139
90	-3.73909380867209
91	-5.197867731466445
92	-4.117226724463858
93	-3.906390487346849
94	-3.848572238750055
95	-5.802883178359282
96	-12.36036763142902
97	-3.904168312180557
98	-3.904168312180557
99	-4.701819980482896
100	-3.827986895768139
101	-3.627549516637208
102	-10.56195318373938
103	-4.829180790911737
104	-4.920820544100994
105	-3.955760028995363
106	-3.550511315311277
107	-4.104042477675664
108	-4.93638083161415
109	-5.288955845611772
110	-41.11167175024056
111	-4.76030078259006
112	-3.703259659393041
113	-3.672720145523684
114	-10.66557586982461
115	-3.946952403446351
116	-4.150721287082977
117	-10.90991415079996
118	-10.67367170026534
119	-10.16513580670066
120	-3.726392587432883
121	-41.45708851893896
122	-3.703259659393041
123	-3.703259659393041
124	-3.703259659393041
125	-4.917362607336685
126	-4.07463407774283
127	-11.55180357297167
128	-4.104042477675664
129	-4.701819980482896
130	-4.050435682916973
131	-4.104042477675664
132	-3.703259659393041
133	-3.703259659393041
134	-5.055941553965671
135	-10.15082230802616
136	-21.95595295117192
137	-3.827986895768139
138	-3.703259659393041
139	-10.43107983175263
140	-12.97015584038962
141	-3.754879100787472
142	-3.754879100787472
143	-3.879102620089125
144	-14.20951412145563
145	-5.019019148471163
146	-4.853173013259866
147	-5.078511829852408
148	-3.703259659393041
149	-14.604156975518
150	-4.853173013259866
151	-3.930693566066767
152	-12.77666483800031
153	-3.906390487346849
154	-16.31538358028045
155	-3.672720145523684
156	-10.98488644376002
157	-3.550511315311277
158	-4.07463407774283
159	-3.930693566066767
160	-4.76030078259006
161	-3.672720145523684
162	-3.930693566066767
163	-4.924327014382981
164	-4.93638083161415
165	-4.150721287082977
166	-4.93638083161415
167	-3.827986895768139
168	-5.055941553965671
169	-3.73909380867209
170	-3.779929884877962
171	-4.76030078259006
172	-3.879102620089125
173	-3.754879100787472
174	-3.672720145523684
175	-3.703259659393041
176	-3.930693566066767
177	-3.672720145523684
178	-4.07463407774283
179	-5.078511829852408
180	-4.07463407774283
181	-16.23446115203606
182	-3.703259659393041
183	-4.104042477675664
184	-3.946952403446351
185	-11.55445102666966
186	-3.779929884877962
187	-4.07463407774283
188	-3.827986895768139
189	-3.930693566066767
190	-4.117226724463858
191	-3.827986895768139
192	-3.827986895768139
193	-4.07463407774283
194	-4.104042477675664
195	-3.904168312180557
196	-4.954814700638262
197	-3.827986895768139
198	-4.104042477675664
199	-3.703259659393041
200	-4.954814700638262
201	-4.920820544100994
202	-5.109943762221548
203	-4.023591826320922
204	-13.22206149029354
205	-3.827986895768139
206	-3.827986895768139
207	-3.904168312180557
208	-4.924327014382981
209	-3.946952403446351
210	-3.627549516637208
211	-12.98125817068551
212	-4.701819980482896
213	-18.78366441631854
214	-3.550511315311277
215	-3.703259659393041
216	-5.019019148471163
217	-3.955760028995363
218	-4.853173013259866
219	-3.906390487346849
220	-10.83061714995872
221	-4.849458228202695
222	-3.627549516637208
223	-3.827986895768139
224	-3.955760028995363
225	-3.779929884877962
226	-3.754879100787472
227	-4.924327014382981
228	-5.661727016325604
229	-3.906390487346849
230	-3.703259659393041
231	-4.701819980482896
232	-10.35132490126371
233	-4.07463407774283
234	-5.019019148471163
235	-4.726603356091124
236	-17.58762399031109
237	-39.57430107706083
238	-10.80230721376092
239	-4.778386728671842
240	-12.50985327481833
241	-3.930693566066767
242	-17.45605041111856
243	-4.917362607336685
244	-3.550511315311277
245	-3.703259659393041
246	-3.827986895768139
247	-4.76030078259006
248	-3.754879100787472
249	-3.955760028995363
250	-14.11242545077764
251	-4.050435682916973
252	-5.288955845611772
253	-4.968081078711736
254	-3.73909380867209
255	-22.4886976187408
256	-19.87276795645331
257	-9.947774662599016
258	-3.627549516637208
259	-13.67203991637713
260	-5.802883178359282
261	-3.827986895768139
262	-4.023591826320922
263	-4.701819980482896
264	-39.24009963916734
265	-17.66568908429236
266	-3.779929884877962
267	-4.104042477675664
268	-3.946952403446351
269	-3.703259659393041
270	-3.73909380867209
271	-18.76866210874342
272	-12.6665430983573
273	-3.904168312180557
274	-14.1270240385269
275	-3.906390487346849
276	-3.703259659393041
277	-3.831517769739702
278	-15.55615275071535
279	-3.754879100787472
280	-10.86920959532766
281	-3.779929884877962
282	-10.56799633631692
283	-3.906390481506571
284	-10.57754493768866
285	-3.842715164426765
286	-4.920182535417482
