#SITE	SITE_LOG_LIKELIHOOD
1	-5.05362
2	-16.5858
3	-28.8795
4	-50.8307
5	-26.0844
6	-59.0239
7	-16.2484
8	-10.106
9	-11.6041
10	-8.24082
11	-7.79422
12	-7.87772
13	-9.65519
14	-14.1866
15	-8.12343
16	-35.2073
17	-9.65519
18	-11.8571
19	-42.7928
20	-17.6147
21	-8.92362
22	-11.5585
23	-14.572
24	-9.88597
25	-8.04228
26	-15.254
27	-8.5631
28	-15.6605
29	-8.78013
30	-8.53063
31	-10.0273
32	-6.81998
33	-76.523
34	-10.5547
35	-6.42536
36	-15.8615
37	-34.5844
38	-21.5856
39	-12.0393
40	-19.504
41	-46.512
42	-22.4458
43	-7.68651
44	-13.3484
45	-14.6469
46	-19.1886
47	-8.49682
48	-6.60584
49	-8.0328
50	-9.68308
51	-6.63598
52	-7.68651
53	-11.4247
54	-22.6023
55	-8.06124
56	-11.3005
57	-10.5604
58	-16.9799
59	-6.41815
60	-8.41361
61	-8.66093
62	-12.1944
63	-7.54853
64	-7.16682
65	-8.71167
66	-7.09399
67	-66.657
68	-6.63598
69	-14.2523
70	-7.16682
71	-6.81998
72	-8.92362
73	-14.576
74	-8.08041
75	-8.57048
76	-13.8287
77	-7.48361
78	-15.2264
79	-8.40469
80	-17.0984
81	-8.24579
82	-15.1712
83	-7.75883
84	-6.34443
85	-14.3183
86	-10.2196
87	-17.8063
88	-7.55822
89	-8.0328
90	-9.47812
91	-8.1181
92	-11.414
93	-8.48493
94	-7.22147
95	-6.89012
96	-17.71
97	-16.714
98	-17.6278
99	-7.75883
100	-13.9602
101	-8.58016
102	-72.1185
103	-6.8319
104	-7.53939
105	-8.04228
106	-6.76768
107	-10.2229
108	-6.42536
109	-7.96809
110	-53.3521
111	-6.1969
112	-9.40869
113	-7.7519
114	-12.7487
115	-7.09399
116	-7.76768
117	-14.788
118	-15.7174
119	-12.0668
120	-9.1122
121	-46.7214
122	-10.5604
123	-7.47468
124	-6.34443
125	-15.385
126	-6.63919
127	-14.2684
128	-22.7789
129	-6.60584
130	-7.08768
131	-9.55263
132	-30.6282
133	-6.34443
134	-14.0773
135	-20.3353
136	-32.9591
137	-6.30679
138	-9.45369
139	-13.9606
140	-15.0308
141	-8.29701
142	-8.29701
143	-12.9177
144	-27.4595
145	-8.7262
146	-14.6534
147	-7.77618
148	-7.47468
149	-13.6077
150	-6.08947
151	-7.98699
152	-18.5557
153	-8.66632
154	-31.7943
155	-7.7519
156	-16.2849
157	-14.7694
158	-42.8542
159	-6.41815
160	-6.1969
161	-15.3725
162	-101.972
163	-19.2008
164	-11.346
165	-8.5899
166	-12.6533
167	-6.30679
168	-12.749
169	-12.5195
170	-8.12315
171	-10.4309
172	-8.71167
173	-15.3053
174	-6.62304
175	-10.0046
176	-17.7507
177	-14.7774
178	-6.63919
179	-8.44135
180	-48.444
181	-21.0928
182	-34.2817
183	-17.1045
184	-12.3105
185	-21.0018
186	-22.2184
187	-8.40556
188	-7.32846
189	-6.41815
190	-13.5817
191	-7.44358
192	-8.40469
193	-7.76936
194	-26.1044
195	-9.48501
196	-10.3153
197	-8.06124
198	-9.55263
199	-11.106
200	-9.97442
201	-8.29862
202	-8.73319
203	-14.3754
204	-19.8701
205	-8.40469
206	-9.47178
207	-10.2295
208	-6.48787
209	-7.09399
210	-8.67665
211	-17.2076
212	-6.60584
213	-24.0809
214	-13.6128
215	-8.15261
216	-12.5709
217	-8.04228
218	-21.0176
219	-23.0337
220	-12.6105
221	-8.29348
222	-16.8676
223	-8.06124
224	-6.91319
225	-12.9956
226	-6.55632
227	-6.48787
228	-7.16682
229	-7.79422
230	-7.47468
231	-6.60584
232	-13.1514
233	-17.1796
234	-6.41433
235	-19.7348
236	-65.9897
237	-90.9804
238	-14.3939
239	-39.578
240	-17.6025
241	-34.0237
242	-23.9923
243	-7.80109
244	-8.97947
245	-8.12931
246	-10.4349
247	-8.0792
248	-8.34665
249	-8.04228
250	-15.0358
251	-10.2098
252	-7.96809
253	-10.2278
254	-12.2753
255	-29.9245
256	-26.6544
257	-13.4653
258	-8.58016
259	-20.354
260	-8.03979
261	-28.9556
262	-10.1696
263	-9.54882
264	-73.1402
265	-27.114
266	-7.4768
267	-9.55263
268	-7.09399
269	-9.43839
270	-7.57352
271	-73.9239
272	-24.8932
273	-10.6326
274	-15.2563
275	-13.2069
276	-32.6242
277	-7.6426
278	-24.8924
279	-7.68286
280	-18.5874
281	-14.4103
282	-17.2313
283	-12.029
284	-18.2648
285	-23.8374
286	-6.46586
