#SITE	SITE_LOG_LIKELIHOODS
1	-4.383841618882471
2	-16.4980728558607
3	-29.06075358589539
4	-46.86996895407402
5	-27.34861235020153
6	-59.66304607863727
7	-15.21877175285966
8	-9.802547423851617
9	-12.22072609776507
10	-9.667734611181066
11	-6.355196409033473
12	-9.068623884321166
13	-9.862196907785691
14	-16.10088423671181
15	-6.685372347319875
16	-29.52721023472592
17	-9.862196907785691
18	-11.97247836411796
19	-41.47459081560014
20	-17.2426110263301
21	-7.210131059743463
22	-11.19568192356724
23	-16.49871666768305
24	-10.42735194727739
25	-6.838133627326297
26	-15.86452763814781
27	-9.482031782990372
28	-16.06984597487514
29	-8.891465925419263
30	-9.670089329554989
31	-9.667401202154554
32	-6.211088688902874
33	-78.69602822439016
34	-10.95113398122371
35	-6.158295823090065
36	-16.13097844049485
37	-29.29898065173079
38	-22.34763486188291
39	-12.41224260832009
40	-20.28376147477349
41	-44.9415806488726
42	-23.31989275925362
43	-6.689015319030291
44	-12.35005708015232
45	-15.13140089123104
46	-17.44422695790734
47	-9.017708971383787
48	-5.931459172472213
49	-6.966881397533077
50	-10.22618780539618
51	-5.791676165744836
52	-6.689015319030291
53	-11.26628851172101
54	-23.06443464394586
55	-7.166908024153837
56	-10.92797576591668
57	-10.85520716827418
58	-18.45377895148166
59	-6.254586695236553
60	-9.427097741780161
61	-8.843165046752368
62	-14.21765918597981
63	-6.810405024071278
64	-6.172415793441294
65	-7.30175809507719
66	-4.906687468506305
67	-62.28179397466587
68	-5.791676165744836
69	-15.09031399973814
70	-6.172415793441294
71	-6.211088688902874
72	-7.210131059743463
73	-15.56713527057715
74	-7.37024441945709
75	-7.143673947137569
76	-13.24164491950871
77	-6.745682026378767
78	-15.55187855986644
79	-7.870612403957418
80	-16.94944030293941
81	-7.397845258818429
82	-15.41722071501707
83	-5.890538967737883
84	-6.309962923995792
85	-14.7419357846083
86	-10.59860165425159
87	-16.43336898218583
88	-6.144381188517119
89	-6.966881397533077
90	-9.390326110259819
91	-7.547047413352939
92	-11.23569609244237
93	-6.851168478996211
94	-5.625580033014038
95	-6.151096384767595
96	-18.60678627303617
97	-14.18945460317874
98	-18.30359033969829
99	-5.890538967737883
100	-14.94656568681375
101	-6.796233080053257
102	-60.78940572518253
103	-5.90595929324394
104	-7.338437762167039
105	-6.838133627326297
106	-6.312096685052283
107	-10.96022829196058
108	-6.158295823090065
109	-6.235137057157037
110	-51.66701356224949
111	-6.623282888436997
112	-9.285957701143298
113	-5.907356959925353
114	-12.14479191285495
115	-4.906687468506305
116	-6.905662862489623
117	-15.01329226925577
118	-16.37638050227009
119	-11.05094710748756
120	-8.6227957355821
121	-56.66614129215138
122	-10.85520716827418
123	-6.641182253438002
124	-6.309962923995792
125	-15.60193194578206
126	-6.299836592937481
127	-14.23358339547956
128	-24.65775499826951
129	-5.931459172472213
130	-5.686807774306928
131	-10.10107143209437
132	-27.47940741859501
133	-6.309962923995792
134	-14.47184806688987
135	-20.78751666141979
136	-33.82952895971579
137	-6.54805691942313
138	-9.682895139050069
139	-14.41773130936295
140	-16.89965239198379
141	-7.23139339154016
142	-7.23139339154016
143	-13.68176367873738
144	-26.57634769422117
145	-8.832249755205098
146	-13.69937536776182
147	-6.766105439457299
148	-6.641182253438002
149	-15.59648275559278
150	-6.896400157971271
151	-8.506373665173877
152	-18.50692650087858
153	-8.516701263371466
154	-31.90996877791922
155	-5.907356959925353
156	-15.47493913747076
157	-12.46611625322699
158	-38.92412360294632
159	-6.254586695236553
160	-6.623282888436997
161	-15.82686404864216
162	-94.07721642245468
163	-21.7892821876398
164	-13.65042561950693
165	-9.469315622055127
166	-13.25034011246637
167	-6.54805691942313
168	-14.56416565506996
169	-10.36674567321623
170	-6.69577135017917
171	-10.38564082778196
172	-7.30175809507719
173	-16.14859892443905
174	-5.550907258925346
175	-9.697724022345414
176	-19.3224417390313
177	-16.1078951956811
178	-6.299836592937481
179	-7.165459048285445
180	-48.22533476673226
181	-19.39791981003813
182	-28.92075804680361
183	-17.28562593477762
184	-12.29609845960847
185	-21.33933230331927
186	-27.59686493799505
187	-6.981413368206161
188	-7.115763421374407
189	-6.254586695236553
190	-14.43997378776773
191	-7.123643304141765
192	-7.870612403957418
193	-6.775266115979607
194	-26.13359514263839
195	-9.394249993220793
196	-10.73994753655689
197	-7.166908024153837
198	-10.10107143209437
199	-11.10078137385892
200	-11.46064174701077
201	-7.68231606648667
202	-9.151070984832197
203	-15.55521753599376
204	-21.27630560756612
205	-7.870612403957418
206	-9.994862334146594
207	-10.3343771806898
208	-5.577417822052636
209	-4.906687468506305
210	-8.749003500778684
211	-17.32332493454808
212	-5.931459172472213
213	-30.22782303486825
214	-11.39826830789236
215	-7.118225996799858
216	-12.52371151804719
217	-6.838133627326297
218	-21.53290981820279
219	-23.06805920292232
220	-12.39577236579906
221	-7.676645479062266
222	-16.25436053988912
223	-7.166908024153837
224	-6.163229991866671
225	-10.8935080891897
226	-6.293441844021834
227	-5.577417822052636
228	-6.172415793441294
229	-6.355196409033473
230	-6.641182253438002
231	-5.931459172472213
232	-13.84629570036946
233	-17.94605768336846
234	-6.899631909849306
235	-21.17840226852555
236	-61.17074498488605
237	-80.41800661457913
238	-14.98720679178509
239	-31.52341096213032
240	-18.99423351430503
241	-35.40473434446342
242	-14.80822517187801
243	-6.343122110907824
244	-8.83282212321579
245	-7.100249072824401
246	-10.76133949563666
247	-7.194502665320609
248	-6.818953507956085
249	-6.838133627326297
250	-16.65847284100395
251	-10.18652269355611
252	-6.235137057157037
253	-10.3500357304052
254	-12.01553708145063
255	-28.16731270226844
256	-24.69643113346406
257	-11.73066984397852
258	-6.796233080053257
259	-19.04426884652191
260	-6.799455522308911
261	-26.58500091758039
262	-10.87054982557364
263	-9.449943973533072
264	-64.89096959608544
265	-28.55134424598726
266	-6.77322296068767
267	-10.10107143209437
268	-4.906687468506305
269	-9.384966962638577
270	-5.972959508280177
271	-67.95470294909347
272	-26.63922712536221
273	-10.63186030782746
274	-15.35540432142773
275	-14.772684279306
276	-32.23529990298479
277	-8.223529730321765
278	-24.90686778786602
279	-6.686770052928738
280	-16.27345061547365
281	-15.80030595388798
282	-18.77231519258907
283	-10.05522118303914
284	-17.94253244417546
285	-23.81409490702439
286	-5.575336421091126
