#SITE	SITE_LOG_LIKELIHOODS
1	-4.285938536409982e-05
2	-4.285938536409982e-05
3	-13.95617917814294
4	-20.63064969768551
5	-19.4873630950654
6	-24.11240545052017
7	-3.362656137980532
8	-2.699684612576733
9	-5.547811499652259
10	-4.016896786184704
11	-3.928119488104709
12	-5.176807535383218
13	-2.699684612576733
14	-5.860703071747919
15	-2.824716893980956
16	-18.36251159527515
17	-2.699684612576733
18	-3.645263972566124
19	-2.699684612576733
20	-12.32487636225023
21	-4.822128277953127
22	-4.568584749395294
23	-12.10260995839133
24	-3.446065083736738
25	-3.645263972566124
26	-3.644398180297969
27	-3.645263972566124
28	-4.263918569610148
29	-4.118201577135027
30	-4.799900040785515
31	-4.016896786184704
32	-4.440276824280175
33	-65.8707945665715
34	-3.446065083736738
35	-3.767906248223124
36	-3.446065083736738
37	-10.69558251875926
38	-11.15143699705978
39	-4.778483894433387
40	-3.303120838732124
41	-27.63500588916557
42	-4.822128277953127
43	-3.303120838732124
44	-3.571791742454197
45	-12.18768140161307
46	-3.767906248223124
47	-3.571791742454197
48	-3.857071110591827
49	-2.699684612576733
50	-2.824716893980956
51	-3.446065083736738
52	-3.303120838732124
53	-3.362656137980532
54	-15.35132275765101
55	-2.699684612576733
56	-3.599838473076469
57	-2.824716893980956
58	-11.96333794429034
59	-3.362656137980532
60	-2.824716893980956
61	-3.857071110591827
62	-3.767906248223124
63	-3.362656137980532
64	-4.342073838898349
65	-4.791376192268172
66	-3.571791742454197
67	-11.45112151406841
68	-3.446065083736738
69	-10.26197551988758
70	-4.342073838898349
71	-4.440276824280175
72	-4.822128277953127
73	-11.29949033918772
74	-5.295445517653875
75	-5.393523574373942
76	-3.303120838732124
77	-4.896741648093151
78	-3.905768364432922
79	-2.699684612576733
80	-9.917468205674217
81	-4.454211668502504
82	-3.905768364432922
83	-3.857071110591827
84	-2.824716893980956
85	-13.57783845464847
86	-3.942981612019289
87	-3.767906248223124
88	-3.644398180297969
89	-2.699684612576733
90	-4.118201577135027
91	-5.332467933728687
92	-4.739210666081051
93	-3.928119488104709
94	-4.568584749395294
95	-4.68309965396509
96	-11.87382670187261
97	-3.644398180297969
98	-3.644398180297969
99	-3.857071110591827
100	-2.699684612576733
101	-3.905768364432922
102	-11.27344660089641
103	-5.84018090060312
104	-4.778483894433387
105	-3.645263972566124
106	-4.298957428200585
107	-3.446065083736738
108	-3.767906248223124
109	-4.440276824280175
110	-50.26127698618188
111	-4.263918569610148
112	-2.824716893980956
113	-3.942981612019289
114	-10.244902707564
115	-3.571791742454197
116	-4.724899135845568
117	-10.69205403840241
118	-10.0881433507158
119	-9.217562044344865
120	-5.295445517653875
121	-35.42659699132776
122	-2.824716893980956
123	-2.824716893980956
124	-2.824716893980956
125	-4.016896786184704
126	-3.599838473076469
127	-11.8040538663611
128	-3.446065083736738
129	-3.857071110591827
130	-4.93774098666722
131	-3.446065083736738
132	-2.824716893980956
133	-2.824716893980956
134	-4.534808626025701
135	-8.393201509973139
136	-25.58464249399032
137	-2.699684612576733
138	-2.824716893980956
139	-10.77790209648124
140	-18.96202150713753
141	-3.303120838732124
142	-3.303120838732124
143	-4.791376192268172
144	-13.62757502792885
145	-4.761332973977261
146	-4.994424882633182
147	-5.274127801893303
148	-2.824716893980956
149	-16.95881004560716
150	-4.994424882633182
151	-3.362656137980532
152	-12.96131172458369
153	-3.928119488104709
154	-17.596300664584
155	-3.942981612019289
156	-11.44510799302648
157	-4.298957428200585
158	-3.599838473076469
159	-3.362656137980532
160	-4.263918569610148
161	-3.942981612019289
162	-3.362656137980532
163	-4.132100326001785
164	-3.767906248223124
165	-4.724899135845568
166	-3.767906248223124
167	-2.699684612576733
168	-4.534808626025701
169	-4.118201577135027
170	-3.854633854881388
171	-4.263918569610148
172	-4.791376192268172
173	-3.303120838732124
174	-3.942981612019289
175	-2.824716893980956
176	-3.362656137980532
177	-3.942981612019289
178	-3.599838473076469
179	-5.274127801893303
180	-3.599838473076469
181	-20.99903361587019
182	-2.824716893980956
183	-3.446065083736738
184	-3.571791742454197
185	-9.94602402816364
186	-3.854633854881388
187	-3.599838473076469
188	-2.699684612576733
189	-3.362656137980532
190	-4.739210666081051
191	-2.699684612576733
192	-2.699684612576733
193	-3.599838473076469
194	-3.446065083736738
195	-3.644398180297969
196	-5.019300832041673
197	-2.699684612576733
198	-3.446065083736738
199	-2.824716893980956
200	-5.019300832041673
201	-4.778483894433387
202	-4.799900040785515
203	-4.454211668502504
204	-16.35282903827116
205	-2.699684612576733
206	-2.699684612576733
207	-3.644398180297969
208	-4.132100326001785
209	-3.571791742454197
210	-3.905768364432922
211	-13.23428196821801
212	-3.857071110591827
213	-22.61546582129557
214	-4.298957428200585
215	-2.824716893980956
216	-4.761332973977261
217	-3.645263972566124
218	-4.994424882633182
219	-3.928119488104709
220	-9.469643310526658
221	-5.176807535383218
222	-3.905768364432922
223	-2.699684612576733
224	-3.645263972566124
225	-3.854633854881388
226	-3.303120838732124
227	-4.132100326001785
228	-4.342073838898349
229	-3.928119488104709
230	-2.824716893980956
231	-3.857071110591827
232	-14.85430203995068
233	-3.599838473076469
234	-4.761332973977261
235	-6.023662116849853
236	-15.59027043532091
237	-36.14738259829289
238	-10.88690065423509
239	-5.30506102974967
240	-14.8167377868168
241	-3.362656137980532
242	-17.72195284020485
243	-4.016896786184704
244	-4.298957428200585
245	-2.824716893980956
246	-2.699684612576733
247	-4.263918569610148
248	-3.303120838732124
249	-3.645263972566124
250	-15.90028201419868
251	-4.93774098666722
252	-4.440276824280175
253	-4.896741648093151
254	-4.118201577135027
255	-19.86376364654763
256	-18.76865283665915
257	-9.907853830501091
258	-3.905768364432922
259	-13.22975033616317
260	-4.68309965396509
261	-2.699684612576733
262	-4.454211668502504
263	-3.857071110591827
264	-37.01681952471281
265	-19.6380800856798
266	-3.854633854881388
267	-3.446065083736738
268	-3.571791742454197
269	-2.824716893980956
270	-4.118201577135027
271	-20.12418065455153
272	-11.27238121047321
273	-3.644398180297969
274	-16.61460164026546
275	-3.928119488104709
276	-2.824716893980956
277	-5.332106845272398
278	-15.3154644413419
279	-3.303120838732124
280	-11.1138806372369
281	-3.854633854881388
282	-10.37494892686686
283	-3.928119479613187
284	-9.864276162134637
285	-4.562233062734175
286	-4.129546021408797
