#SITE	SITE_LOG_LIKELIHOOD
1	-8.88178e-16
2	-8.88178e-16
3	-12.4363
4	-25.1701
5	-22.4894
6	-20.1119
7	-3.80481
8	-3.69511
9	-6.72982
10	-5.06517
11	-4.80738
12	-4.39636
13	-3.69511
14	-4.13443
15	-3.4269
16	-17.8347
17	-3.69511
18	-4.70969
19	-3.69511
20	-11.0896
21	-4.81727
22	-6.20797
23	-11.6135
24	-4.44236
25	-4.70969
26	-4.71031
27	-4.70969
28	-3.88262
29	-4.64093
30	-4.9598
31	-5.06517
32	-5.9821
33	-64.9156
34	-4.44236
35	-4.89618
36	-4.44236
37	-10.7876
38	-10.6453
39	-4.46988
40	-4.04678
41	-30.3296
42	-4.81727
43	-4.04678
44	-5.45203
45	-11.0066
46	-4.89618
47	-5.45203
48	-4.7953
49	-3.69511
50	-3.4269
51	-4.44236
52	-4.04678
53	-3.80481
54	-18.3926
55	-3.69511
56	-4.5542
57	-3.4269
58	-11.4508
59	-3.80481
60	-3.4269
61	-4.7953
62	-4.89618
63	-3.80481
64	-6.82016
65	-4.70196
66	-5.45203
67	-10.6967
68	-4.44236
69	-10.5567
70	-6.82016
71	-5.9821
72	-4.81727
73	-11.0124
74	-3.6278
75	-6.50325
76	-4.04678
77	-3.68128
78	-4.54541
79	-3.69511
80	-10.4844
81	-3.84596
82	-4.54541
83	-4.7953
84	-3.4269
85	-10.3111
86	-4.54091
87	-4.89618
88	-4.71031
89	-3.69511
90	-4.64093
91	-4.06803
92	-5.71621
93	-4.80738
94	-6.20797
95	-6.44727
96	-11.771
97	-4.71031
98	-4.71031
99	-4.7953
100	-3.69511
101	-4.54541
102	-10.3663
103	-6.20352
104	-4.46988
105	-4.70969
106	-4.54911
107	-4.44236
108	-4.89618
109	-5.9821
110	-50.7852
111	-3.88262
112	-3.4269
113	-4.54091
114	-10.2234
115	-5.45203
116	-4.54259
117	-10.762
118	-10.6153
119	-10.336
120	-3.6278
121	-50.6286
122	-3.4269
123	-3.4269
124	-3.4269
125	-5.06517
126	-4.5542
127	-12.229
128	-4.44236
129	-4.7953
130	-5.77815
131	-4.44236
132	-3.4269
133	-3.4269
134	-6.03319
135	-9.17065
136	-23.3268
137	-3.69511
138	-3.4269
139	-10.0587
140	-13.1698
141	-4.04678
142	-4.04678
143	-4.70196
144	-11.3664
145	-4.30583
146	-3.88738
147	-4.80902
148	-3.4269
149	-12.5285
150	-3.88738
151	-3.80481
152	-12.8203
153	-4.80738
154	-17.8166
155	-4.54091
156	-11.9509
157	-4.54911
158	-4.5542
159	-3.80481
160	-3.88262
161	-4.54091
162	-3.80481
163	-5.78124
164	-4.89618
165	-4.54259
166	-4.89618
167	-3.69511
168	-6.03319
169	-4.64093
170	-3.42646
171	-3.88262
172	-4.70196
173	-4.04678
174	-4.54091
175	-3.4269
176	-3.80481
177	-4.54091
178	-4.5542
179	-4.80902
180	-4.5542
181	-17.0637
182	-3.4269
183	-4.44236
184	-5.45203
185	-10.4117
186	-3.42646
187	-4.5542
188	-3.69511
189	-3.80481
190	-5.71621
191	-3.69511
192	-3.69511
193	-4.5542
194	-4.44236
195	-4.71031
196	-4.05962
197	-3.69511
198	-4.44236
199	-3.4269
200	-4.05962
201	-4.46988
202	-4.9598
203	-3.84596
204	-13.5901
205	-3.69511
206	-3.69511
207	-4.71031
208	-5.78124
209	-5.45203
210	-4.54541
211	-12.7885
212	-4.7953
213	-23.11
214	-4.54911
215	-3.4269
216	-4.30583
217	-4.70969
218	-3.88738
219	-4.80738
220	-9.98167
221	-4.39636
222	-4.54541
223	-3.69511
224	-4.70969
225	-3.42646
226	-4.04678
227	-5.78124
228	-6.82016
229	-4.80738
230	-3.4269
231	-4.7953
232	-10.266
233	-4.5542
234	-4.30583
235	-3.68171
236	-17.665
237	-44.5682
238	-10.0597
239	-4.3016
240	-11.8744
241	-3.80481
242	-12.2178
243	-5.06517
244	-4.54911
245	-3.4269
246	-3.69511
247	-3.88262
248	-4.04678
249	-4.70969
250	-13.9097
251	-5.77815
252	-5.9821
253	-3.68128
254	-4.64093
255	-25.5061
256	-24.5523
257	-10.023
258	-4.54541
259	-12.3359
260	-6.44727
261	-3.69511
262	-3.84596
263	-4.7953
264	-41.8699
265	-17.2833
266	-3.42646
267	-4.44236
268	-5.45203
269	-3.4269
270	-4.64093
271	-19.2714
272	-11.5926
273	-4.71031
274	-12.4809
275	-4.80738
276	-3.4269
277	-4.05795
278	-15.8849
279	-4.04678
280	-9.60431
281	-3.42646
282	-9.7285
283	-4.80738
284	-10.8176
285	-6.1846
286	-5.76564
