#SITE	SITE_LOG_LIKELIHOOD
1	-4.35545
2	-4.29163
3	-3.91373
4	-4.85592
5	-4.3709
6	-4.85195
7	-3.89508
8	-3.93453
9	-4.36131
10	-4.34962
11	-3.8482
12	-3.88217
13	-4.31556
14	-4.1738
15	-4.81782
16	-3.85057
17	-4.33253
18	-4.29614
19	-4.88123
20	-5.29316
21	-3.92743
22	-3.88441
23	-3.82391
24	-4.39093
25	-17.566
26	-12.3887
27	-15.9054
28	-3.87551
29	-4.38941
30	-4.3544
31	-4.06243
32	-4.3573
33	-5.27646
34	-5.31098
35	-10.6697
36	-4.87206
37	-4.37411
38	-11.1888
39	-4.26385
40	-3.8096
41	-4.85861
42	-4.0937
43	-5.03526
44	-4.92979
45	-4.26845
46	-4.86318
47	-54.5564
48	-3.95074
49	-3.85028
50	-4.31587
51	-3.88288
52	-3.81784
53	-10.6957
54	-4.40204
55	-4.8282
56	-4.32753
57	-3.86872
58	-12.8136
59	-25.876
60	-24.3797
61	-11.7475
62	-4.33161
63	-4.86639
64	-4.73385
65	-4.40296
66	-3.80566
67	-4.30503
68	-11.5086
69	-4.40759
70	-4.84006
71	-4.75491
72	-17.4968
73	-4.78827
74	-5.44084
75	-10.3601
76	-10.3706
77	-3.85402
78	-4.00196
79	-10.8149
80	-4.3595
81	-5.36939
82	-49.9443
83	-4.42059
84	-4.37052
85	-3.85935
86	-3.99162
87	-4.29205
88	-16.5478
89	-4.91773
90	-10.5629
91	-4.89451
92	-3.89899
93	-4.4271
94	-4.37789
95	-4.07993
96	-4.37693
97	-4.8801
98	-4.37993
99	-3.90125
100	-4.77908
101	-4.83556
102	-5.36551
103	-22.2853
104	-4.92583
105	-4.29369
106	-4.38865
107	-4.73479
108	-4.39361
109	-7.77156e-16
110	-4.36643
111	-4.36007
112	-10.1751
113	-4.3963
114	-4.87559
115	-4.28907
116	-4.38997
117	-4.36803
118	-9.82265
119	-3.82215
120	-4.76564
121	-4.73731
122	-11.1893
123	-4.06247
124	-3.73746
125	-25.037
126	-12.2893
127	-3.88117
128	-10.0991
129	-10.5031
130	-4.23681
131	-4.2892
132	-4.06988
133	-5.08224
134	-5.19266
135	-4.31242
136	-9.76315
137	-5.05204
138	-18.0141
139	-4.0351
140	-9.74851
141	-4.85414
142	-4.5272
143	-4.28292
144	-16.8738
145	-4.40378
146	-4.08238
147	-3.89921
148	-4.85469
149	-30.1586
150	-18.6782
151	-4.3646
152	-10.669
153	-4.33771
154	-4.8216
155	-4.3524
156	-19.743
157	-11.7382
158	-4.059
159	-45.2786
160	-3.94324
161	-10.5164
162	-4.32295
163	-3.89403
164	-4.88743
165	-5.29542
166	-4.30745
167	-5.26319
168	-4.39406
169	-3.977
170	-43.6953
171	-4.88357
172	-3.89708
173	-3.8883
174	-3.92414
175	-19.3622
176	-12.5771
177	-4.87412
178	-3.82384
179	-4.45376
180	-5.355
181	-4.08443
182	-5.35454
183	-10.1589
184	-4.7232
185	-24.4241
186	-4.3863
187	-3.8257
188	-4.62249
189	-4.38622
190	-5.3794
191	-4.36895
192	-4.36939
193	-4.80542
194	-4.4222
195	-4.84692
196	-19.6515
197	-3.88848
198	-9.87962
199	-3.90398
200	-4.40423
201	-4.85188
202	-4.86818
203	-3.86869
204	-4.2826
205	-4.54865
206	-4.34946
207	-4.3479
208	-4.69326
209	-11.7962
210	-12.7847
211	-3.87884
212	-3.33067e-16
213	-4.36857
214	-4.42261
215	-10.1319
216	-4.38544
217	-10.6531
218	-3.89597
219	-4.25799
220	-4.42502
221	-3.90615
222	-3.89269
223	-4.34974
224	-4.46309
225	-11.2789
226	-3.8604
227	-4.85971
228	-4.16341
229	-22.1865
230	-3.73171
231	-3.8374
232	-11.7841
233	-11.2931
234	-4.55792
235	-4.3197
236	-12.3799
237	-4.38775
238	-4.39069
239	-4.41457
240	-11.8666
241	-4.79396
242	-4.37744
243	-3.85507
244	-9.83154
245	-4.35387
246	-4.7793
247	-5.52443
248	-48.6965
249	-4.37337
250	-4.3865
251	-4.86747
252	-10.6221
253	-10.1808
254	-4.8848
255	-3.88072
256	-4.16854
257	-4.35022
258	-4.3231
259	-5.00372
260	-3.906
261	-4.32598
262	-4.39889
263	-4.32341
264	-4.44537
265	-4.85958
266	-3.87848
267	-4.36108
268	-4.84799
269	-10.2228
270	-4.84752
271	-10.5555
272	-5.42316
273	-4.39838
274	-4.98425
275	-5.46952
276	-4.37346
277	-5.3169
278	-4.01814
279	-4.64068
280	-11.7531
281	-3.9228
282	-4.48972
283	-11.2139
284	-4.34257
285	-4.8544
286	-4.30838
