#SITE	SITE_LOG_LIKELIHOODS
1	-4.416946720224672
2	-17.43011102016564
3	-29.23809146276508
4	-53.08264536372072
5	-28.59384814079908
6	-58.87907574950628
7	-15.4095735752551
8	-9.474917889644262
9	-12.49165273045111
10	-8.949338805327496
11	-7.169328131587314
12	-8.376449567878334
13	-9.516207123824978
14	-15.39799158989036
15	-7.565940702207685
16	-34.58341911479441
17	-9.516207123824978
18	-12.28871281371603
19	-45.99685062710434
20	-17.00816188164987
21	-7.927059091069564
22	-11.24072124349962
23	-15.4053555397798
24	-10.00330792635924
25	-7.362847690108702
26	-15.34395946846913
27	-8.742426240442761
28	-15.10755922916159
29	-8.258323028458001
30	-8.887887290851999
31	-9.379052200727397
32	-6.467226452076013
33	-78.77870073838136
34	-10.96855800301138
35	-6.584469331932286
36	-16.18921961776212
37	-35.63056069928792
38	-21.80944579906468
39	-12.81752299187228
40	-19.80005089424564
41	-48.19442748844422
42	-22.63770474454683
43	-7.366349617147172
44	-12.92400501340525
45	-14.25157007579089
46	-17.45487531177562
47	-8.350779973040156
48	-6.550323850777706
49	-7.58994157672694
50	-9.783288309656349
51	-6.316611690403853
52	-7.366349617147172
53	-11.44131808900943
54	-21.87076348785743
55	-7.727445631090278
56	-10.95294043198294
57	-10.83930912894812
58	-19.11060440102408
59	-6.519886814420297
60	-8.72512928276263
61	-8.208798705024394
62	-12.9633659370125
63	-7.343445199691987
64	-6.416153613964623
65	-7.86890673963131
66	-5.947235061883991
67	-68.32310077496962
68	-6.316611690403853
69	-14.14424424057672
70	-6.416153613964623
71	-6.467226452076013
72	-7.927059091069564
73	-14.99425472976301
74	-7.87949069607311
75	-7.693767966403924
76	-13.50799728029074
77	-7.441835288125927
78	-14.52921016821992
79	-8.511239165616102
80	-16.23480666099444
81	-7.922816105100311
82	-14.62644057824423
83	-6.84996278326175
84	-6.88813848322513
85	-13.90040431197419
86	-10.23185010621818
87	-16.54736938955896
88	-6.74715444934564
89	-7.58994157672694
90	-9.050134717514178
91	-8.021614821013038
92	-11.45808224979273
93	-7.683014492860391
94	-6.159106195362241
95	-6.227519303705557
96	-19.59625662832984
97	-16.98672178836971
98	-18.38200311270607
99	-6.84996278326175
100	-13.91215897741706
101	-7.619975904718611
102	-73.22117484939687
103	-6.131622378589445
104	-7.760233885913106
105	-7.362847690108702
106	-6.936298276850487
107	-10.63100610770105
108	-6.584469331932286
109	-7.015390064216687
110	-50.00890867137401
111	-6.837014372068194
112	-8.978540348896761
113	-6.848045880304634
114	-12.4598821390798
115	-5.947235061883991
116	-7.509213232409361
117	-14.23742978614309
118	-15.56552423080092
119	-11.30492236751305
120	-9.326189145395022
121	-48.40897528492144
122	-10.83930912894812
123	-7.361142486806465
124	-6.88813848322513
125	-14.69178847949887
126	-6.732922890722169
127	-13.17858022416121
128	-23.38338967989963
129	-6.550323850777706
130	-6.319309583221989
131	-9.681277114227219
132	-27.32640578777056
133	-6.88813848322513
134	-13.16106025722553
135	-20.25173868375912
136	-32.27538278235102
137	-6.8171511169968
138	-9.377755872943002
139	-13.57217720734769
140	-15.80742571496004
141	-7.893217632546586
142	-7.893217632546586
143	-12.83758449288903
144	-27.8091113244815
145	-8.459081704956567
146	-14.03926486410976
147	-7.443326988561327
148	-7.361142486806465
149	-14.24339457943628
150	-6.809547638058989
151	-7.83484792876345
152	-18.29681500231096
153	-7.958149234158599
154	-30.91381546360109
155	-6.848045880304634
156	-14.8787164266485
157	-12.88438069169271
158	-40.12380046649054
159	-6.519886814420297
160	-6.837014372068194
161	-14.77641669493637
162	-110.1912353745402
163	-20.35722564923346
164	-12.17745908038184
165	-8.732211806350044
166	-12.11246852357377
167	-6.8171511169968
168	-12.88610040928092
169	-10.80857620485232
170	-7.574775280417698
171	-10.01144909403219
172	-7.86890673963131
173	-15.69229576222662
174	-6.350532424157083
175	-9.288818764954984
176	-18.33781939868924
177	-14.86469088508698
178	-6.732922890722169
179	-7.899035742052574
180	-50.17292983968123
181	-19.680207255945
182	-31.94487865083407
183	-18.2222826688535
184	-11.23003147942256
185	-20.17060396981088
186	-21.95248869059532
187	-7.773174522523143
188	-7.492848916840287
189	-6.519886814420297
190	-13.51290541727517
191	-7.52396767878911
192	-8.511239165616102
193	-7.434107572179293
194	-26.84602342551149
195	-8.965062863388924
196	-10.51169664745262
197	-7.727445631090278
198	-9.681277114227219
199	-11.31125443296236
200	-11.43081235092961
201	-8.234130536933844
202	-8.834635327049124
203	-15.2394757149626
204	-20.4938095010802
205	-8.511239165616102
206	-9.594051678020923
207	-9.868174650912454
208	-5.757332509088911
209	-5.947235061883991
210	-8.06659536441825
211	-16.89380585129985
212	-6.550323850777706
213	-25.03075200396147
214	-11.96150853178395
215	-7.849076064364083
216	-12.45290041719552
217	-7.362847690108702
218	-21.58001408395677
219	-22.4939871839501
220	-12.48699589492492
221	-8.221822576166012
222	-15.82072480643208
223	-7.727445631090278
224	-6.530368033280442
225	-11.68963645192669
226	-6.781819484792995
227	-5.757332509088911
228	-6.416153613964623
229	-7.169328131587314
230	-7.361142486806465
231	-6.550323850777706
232	-12.93137319695651
233	-17.2065717760074
234	-7.010582781014258
235	-20.2647847053745
236	-71.04216001250045
237	-89.0875329308127
238	-14.17715551935215
239	-36.09148244000077
240	-17.98483035561101
241	-36.14996729938662
242	-21.97675249221848
243	-7.176679152388441
244	-8.454056846613398
245	-7.818871190263635
246	-10.87267714451549
247	-7.765034681234849
248	-7.648245501599446
249	-7.362847690108702
250	-15.5254019879454
251	-10.07998973888116
252	-7.015390064216687
253	-10.0015992564686
254	-12.36504143744385
255	-28.41508039627574
256	-24.71268774360357
257	-12.26128607577039
258	-7.619975904718611
259	-18.98140226376804
260	-7.367062881301833
261	-29.83328829001013
262	-10.58849314645447
263	-9.113560751695477
264	-71.23895422143373
265	-27.44116502155855
266	-7.432286370646228
267	-9.681277114227219
268	-5.947235061883991
269	-8.935043878166013
270	-6.816245561270821
271	-79.02266860401281
272	-25.93084404943004
273	-10.68099798178411
274	-14.29952850843331
275	-13.56687277543955
276	-30.42039422226198
277	-7.616407697862585
278	-23.52473246486371
279	-7.362221339916262
280	-16.81007284422824
281	-15.09448805019851
282	-17.36965666652626
283	-10.70646438979455
284	-17.00490757834504
285	-22.51225811867398
286	-5.747782761494351
