#SITE	SITE_LOG_LIKELIHOOD
1	-1.83032
2	-16.8308
3	-16.301
4	-24.9458
5	-4.42113
6	-35.9413
7	-12.9741
8	-5.22876
9	-5.0293
10	-4.34179
11	-3.97641
12	-5.17075
13	-4.328
14	-9.64282
15	-5.1222
16	-11.6994
17	-4.19903
18	-3.90176
19	-36.7907
20	-4.05779
21	-4.04102
22	-4.57358
23	-3.71226
24	-5.05456
25	-4.7776
26	-10.0745
27	-3.73089
28	-12.2402
29	-5.11624
30	-4.29077
31	-3.6777
32	-4.58794
33	-25.12
34	-4.30097
35	-2.35375
36	-10.4183
37	-24.877
38	-11.8365
39	-5.06004
40	-12.4588
41	-18.6618
42	-21.551
43	-2.56955
44	-2.84629
45	-4.33717
46	-16.3997
47	-4.10389
48	-3.27085
49	-4.28271
50	-5.11376
51	-4.34518
52	-3.42002
53	-4.98697
54	-4.74582
55	-4.23417
56	-4.62565
57	-4.71919
58	-4.41437
59	-3.31379
60	-5.31371
61	-4.91156
62	-10.2679
63	-4.10191
64	-1.62346
65	-2.49206
66	-3.76232
67	-58.8171
68	-2.06198
69	-2.40921
70	-3.30186
71	-1.65611
72	-3.49083
73	-4.36449
74	-3.23825
75	-3.29072
76	-10.5335
77	-4.8739
78	-13.2101
79	-2.53949
80	-4.89578
81	-4.29368
82	-10.3286
83	-2.74797
84	-5.22967
85	-4.60463
86	-4.77904
87	-14.2453
88	-4.72332
89	-3.72627
90	-5.08792
91	-3.83366
92	-4.91415
93	-3.27987
94	-5.20644
95	-2.81154
96	-4.87385
97	-14.9715
98	-12.0002
99	-4.42066
100	-9.79664
101	-4.53205
102	-63.1413
103	-3.12086
104	-2.88888
105	-3.42349
106	-4.55592
107	-3.51754
108	-4.67149
109	-5.06439
110	-4.05148
111	-4.49831
112	-5.34353
113	-4.77955
114	-2.86976
115	-3.1449
116	-3.82188
117	-3.46199
118	-5.00725
119	-3.73564
120	-2.70711
121	-2.39083
122	-5.0952
123	-3.24213
124	-3.84675
125	-9.75239
126	-4.4161
127	-4.52321
128	-26.7049
129	-0.857214
130	-1.97759
131	-3.65407
132	-23.7595
133	-3.68455
134	-9.78313
135	-9.38001
136	-14.2907
137	-3.7671
138	-5.06365
139	-4.83091
140	-3.56024
141	-3.33312
142	-2.73477
143	-8.36082
144	-13.4869
145	-5.05383
146	-9.09254
147	-4.35117
148	-5.27691
149	-3.84087
150	-4.00133
151	-5.05029
152	-5.10111
153	-4.72547
154	-13.708
155	-1.31838
156	-5.11272
157	-10.5806
158	-36.8906
159	-4.15709
160	-4.12844
161	-11.7156
162	-95.4979
163	-17.1663
164	-13.1924
165	-4.24504
166	-9.66308
167	-4.01767
168	-9.36323
169	-9.59482
170	-4.86321
171	-5.08997
172	-5.13012
173	-10.7682
174	-2.80367
175	-5.14043
176	-16.5087
177	-14.0085
178	-3.04439
179	-2.60704
180	-42.2359
181	-2.7538
182	-29.5818
183	-11.6332
184	-8.76471
185	-8.85585
186	-17.2188
187	-4.01821
188	-3.95423
189	-5.10919
190	-9.98016
191	-3.58239
192	-3.7526
193	-5.07555
194	-22.4299
195	-4.53017
196	-5.28357
197	-3.20971
198	-4.56756
199	-5.19757
200	-5.21276
201	-3.79602
202	-4.4796
203	-14.7283
204	-9.30873
205	-2.73002
206	-4.84497
207	-5.15522
208	-1.85358
209	-1.8566
210	-4.66389
211	-5.05684
212	-2.72841
213	-4.62908
214	-8.88923
215	-3.27989
216	-10.1037
217	-4.81553
218	-16.0037
219	-15.3962
220	-2.70385
221	-4.86318
222	-12.1213
223	-3.86289
224	-3.39029
225	-9.88148
226	-4.63081
227	-1.28244
228	-3.52707
229	-2.82762
230	-3.23484
231	-2.28318
232	-1.42072
233	-9.94801
234	-2.81147
235	-16.9913
236	-55.5392
237	-45.5987
238	-5.01668
239	-31.7742
240	-3.43463
241	-36.4537
242	-2.83444
243	-3.30858
244	-3.26404
245	-3.19656
246	-4.51054
247	-3.67889
248	-2.02103
249	-4.09135
250	-5.0708
251	-4.83427
252	-4.9364
253	-4.70175
254	-4.95147
255	-3.04876
256	-3.24975
257	-3.327
258	-3.43731
259	-8.5937
260	-2.89139
261	-22.1975
262	-4.40099
263	-3.75616
264	-22.0899
265	-10.5677
266	-5.0335
267	-4.90408
268	-4.1864
269	-5.08272
270	-4.72817
271	-59.4448
272	-15.894
273	-4.94247
274	-4.82758
275	-12.9644
276	-28.7951
277	-4.79146
278	-7.33172
279	-3.5693
280	-9.11938
281	-9.27465
282	-8.4446
283	-7.93412
284	-8.83081
285	-20.1462
286	-1.64333
