#SITE	SITE_LOG_LIKELIHOODS
1	-4.412545783173032
2	-17.41341682651567
3	-29.24005311469596
4	-53.10809350418525
5	-28.31391363104211
6	-58.94018268690849
7	-15.41101659989202
8	-9.476709522025427
9	-12.49116763070175
10	-8.94674667746761
11	-7.165575112454553
12	-8.364696953635805
13	-9.518135390737449
14	-15.39520143959389
15	-7.565462698503479
16	-28.58441424115498
17	-9.518135390737449
18	-12.29540200115031
19	-45.96036149629423
20	-17.00803728410094
21	-7.924662164819721
22	-11.2392553850626
23	-15.44166980002683
24	-10.00027798578925
25	-7.355948555917093
26	-15.33710569474236
27	-8.739872352525495
28	-15.10927807742681
29	-8.253412284008363
30	-8.88962777135683
31	-9.373344409093329
32	-6.465393447741009
33	-93.77154436716107
34	-10.9608024927962
35	-6.581194669728954
36	-16.17026963490904
37	-28.54424883889475
38	-21.80172850029041
39	-12.82617544882729
40	-19.80534043464113
41	-48.21410584369654
42	-22.63333750828728
43	-7.359751097696355
44	-12.93698441751551
45	-14.24745984575637
46	-17.55163184544243
47	-8.346909960672734
48	-6.546624515066946
49	-7.589056386032792
50	-9.780735112041494
51	-6.31494591302657
52	-7.359751097696355
53	-11.44678281742413
54	-22.09420790021364
55	-7.726745035296741
56	-10.95586231155012
57	-10.83750592584583
58	-19.11091180133432
59	-6.512833721349021
60	-8.723430391962181
61	-8.210757946266792
62	-12.95393747915883
63	-7.337131336171709
64	-6.414156425306109
65	-7.869851904908778
66	-5.946181947768567
67	-68.30338936282079
68	-6.31494591302657
69	-14.13306789630083
70	-6.414156425306109
71	-6.465393447741009
72	-7.924662164819721
73	-14.98377728265729
74	-7.878032918791259
75	-7.692007849757824
76	-13.4999637650365
77	-7.434158198599882
78	-14.52413948732442
79	-8.50728992157333
80	-16.25151962401731
81	-7.923762361923876
82	-14.61798320967694
83	-6.845834497997224
84	-6.880317832754617
85	-13.89443363471555
86	-10.23949820140962
87	-16.89208480568791
88	-6.742144331904399
89	-7.589056386032792
90	-9.047365828900592
91	-8.02204956708627
92	-11.46234767869217
93	-7.687144201042786
94	-6.154821190802685
95	-6.226398995399168
96	-19.59653396333674
97	-12.97237136276424
98	-18.38149160649129
99	-6.845834497997224
100	-13.91066957199261
101	-7.617591062507316
102	-74.6365004060422
103	-6.130269922983359
104	-7.75696408058712
105	-7.355948555917093
106	-6.927306334361527
107	-10.63793318122628
108	-6.581194669728954
109	-7.012895258172797
110	-49.71882721250689
111	-6.828226280907296
112	-8.976948195148045
113	-6.843999388769829
114	-12.44996577189655
115	-5.946181947768567
116	-7.504087927680162
117	-14.22924482851011
118	-15.90524212113853
119	-11.29935448906679
120	-9.329593717780817
121	-54.28885645905169
122	-10.83750592584583
123	-7.354128902321195
124	-6.880317832754617
125	-14.68949650943769
126	-6.727302127142574
127	-13.17030276970889
128	-23.37920232348263
129	-6.546624515066946
130	-6.317006673480951
131	-9.68051867635538
132	-27.34680824490992
133	-6.880317832754617
134	-13.38471024735204
135	-20.05450128398912
136	-32.48331423075118
137	-6.807212867936706
138	-9.376398046217583
139	-13.54202841166994
140	-15.80276777091445
141	-7.89424297575566
142	-7.89424297575566
143	-12.83202059067566
144	-27.80200042101094
145	-8.450494547248589
146	-14.03733160843981
147	-7.438109215071778
148	-7.354128902321195
149	-14.23511211121185
150	-6.805933292973884
151	-7.825612266637558
152	-18.3059479856296
153	-7.961934049903552
154	-30.57419160808196
155	-6.843999388769829
156	-14.87759671727657
157	-12.8894490523921
158	-38.26018572875885
159	-6.512833721349021
160	-6.828226280907296
161	-14.77604172650796
162	-114.3438392338067
163	-20.35234533387487
164	-12.38912755676183
165	-8.729739097822932
166	-12.32402101698199
167	-6.807212867936706
168	-13.10964329464764
169	-11.0225038356659
170	-7.57408425297158
171	-10.01842449721336
172	-7.869851904908778
173	-15.68389292826423
174	-6.34660045661974
175	-9.295798673720654
176	-18.33899490633574
177	-14.86456659264515
178	-6.727302127142574
179	-7.901414428268184
180	-56.70588174671534
181	-19.67600809291548
182	-27.92317235076403
183	-18.05756514768999
184	-11.22186601358573
185	-20.17112954351184
186	-26.27882137261889
187	-7.775701944688115
188	-7.487576797381196
189	-6.512833721349021
190	-13.34760869854697
191	-7.515478847543601
192	-8.50728992157333
193	-7.429175683358658
194	-26.65928950083935
195	-8.964362885312479
196	-10.51469772958055
197	-7.726745035296741
198	-9.68051867635538
199	-11.31188493739318
200	-11.43050324430124
201	-8.238683244521191
202	-8.822327459513387
203	-15.0668629446802
204	-20.31995360670791
205	-8.50728992157333
206	-9.593246172139976
207	-9.872229031354465
208	-5.754813049627461
209	-5.946181947768567
210	-8.066367737287299
211	-16.61077444221472
212	-6.546624515066946
213	-30.18025227502367
214	-11.79149038609732
215	-7.848786398545328
216	-12.44316070438065
217	-7.355948555917093
218	-21.64180062975308
219	-22.64750109209516
220	-12.47615721368476
221	-8.226797447581507
222	-15.66762554074774
223	-7.726745035296741
224	-6.522374801441034
225	-11.52119794509339
226	-6.774372851410845
227	-5.754813049627461
228	-6.414156425306109
229	-7.165575112454553
230	-7.354128902321195
231	-6.546624515066946
232	-12.92292300990407
233	-17.21589018249253
234	-7.002844193928391
235	-20.24909874638535
236	-72.60092413787713
237	-88.21064202617441
238	-14.14885399324476
239	-31.50108515867503
240	-18.68804919673794
241	-36.5446486377835
242	-15.23537442194287
243	-7.172696709058918
244	-8.446255874994922
245	-7.818608690392169
246	-10.86560081670181
247	-7.762936098699338
248	-7.648744944523021
249	-7.355948555917093
250	-15.52120583253313
251	-10.0658642861637
252	-7.012895258172797
253	-10.00756431045181
254	-12.37827637617542
255	-27.73773312510075
256	-24.78229618459282
257	-12.22356471025546
258	-7.617591062507316
259	-19.33870541746735
260	-7.364998611674593
261	-29.41458624083376
262	-10.59220107157762
263	-9.11075396999459
264	-65.13254000057249
265	-27.42979187235732
266	-7.424917630065748
267	-9.68051867635538
268	-5.946181947768567
269	-8.934910937710791
270	-6.812547361250999
271	-79.02685224944179
272	-25.90970669914203
273	-10.67951111792626
274	-14.29819828970246
275	-13.556626427235
276	-30.97185227785131
277	-7.607854782932309
278	-23.52807595366899
279	-7.355621271577053
280	-16.80488937869702
281	-15.10501224387334
282	-17.36118496609423
283	-10.70050717075416
284	-16.99435647799327
285	-22.51530972387576
286	-5.745265854959816
