#SITE	SITE_LOG_LIKELIHOOD
1	-15.1459
2	-10.7099
3	-104.73
4	-15.7858
5	-5.8406
6	-10.7668
7	-7.46764
8	-8.14806
9	-9.08935
10	-12.7961
11	-27.801
12	-7.94821
13	-9.05484
14	-22.3593
15	-13.0152
16	-7.00649
17	-14.2619
18	-39.3055
19	-15.9762
20	-13.0693
21	-17.6777
22	-30.8041
23	-18.7327
24	-10.1225
25	-32.3898
26	-18.5154
27	-24.6968
28	-5.54826
29	-23.0535
30	-8.97542
31	-17.7455
32	-10.5354
33	-5.94473
34	-6.3334
35	-15.7715
36	-6.49324
37	-19.0065
38	-14.4435
39	-6.57699
40	-4.30247
41	-8.23112
42	-14.4803
43	-22.5641
44	-22.7002
45	-41.8351
46	-8.2655
47	-98.9962
48	-17.7654
49	-10.663
50	-12.4855
51	-11.6205
52	-11.5337
53	-23.9247
54	-9.78863
55	-8.09937
56	-12.1953
57	-10.4743
58	-21.6304
59	-27.0671
60	-26.8547
61	-28.2759
62	-6.28105
63	-8.6808
64	-7.30837
65	-57.1719
66	-13.2243
67	-13.0289
68	-19.0426
69	-22.0575
70	-8.21816
71	-5.09298
72	-70.1144
73	-10.9726
74	-13.3022
75	-16.0822
76	-20.4771
77	-10.7376
78	-13.4289
79	-19.1541
80	-7.94771
81	-8.62467
82	-53.1866
83	-8.65079
84	-16.6935
85	-7.41696
86	-11.1662
87	-13.0637
88	-24.2509
89	-7.83225
90	-27.7272
91	-12.8642
92	-11.6762
93	-11.3843
94	-5.95871
95	-2.95334
96	-5.86213
97	-7.72096
98	-7.92609
99	-6.19825
100	-10.5082
101	-9.74991
102	-6.37933
103	-26.3643
104	-11.7398
105	-6.94651
106	-13.6596
107	-5.52979
108	-8.58752
109	-4.57397
110	-6.97546
111	-28.5762
112	-12.189
113	-8.68924
114	-24.9148
115	-8.5406
116	-10.8073
117	-11.9959
118	-13.4132
119	-4.73256
120	-12.8863
121	-4.65548
122	-24.4934
123	-18.8367
124	-11.3325
125	-61.0443
126	-17.1615
127	-14.9574
128	-19.6768
129	-72.3285
130	-14.1466
131	-6.57392
132	-15.3844
133	-19.8251
134	-10.2338
135	-12.4713
136	-18.7161
137	-15.2577
138	-23.9071
139	-13.1415
140	-19.9961
141	-6.44789
142	-12.3513
143	-6.78418
144	-27.4172
145	-10.1597
146	-17.3742
147	-8.69049
148	-11.9491
149	-48.1405
150	-40.1461
151	-7.87119
152	-14.5893
153	-26.4574
154	-13.7517
155	-9.94469
156	-61.0748
157	-14.5511
158	-15.214
159	-91.1672
160	-10.532
161	-20.7974
162	-14.3041
163	-7.37392
164	-10.2861
165	-15.0322
166	-15.3178
167	-6.94603
168	-6.95653
169	-9.58453
170	-52.5851
171	-23.8386
172	-35.1737
173	-5.75712
174	-11.8931
175	-17.0064
176	-19.0363
177	-14.2725
178	-6.54258
179	-14.6907
180	-15.6549
181	-17.1731
182	-6.29201
183	-18.4172
184	-5.23522
185	-37.8733
186	-7.69339
187	-7.17043
188	-16.5332
189	-15.1888
190	-10.6227
191	-7.52904
192	-10.3352
193	-11.3403
194	-15.5453
195	-7.08117
196	-76.4165
197	-18.6635
198	-14.3956
199	-29.5965
200	-8.89629
201	-7.81151
202	-8.55671
203	-7.2672
204	-10.1913
205	-21.0168
206	-7.20993
207	-5.78796
208	-10.9577
209	-16.402
210	-15.1393
211	-7.8221
212	-15.6857
213	-8.69927
214	-11.1579
215	-16.9529
216	-7.6841
217	-18.1289
218	-10.7389
219	-7.0677
220	-8.20919
221	-7.78029
222	-9.57402
223	-19.6148
224	-10.8223
225	-18.7338
226	-14.6296
227	-24.827
228	-19.4091
229	-30.6363
230	-5.40577
231	-33.8904
232	-32.3685
233	-22.248
234	-17.8916
235	-15.1319
236	-20.2928
237	-10.1285
238	-17.4111
239	-9.19732
240	-16.1126
241	-8.74535
242	-26.402
243	-11.8598
244	-12.6813
245	-11.4609
246	-5.09312
247	-17.3026
248	-66.8527
249	-19.8734
250	-8.13597
251	-5.84669
252	-14.1419
253	-12.4628
254	-8.13997
255	-15.135
256	-5.93012
257	-7.49138
258	-7.36841
259	-12.9752
260	-11.3647
261	-8.30522
262	-9.30787
263	-33.1516
264	-10.2841
265	-19.2061
266	-7.92576
267	-12.3009
268	-7.52143
269	-75.4985
270	-7.80051
271	-20.6505
272	-11.6434
273	-10.5601
274	-10.6882
275	-13.3511
276	-6.32735
277	-8.10711
278	-20.7464
279	-19.5142
280	-18.4094
281	-9.50037
282	-14.5485
283	-21.4558
284	-6.80098
285	-5.92225
286	-9.038
