#SITE	SITE_LOG_LIKELIHOOD
1	-7.77156e-16
2	-7.77156e-16
3	-12.6042
4	-25.1493
5	-22.9285
6	-20.2867
7	-3.80004
8	-3.69244
9	-6.72816
10	-5.06802
11	-4.80862
12	-4.39051
13	-3.69244
14	-4.14529
15	-3.41986
16	-21.7238
17	-3.69244
18	-4.70697
19	-3.69244
20	-11.0934
21	-4.81515
22	-6.19863
23	-11.5955
24	-4.44308
25	-4.70697
26	-4.70154
27	-4.70697
28	-3.88389
29	-4.63622
30	-4.95681
31	-5.06802
32	-5.98194
33	-53.3729
34	-4.44308
35	-4.89184
36	-4.44308
37	-10.7793
38	-10.643
39	-4.46312
40	-4.04322
41	-30.3162
42	-4.81515
43	-4.04322
44	-5.44419
45	-11.0031
46	-4.89184
47	-5.44419
48	-4.78992
49	-3.69244
50	-3.41986
51	-4.44308
52	-4.04322
53	-3.80004
54	-18.1175
55	-3.69244
56	-4.54922
57	-3.41986
58	-11.4441
59	-3.80004
60	-3.41986
61	-4.78992
62	-4.89184
63	-3.80004
64	-6.80002
65	-4.69929
66	-5.44419
67	-10.7083
68	-4.44308
69	-10.552
70	-6.80002
71	-5.98194
72	-4.81515
73	-11.0198
74	-3.6283
75	-6.49525
76	-4.04322
77	-3.67502
78	-4.54284
79	-3.69244
80	-10.3579
81	-3.84042
82	-4.54284
83	-4.78992
84	-3.41986
85	-10.3187
86	-4.53435
87	-4.89184
88	-4.70154
89	-3.69244
90	-4.63622
91	-4.0639
92	-5.71695
93	-4.80862
94	-6.19863
95	-6.44898
96	-11.7647
97	-4.70154
98	-4.70154
99	-4.78992
100	-3.69244
101	-4.54284
102	-10.361
103	-6.19406
104	-4.46312
105	-4.70697
106	-4.54605
107	-4.44308
108	-4.89184
109	-5.98194
110	-51.1132
111	-3.88389
112	-3.41986
113	-4.53435
114	-10.2305
115	-5.44419
116	-4.53856
117	-10.7696
118	-10.2409
119	-10.3322
120	-3.6283
121	-44.7806
122	-3.41986
123	-3.41986
124	-3.41986
125	-5.06802
126	-4.54922
127	-12.2229
128	-4.44308
129	-4.78992
130	-5.77205
131	-4.44308
132	-3.41986
133	-3.41986
134	-6.02766
135	-9.18747
136	-23.3556
137	-3.69244
138	-3.41986
139	-10.0732
140	-13.1641
141	-4.04322
142	-4.04322
143	-4.69929
144	-11.3708
145	-4.3029
146	-3.89107
147	-4.80481
148	-3.41986
149	-12.5089
150	-3.89107
151	-3.80004
152	-12.6907
153	-4.80862
154	-17.7029
155	-4.53435
156	-11.9555
157	-4.54605
158	-4.54922
159	-3.80004
160	-3.88389
161	-4.53435
162	-3.80004
163	-5.77431
164	-4.89184
165	-4.53856
166	-4.89184
167	-3.69244
168	-6.02766
169	-4.63622
170	-3.41943
171	-3.88389
172	-4.69929
173	-4.04322
174	-4.53435
175	-3.41986
176	-3.80004
177	-4.53435
178	-4.54922
179	-4.80481
180	-4.54922
181	-17.0815
182	-3.41986
183	-4.44308
184	-5.44419
185	-10.4154
186	-3.41943
187	-4.54922
188	-3.69244
189	-3.80004
190	-5.71695
191	-3.69244
192	-3.69244
193	-4.54922
194	-4.44308
195	-4.70154
196	-4.05563
197	-3.69244
198	-4.44308
199	-3.41986
200	-4.05563
201	-4.46312
202	-4.95681
203	-3.84042
204	-13.5786
205	-3.69244
206	-3.69244
207	-4.70154
208	-5.77431
209	-5.44419
210	-4.54284
211	-12.3945
212	-4.78992
213	-18.4935
214	-4.54605
215	-3.41986
216	-4.3029
217	-4.70697
218	-3.89107
219	-4.80862
220	-9.98742
221	-4.39051
222	-4.54284
223	-3.69244
224	-4.70697
225	-3.41943
226	-4.04322
227	-5.77431
228	-6.80002
229	-4.80862
230	-3.41986
231	-4.78992
232	-10.2676
233	-4.54922
234	-4.3029
235	-3.67545
236	-17.6812
237	-45.278
238	-10.0427
239	-4.29882
240	-11.0561
241	-3.80004
242	-19.44
243	-5.06802
244	-4.54605
245	-3.41986
246	-3.69244
247	-3.88389
248	-4.04322
249	-4.70697
250	-13.8911
251	-5.77205
252	-5.98194
253	-3.67502
254	-4.63622
255	-25.8309
256	-24.4233
257	-10.0398
258	-4.54284
259	-12.5124
260	-6.44898
261	-3.69244
262	-3.84042
263	-4.78992
264	-48.585
265	-17.3017
266	-3.41943
267	-4.44308
268	-5.44419
269	-3.41986
270	-4.63622
271	-19.2519
272	-11.5875
273	-4.70154
274	-12.6515
275	-4.80862
276	-3.41986
277	-4.0542
278	-15.8972
279	-4.04322
280	-9.60739
281	-3.41943
282	-9.72642
283	-4.80862
284	-10.8235
285	-6.17532
286	-5.75876
