#SITE	SITE_LOG_LIKELIHOOD
1	-5.3493
2	-16.5664
3	-17.306
4	-26.0171
5	-5.56733
6	-38.0482
7	-13.3738
8	-5.21953
9	-4.71974
10	-3.79018
11	-4.33849
12	-5.64252
13	-4.87312
14	-10.4935
15	-4.73073
16	-11.3659
17	-4.87312
18	-6.74448
19	-41.0277
20	-5.28416
21	-4.86116
22	-4.87312
23	-4.36137
24	-5.92569
25	-5.29489
26	-10.2778
27	-4.79512
28	-12.8402
29	-5.18255
30	-4.70716
31	-4.89272
32	-4.70716
33	-19.6408
34	-4.36137
35	-4.43597
36	-10.7069
37	-19.4878
38	-11.8041
39	-4.75232
40	-13.774
41	-19.2153
42	-18.9185
43	-4.75232
44	-6.06226
45	-4.7104
46	-17.3281
47	-4.25843
48	-4.65223
49	-4.14855
50	-5.53352
51	-5.04981
52	-4.75232
53	-5.05021
54	-4.7104
55	-3.79018
56	-4.78961
57	-4.69144
58	-4.87312
59	-5.12383
60	-5.64252
61	-4.43597
62	-10.2778
63	-4.76547
64	-4.87312
65	-5.29489
66	-5.3493
67	-58.7625
68	-5.04981
69	-4.48302
70	-4.87312
71	-4.70716
72	-4.86116
73	-4.25843
74	-3.92127
75	-6.44456
76	-11.9911
77	-4.73073
78	-12.108
79	-3.46163
80	-4.98152
81	-4.76547
82	-11.1096
83	-5.0106
84	-4.71974
85	-5.16351
86	-5.23983
87	-15.6867
88	-5.23983
89	-4.14855
90	-4.75232
91	-5.12383
92	-5.12383
93	-4.33332
94	-5.92569
95	-5.73114
96	-4.62315
97	-12.1287
98	-12.4046
99	-5.0106
100	-10.8856
101	-4.86116
102	-63.6986
103	-6.06226
104	-4.6646
105	-5.29489
106	-5.21953
107	-4.5051
108	-4.43597
109	-5.05021
110	-5.56733
111	-3.79018
112	-4.79512
113	-4.65223
114	-5.11068
115	-5.3493
116	-4.5051
117	-4.89272
118	-4.57419
119	-4.43597
120	-3.46163
121	-6.74448
122	-4.69144
123	-4.36137
124	-4.71974
125	-10.9923
126	-4.84138
127	-5.3493
128	-20.0825
129	-4.65223
130	-5.53352
131	-4.48302
132	-26.3896
133	-4.71974
134	-11.4679
135	-10.1432
136	-9.83814
137	-4.25843
138	-4.5051
139	-4.79512
140	-4.7104
141	-4.78743
142	-4.78743
143	-9.5783
144	-14.1798
145	-4.78961
146	-9.88544
147	-4.84138
148	-4.36137
149	-4.87312
150	-3.80155
151	-5.92569
152	-5.53352
153	-5.3493
154	-14.0283
155	-4.65223
156	-5.56733
157	-10.8704
158	-36.904
159	-5.12383
160	-3.79018
161	-13.2714
162	-104.386
163	-18.8956
164	-9.5907
165	-5.65326
166	-10.1608
167	-4.25843
168	-11.0153
169	-9.58921
170	-4.71974
171	-4.33332
172	-5.29489
173	-11.6013
174	-5.0106
175	-4.78961
176	-15.8439
177	-12.6482
178	-4.84138
179	-4.79512
180	-51.0527
181	-5.28416
182	-25.6783
183	-11.0079
184	-10.6335
185	-10.3528
186	-22.0531
187	-4.79512
188	-3.80155
189	-5.12383
190	-10.058
191	-3.92127
192	-3.46163
193	-4.48302
194	-22.7929
195	-4.43597
196	-3.92127
197	-3.79018
198	-4.48302
199	-3.92127
200	-4.36137
201	-4.98152
202	-5.15875
203	-10.5988
204	-9.9022
205	-3.46163
206	-4.33332
207	-5.0106
208	-6.21007
209	-5.3493
210	-4.72038
211	-4.73073
212	-4.65223
213	-4.70716
214	-10.2112
215	-4.37236
216	-10.927
217	-5.29489
218	-15.73
219	-17.2936
220	-5.12383
221	-5.03236
222	-12.1412
223	-3.79018
224	-5.65326
225	-9.02647
226	-5.11068
227	-6.21007
228	-4.87312
229	-4.33849
230	-4.36137
231	-4.65223
232	-4.70716
233	-11.8395
234	-4.78743
235	-16.8307
236	-50.5193
237	-47.8624
238	-4.76547
239	-30.3098
240	-4.62315
241	-33.8123
242	-4.75232
243	-4.7104
244	-4.33849
245	-4.34992
246	-4.37236
247	-4.25843
248	-5.16351
249	-5.29489
250	-4.65223
251	-4.75232
252	-5.05021
253	-5.64252
254	-4.98152
255	-4.76547
256	-4.7104
257	-4.89272
258	-4.86116
259	-10.2699
260	-6.06226
261	-24.7928
262	-4.79512
263	-5.16351
264	-23.5685
265	-11.1546
266	-4.37236
267	-4.48302
268	-5.3493
269	-4.65223
270	-4.43597
271	-60.2382
272	-17.1528
273	-4.57419
274	-5.5932
275	-11.2541
276	-30.4236
277	-4.78961
278	-9.2426
279	-4.74865
280	-8.64613
281	-9.56552
282	-8.86343
283	-8.55865
284	-8.97803
285	-21.3939
286	-6.20005
