#SITE	SITE_LOG_LIKELIHOOD
1	-1.43782
2	-16.6689
3	-16.1013
4	-25.0014
5	-4.20704
6	-36.3814
7	-12.9629
8	-5.31398
9	-5.05818
10	-4.21366
11	-3.74483
12	-5.14416
13	-4.19227
14	-9.4507
15	-5.32793
16	-11.9001
17	-4.03046
18	-3.71754
19	-35.7287
20	-3.98177
21	-3.83683
22	-4.45144
23	-3.41407
24	-5.10585
25	-4.63926
26	-10.0332
27	-3.51187
28	-11.9948
29	-5.13976
30	-4.19405
31	-3.54275
32	-4.51573
33	-26.6089
34	-4.16302
35	-1.82182
36	-10.5102
37	-18.3592
38	-11.476
39	-5.01534
40	-12.3041
41	-18.5435
42	-21.5809
43	-2.26125
44	-2.68877
45	-4.26968
46	-16.5234
47	-3.97751
48	-2.87269
49	-4.18857
50	-5.12578
51	-4.25512
52	-2.96677
53	-4.97828
54	-4.69261
55	-4.04161
56	-4.48007
57	-4.62192
58	-4.36
59	-3.08506
60	-5.34939
61	-4.91675
62	-9.82791
63	-3.8427
64	-1.22844
65	-2.0559
66	-3.62074
67	-58.5202
68	-2.05426
69	-2.06895
70	-2.98288
71	-1.14755
72	-3.24824
73	-4.2158
74	-2.93909
75	-3.09474
76	-10.4053
77	-4.80778
78	-13.0634
79	-2.31393
80	-4.86305
81	-4.1123
82	-10.0441
83	-2.33654
84	-5.23822
85	-4.46523
86	-4.75549
87	-14.3107
88	-4.68603
89	-3.39505
90	-5.06128
91	-3.54216
92	-4.8693
93	-3.09877
94	-5.23716
95	-2.58443
96	-4.81335
97	-11.373
98	-11.9746
99	-4.25273
100	-9.45295
101	-4.36702
102	-63.6767
103	-2.72508
104	-2.58307
105	-2.94323
106	-4.46752
107	-3.30407
108	-4.54548
109	-5.07877
110	-3.79346
111	-4.36488
112	-5.45268
113	-4.65018
114	-2.40092
115	-2.89342
116	-3.52523
117	-3.29548
118	-5.05154
119	-3.51127
120	-2.41453
121	-1.92446
122	-5.11954
123	-2.90372
124	-3.69331
125	-9.63903
126	-4.26817
127	-4.37064
128	-27.2691
129	-0.807591
130	-1.53448
131	-3.49661
132	-23.6782
133	-3.5601
134	-9.42509
135	-9.01555
136	-15.5226
137	-3.52112
138	-5.12995
139	-4.80457
140	-3.27261
141	-2.85203
142	-2.32219
143	-7.82921
144	-13.6313
145	-5.07748
146	-8.99039
147	-4.19536
148	-5.35107
149	-3.55061
150	-3.84077
151	-5.06338
152	-5.20626
153	-4.66262
154	-12.9706
155	-1.05281
156	-5.13405
157	-10.614
158	-34.4678
159	-3.92642
160	-4.0373
161	-11.0939
162	-97.2628
163	-17.1474
164	-14.3162
165	-3.98211
166	-9.9459
167	-3.87463
168	-9.14057
169	-9.85259
170	-4.79548
171	-5.17965
172	-5.06094
173	-10.8482
174	-2.27716
175	-5.18601
176	-15.6629
177	-14.4413
178	-2.88438
179	-2.4541
180	-47.6391
181	-2.39512
182	-24.7008
183	-11.1611
184	-8.55915
185	-8.73646
186	-21.3051
187	-3.84364
188	-3.81676
189	-5.08781
190	-9.77996
191	-3.37509
192	-3.5813
193	-5.18931
194	-22.057
195	-4.45312
196	-5.38238
197	-2.83106
198	-4.43427
199	-5.28693
200	-5.23701
201	-3.58556
202	-4.45424
203	-15.2483
204	-9.10703
205	-2.51525
206	-4.82262
207	-5.2045
208	-1.2807
209	-1.41044
210	-4.60221
211	-5.08589
212	-2.20746
213	-4.56032
214	-8.454
215	-2.94283
216	-9.94763
217	-4.71149
218	-15.606
219	-15.4845
220	-2.42106
221	-4.80831
222	-12.0695
223	-3.73561
224	-2.94939
225	-9.85677
226	-4.50711
227	-0.954548
228	-3.17918
229	-2.57381
230	-3.03086
231	-1.61528
232	-1.16616
233	-9.93646
234	-2.60609
235	-16.4494
236	-59.3415
237	-45.5628
238	-4.98402
239	-26.5994
240	-3.26494
241	-36.2634
242	-2.63284
243	-3.13371
244	-3.06421
245	-3.00584
246	-4.45374
247	-3.55286
248	-1.8462
249	-3.82097
250	-5.07613
251	-4.7322
252	-4.8979
253	-4.5554
254	-4.96832
255	-2.76755
256	-3.10024
257	-3.08715
258	-3.08161
259	-8.71268
260	-2.78737
261	-21.0528
262	-4.28591
263	-3.39371
264	-21.9178
265	-10.6745
266	-4.98771
267	-4.82704
268	-3.94446
269	-5.06529
270	-4.67691
271	-58.0665
272	-15.2909
273	-4.94868
274	-4.83201
275	-12.9366
276	-29.3271
277	-4.71355
278	-7.22815
279	-3.32109
280	-9.2117
281	-9.36856
282	-8.3821
283	-7.76824
284	-8.88433
285	-19.8462
286	-1.0287
