#SITE	SITE_LOG_LIKELIHOOD
1	-1.81833
2	-16.9737
3	-27.9255
4	-48.0979
5	-25.9807
6	-55.5937
7	-15.4699
8	-10.0603
9	-10.5897
10	-8.43133
11	-7.21297
12	-8.08462
13	-8.7321
14	-13.9454
15	-8.22999
16	-28.8148
17	-9.01429
18	-11.3513
19	-41.3457
20	-18.4009
21	-7.70138
22	-10.0643
23	-13.1375
24	-9.39636
25	-7.49573
26	-14.9455
27	-8.039
28	-14.8045
29	-8.88337
30	-8.42123
31	-8.00604
32	-7.66979
33	-93.8932
34	-9.10999
35	-3.60657
36	-15.5532
37	-27.3414
38	-21.6902
39	-11.1305
40	-16.8753
41	-45.2537
42	-24.5439
43	-4.43896
44	-10.5077
45	-13.9772
46	-18.2581
47	-7.2842
48	-5.08826
49	-7.21227
50	-9.84026
51	-6.07639
52	-5.44057
53	-10.5713
54	-22.6209
55	-7.46805
56	-9.9913
57	-9.77729
58	-16.0365
59	-4.20187
60	-8.48203
61	-9.14823
62	-12.3306
63	-6.27288
64	-2.59921
65	-4.74847
66	-5.89939
67	-67.1659
68	-2.36016
69	-14.0324
70	-5.25357
71	-2.61986
72	-6.70378
73	-13.3995
74	-5.78412
75	-5.06762
76	-12.0235
77	-7.24114
78	-15.3177
79	-5.64334
80	-16.2956
81	-7.03935
82	-13.5633
83	-4.49712
84	-7.21069
85	-13.4384
86	-9.89597
87	-16.0741
88	-7.70353
89	-6.52538
90	-9.21357
91	-6.08774
92	-10.2463
93	-6.55153
94	-7.7537
95	-3.98603
96	-17.0011
97	-13.6076
98	-16.886
99	-7.0875
100	-12.2829
101	-8.09444
102	-76.5502
103	-4.35565
104	-4.86081
105	-5.36153
106	-6.65567
107	-8.54473
108	-7.38501
109	-8.82957
110	-49.7887
111	-6.97012
112	-9.69378
113	-8.23337
114	-9.54673
115	-4.51708
116	-6.30755
117	-12.2067
118	-15.7937
119	-11.2911
120	-6.7211
121	-52.6795
122	-10.4631
123	-5.21504
124	-5.26255
125	-13.4174
126	-6.46393
127	-13.9848
128	-27.3778
129	-1.5972
130	-2.74218
131	-7.79134
132	-25.8798
133	-5.03953
134	-11.7042
135	-17.6068
136	-36.0548
137	-5.19208
138	-9.40119
139	-13.5468
140	-13.8916
141	-5.77906
142	-4.98894
143	-10.7132
144	-26.1834
145	-8.69506
146	-12.3953
147	-6.96939
148	-8.33024
149	-13.3507
150	-6.14352
151	-7.83075
152	-17.9202
153	-8.73048
154	-29.8317
155	-2.70469
156	-15.7802
157	-14.5604
158	-36.3649
159	-5.32063
160	-6.21079
161	-13.2464
162	-103.679
163	-18.8749
164	-13.9918
165	-7.25153
166	-13.2755
167	-5.65015
168	-11.4195
169	-13.1188
170	-7.8779
171	-10.7288
172	-8.72408
173	-14.8237
174	-3.67993
175	-9.88897
176	-17.9225
177	-14.699
178	-4.31965
179	-4.87273
180	-52.2589
181	-16.4922
182	-28.4253
183	-16.6227
184	-10.1619
185	-20.8097
186	-25.7368
187	-6.95993
188	-6.5312
189	-7.02109
190	-13.7666
191	-5.97213
192	-7.39173
193	-8.48069
194	-25.4281
195	-8.95553
196	-10.5322
197	-5.95247
198	-9.00054
199	-11.1945
200	-10.2845
201	-6.27722
202	-7.18856
203	-18.1223
204	-18.9333
205	-5.81895
206	-9.45118
207	-9.96843
208	-1.73454
209	-2.22795
210	-8.166
211	-15.775
212	-4.04837
213	-28.9561
214	-11.1956
215	-5.82955
216	-11.7282
217	-7.68557
218	-20.5775
219	-20.2413
220	-9.264
221	-8.28159
222	-16.1561
223	-6.87375
224	-4.34771
225	-13.2854
226	-6.41759
227	-1.04967
228	-5.61043
229	-5.21726
230	-5.19326
231	-3.36791
232	-9.26394
233	-13.8018
234	-4.0787
235	-19.2296
236	-76.6565
237	-87.0108
238	-14.1114
239	-28.8313
240	-14.8877
241	-38.549
242	-13.09
243	-5.72558
244	-6.64677
245	-5.6874
246	-9.4973
247	-6.2383
248	-3.91821
249	-6.44203
250	-15.2807
251	-9.33081
252	-8.62823
253	-8.98133
254	-11.3017
255	-26.2003
256	-23.7738
257	-10.783
258	-6.38484
259	-18.3571
260	-4.38595
261	-26.5819
262	-9.91723
263	-7.85594
264	-62.4113
265	-26.6025
266	-7.96169
267	-9.56717
268	-6.40651
269	-9.55148
270	-7.90064
271	-73.8206
272	-23.3855
273	-10.389
274	-14.6374
275	-14.6861
276	-31.9817
277	-7.89796
278	-24.6103
279	-5.79537
280	-18.0174
281	-13.4248
282	-22.3267
283	-11.1072
284	-17.9893
285	-22.7723
286	-1.4898
