#SITE	SITE_LOG_LIKELIHOOD
1	-7.39891
2	-3.84862
3	-4.18161
4	-5.17293
5	-4.07414
6	-4.48591
7	-3.76229
8	-4.5402
9	-3.89389
10	-3.84825
11	-3.11323
12	-3.54107
13	-3.63471
14	-4.19042
15	-4.4435
16	-3.14355
17	-3.45615
18	-3.34139
19	-5.05213
20	-4.71853
21	-4.60322
22	-3.65027
23	-2.63911
24	-4.4804
25	-17.9752
26	-12.437
27	-15.472
28	-3.43643
29	-4.53667
30	-4.03288
31	-9.32763
32	-4.1236
33	-5.25063
34	-5.22654
35	-11.78
36	-4.94211
37	-4.20708
38	-11.2005
39	-4.88378
40	-2.68456
41	-4.61784
42	-10.0195
43	-11.1093
44	-8.77684
45	-3.39609
46	-4.84878
47	-55.123
48	-5.45294
49	-3.26539
50	-4.27231
51	-3.79517
52	-2.45589
53	-12.8299
54	-4.81721
55	-4.29141
56	-3.89546
57	-3.50756
58	-13.5831
59	-24.5744
60	-24.904
61	-11.8549
62	-3.53251
63	-4.90795
64	-3.8902
65	-5.76406
66	-3.48103
67	-3.928
68	-15.2315
69	-7.85018
70	-5.29346
71	-4.34295
72	-18.3161
73	-3.99974
74	-9.52251
75	-12.9571
76	-16.1204
77	-3.31774
78	-7.72728
79	-11.68
80	-4.18394
81	-6.031
82	-51.148
83	-5.88078
84	-4.17899
85	-3.46185
86	-5.79588
87	-3.26185
88	-18.5144
89	-5.98682
90	-10.6855
91	-6.55016
92	-3.83996
93	-6.30181
94	-4.14391
95	-2.46134
96	-4.14609
97	-4.97585
98	-4.20791
99	-3.9384
100	-3.42371
101	-4.39071
102	-5.49101
103	-23.1978
104	-8.63365
105	-5.43038
106	-5.07324
107	-4.50416
108	-4.49953
109	-7.77156e-16
110	-4.19467
111	-3.84327
112	-10.1151
113	-4.56684
114	-6.2337
115	-4.66682
116	-4.61187
117	-5.35648
118	-10.0836
119	-3.05073
120	-4.2476
121	-4.22134
122	-11.17
123	-8.54259
124	-2.56673
125	-29.7266
126	-12.472
127	-3.84904
128	-15.3036
129	-14.3505
130	-3.11114
131	-3.95647
132	-9.65242
133	-11.6375
134	-2.71799
135	-4.31618
136	-8.12884
137	-9.93123
138	-18.2185
139	-6.83059
140	-12.8255
141	-4.9784
142	-8.51493
143	-4.12555
144	-17.1743
145	-4.68677
146	-9.59187
147	-4.08844
148	-4.76181
149	-30.8532
150	-23.8825
151	-4.11019
152	-10.9186
153	-3.79418
154	-4.78318
155	-5.98044
156	-20.3568
157	-11.7329
158	-9.3698
159	-47.0559
160	-5.86688
161	-10.1322
162	-3.87358
163	-3.68644
164	-7.69376
165	-5.23932
166	-4.1291
167	-4.26747
168	-5.14589
169	-5.4647
170	-44.6043
171	-5.05489
172	-3.7475
173	-3.59884
174	-4.71562
175	-19.6854
176	-12.2595
177	-7.21839
178	-3.99443
179	-8.60353
180	-5.46988
181	-9.53821
182	-5.28095
183	-9.82917
184	-3.98752
185	-28.9233
186	-4.32929
187	-3.40172
188	-10.9841
189	-4.63163
190	-5.94578
191	-5.77677
192	-5.41624
193	-4.52391
194	-5.10515
195	-4.52177
196	-20.0306
197	-3.93126
198	-9.89362
199	-3.89504
200	-4.69435
201	-5.9771
202	-5.40774
203	-3.62086
204	-3.94954
205	-9.785
206	-4.07079
207	-4.11687
208	-2.75833
209	-13.0894
210	-12.9703
211	-3.56915
212	-5.55112e-16
213	-4.49962
214	-5.54771
215	-9.3778
216	-4.42555
217	-10.7861
218	-4.60214
219	-2.63853
220	-6.09665
221	-3.93737
222	-3.69725
223	-4.4326
224	-6.26538
225	-11.2577
226	-3.2478
227	-6.51576
228	-9.95246
229	-22.3123
230	-2.46554
231	-2.87742
232	-14.7349
233	-16.2865
234	-10.9863
235	-4.29594
236	-16.7102
237	-4.3528
238	-4.42865
239	-6.83783
240	-14.8501
241	-5.79097
242	-7.32771
243	-5.01983
244	-9.12348
245	-6.04116
246	-3.95471
247	-11.632
248	-53.4015
249	-4.21291
250	-4.32847
251	-4.77046
252	-10.5602
253	-10.3176
254	-5.10239
255	-4.80718
256	-2.56203
257	-5.80631
258	-4.06677
259	-10.3892
260	-6.47408
261	-3.70996
262	-5.39893
263	-3.28325
264	-6.07211
265	-4.83668
266	-3.56444
267	-4.11769
268	-4.37712
269	-10.2217
270	-4.50739
271	-12.5349
272	-8.31457
273	-4.55981
274	-7.29331
275	-11.0309
276	-4.65324
277	-5.89186
278	-9.25337
279	-10.9979
280	-11.6593
281	-4.48759
282	-8.0184
283	-10.7003
284	-4.01643
285	-4.81933
286	-3.87372
