#SITE	SITE_LOG_LIKELIHOODS
1	-3.803484649676755
2	-12.6083612105455
3	-29.14256865849776
4	-44.90215330472371
5	-23.71773446759493
6	-57.85139138079197
7	-14.67632179979059
8	-9.235748665297312
9	-10.8543606387829
10	-8.007343565698234
11	-6.700855741455134
12	-8.912795147344765
13	-7.654499154269392
14	-14.60901301804144
15	-6.877907424476477
16	-27.30993775288417
17	-7.654499154269392
18	-11.94225685639137
19	-39.85786805531645
20	-19.59776609382735
21	-8.39914403437767
22	-10.20044368026251
23	-15.30051659530836
24	-9.590606003412557
25	-6.768502687859223
26	-14.35807974937662
27	-9.36027893446883
28	-15.09458568787744
29	-10.01350235628523
30	-8.482324592503293
31	-8.591823630635758
32	-5.570308617582994
33	-89.0890379250926
34	-9.620592997309284
35	-4.986349836396457
36	-14.33559216889966
37	-30.06714685728767
38	-25.18030478737096
39	-11.78363508747781
40	-18.1208880446081
41	-45.02807833023261
42	-21.66267775368054
43	-6.455197470636218
44	-11.1911409297176
45	-14.24466779331252
46	-17.1499539178444
47	-6.629555101950763
48	-4.85891359720052
49	-7.711183919062734
50	-8.816965192291029
51	-5.913394723675704
52	-6.455197470636218
53	-8.686264895059878
54	-20.03115965749299
55	-6.708338863540753
56	-9.693817231378777
57	-9.394706082695043
58	-17.30241008808229
59	-5.137397290764405
60	-8.614915920796697
61	-7.1089664756072
62	-11.93539010100651
63	-6.289461202560188
64	-4.595181374318086
65	-7.908466976688246
66	-4.805392907238159
67	-63.44981991929929
68	-5.913394723675704
69	-14.25847786054393
70	-4.595181374318086
71	-5.570308617582994
72	-8.39914403437767
73	-14.32867459028565
74	-9.775257840252749
75	-7.43352994020679
76	-12.73069937447609
77	-7.362079458979176
78	-16.87958830973784
79	-7.484512485088477
80	-15.33842919369143
81	-8.454700184103807
82	-15.2762486515463
83	-6.269203024372068
84	-4.742230252118326
85	-15.27990714856326
86	-10.28883021928397
87	-15.91835063223818
88	-6.723454453318682
89	-7.711183919062734
90	-9.531520199500827
91	-7.944317806772167
92	-8.768031195701079
93	-8.613662956596665
94	-6.208016251110216
95	-6.278506634738553
96	-18.84407438154602
97	-13.28485868018162
98	-18.07049930356571
99	-6.269203024372068
100	-15.44342685782855
101	-8.862944529928098
102	-76.57469841461129
103	-6.000133631824329
104	-9.064797464114575
105	-6.768502687859223
106	-6.750517480266923
107	-10.72280293298702
108	-4.986349836396457
109	-6.930250823510841
110	-46.67655996098041
111	-5.269352098315978
112	-8.047279752836458
113	-6.205537437809733
114	-11.64694365784578
115	-4.805392907238159
116	-8.031726106135213
117	-14.98670422087602
118	-16.84837115673871
119	-10.72657839329978
120	-9.967313641887863
121	-46.76979975422605
122	-9.394706082695043
123	-6.666339724297697
124	-4.742230252118326
125	-14.5494876178578
126	-5.863349988874933
127	-13.95770737020122
128	-24.51606135504399
129	-4.85891359720052
130	-6.087164393803334
131	-9.274003240396416
132	-29.31440776181858
133	-4.742230252118326
134	-15.42575170311726
135	-19.05134949779533
136	-32.10638971174711
137	-4.332208342428571
138	-9.478925199244713
139	-14.46740717734868
140	-18.99057141109298
141	-7.773618039595681
142	-7.773618039595681
143	-13.6017751902373
144	-24.9999116504593
145	-9.206153920184057
146	-16.40984444009068
147	-7.427700194801107
148	-6.666339724297697
149	-14.34930990766328
150	-6.919719477056128
151	-7.662875617002663
152	-18.20359862508835
153	-7.769710701016199
154	-32.14822619143474
155	-6.205537437809733
156	-16.27037615240529
157	-16.95144808964054
158	-39.31896692388707
159	-5.137397290764405
160	-5.269352098315978
161	-16.72098845681301
162	-124.1906285183576
163	-22.43522323298923
164	-13.02405513121368
165	-9.234109689169415
166	-12.7539087243868
167	-4.332208342428571
168	-14.49356628539945
169	-10.79902154555048
170	-6.813290180552182
171	-9.508724641605685
172	-7.908466976688246
173	-15.98923856188463
174	-5.815401327741198
175	-8.717297612237063
176	-16.02052459827589
177	-15.90964230205554
178	-5.863349988874933
179	-8.244376494039093
180	-55.78779754460518
181	-20.14353123851875
182	-27.31949458044683
183	-17.41745729270178
184	-12.13144779249774
185	-19.99944327127787
186	-28.15132902536595
187	-7.394618288508778
188	-6.785304933024225
189	-5.137397290764405
190	-14.95637196881007
191	-7.188437099636142
192	-7.484512485088477
193	-7.413605150836083
194	-30.38508723791858
195	-8.076832264634801
196	-12.19948984040683
197	-6.708338863540753
198	-9.274003240396416
199	-10.85964809292954
200	-11.41965688753345
201	-8.583143262825065
202	-9.289809048535766
203	-17.01533515219085
204	-22.56522086930478
205	-7.484512485088477
206	-8.951628744004056
207	-9.675503794952395
208	-4.682772294747511
209	-4.805392907238159
210	-9.922694996298386
211	-18.7008093790907
212	-4.85891359720052
213	-30.36660496552377
214	-15.02181014009155
215	-7.110857566965902
216	-12.22501186041898
217	-6.768502687859223
218	-20.56570030757932
219	-20.30453820397339
220	-10.92011620940142
221	-8.581150371249501
222	-16.40194243276988
223	-6.708338863540753
224	-5.336122926547567
225	-12.47505088580578
226	-5.318016828554868
227	-4.682772294747511
228	-4.595181374318086
229	-6.700855741455134
230	-6.666339724297697
231	-4.85891359720052
232	-17.77435970785774
233	-17.073275859912
234	-5.960752990604336
235	-20.07560284257524
236	-68.84310723812116
237	-86.52512015416657
238	-14.51386931197091
239	-29.88570759492256
240	-19.75061452650565
241	-38.67595858333424
242	-15.24357685833582
243	-6.691564673864304
244	-8.501373182305784
245	-7.096785435508093
246	-8.89819178490464
247	-6.680589158625144
248	-7.609654979965925
249	-6.768502687859223
250	-16.06012499269915
251	-9.083951530786543
252	-6.930250823510841
253	-10.47668345777932
254	-11.01497936414756
255	-26.26969408350309
256	-24.49019145974406
257	-13.61258547158453
258	-8.862944529928098
259	-19.44992754332061
260	-7.528127840909588
261	-27.99507466284681
262	-10.63512208978823
263	-9.394559022655429
264	-58.1835733553399
265	-27.98836884013935
266	-7.322851289360273
267	-9.274003240396416
268	-4.805392907238159
269	-8.627174607390774
270	-6.031442788792489
271	-71.7913514602447
272	-26.2854180459327
273	-10.51212963862371
274	-15.62258411396696
275	-13.89271678118967
276	-28.60868617199919
277	-8.819548242048514
278	-24.3297683474087
279	-6.453013635162661
280	-17.22083502218235
281	-16.41499849757376
282	-18.67987346207401
283	-10.88637135110922
284	-17.0642269963487
285	-26.13548880446315
286	-4.67910625510874
