#SITE	SITE_LOG_LIKELIHOOD
1	-5.36517
2	-16.5811
3	-17.334
4	-26.0781
5	-5.58284
6	-37.6236
7	-13.3038
8	-5.21945
9	-4.70321
10	-3.80204
11	-4.36727
12	-5.62643
13	-4.90304
14	-10.5168
15	-4.71414
16	-11.297
17	-4.90304
18	-6.74471
19	-40.8552
20	-5.28415
21	-4.87718
22	-4.90304
23	-4.36094
24	-5.92512
25	-5.29484
26	-10.2974
27	-4.79399
28	-12.8484
29	-5.18203
30	-4.73503
31	-4.90859
32	-4.73503
33	-19.2032
34	-4.36094
35	-4.45078
36	-10.7274
37	-25.5614
38	-11.8186
39	-4.75225
40	-13.7855
41	-19.2375
42	-18.9463
43	-4.75225
44	-6.07811
45	-4.72329
46	-17.1314
47	-4.25499
48	-4.66789
49	-4.14431
50	-5.54794
51	-5.04683
52	-4.75225
53	-5.06272
54	-4.72329
55	-3.80204
56	-4.78899
57	-4.70455
58	-4.90304
59	-5.10641
60	-5.62643
61	-4.45078
62	-10.2974
63	-4.76413
64	-4.90304
65	-5.29484
66	-5.36517
67	-58.7544
68	-5.04683
69	-4.49835
70	-4.90304
71	-4.73503
72	-4.87718
73	-4.25499
74	-3.93382
75	-6.45755
76	-11.9825
77	-4.71414
78	-12.0568
79	-3.48528
80	-4.98103
81	-4.76413
82	-11.1295
83	-5.01017
84	-4.70321
85	-5.14754
86	-5.25429
87	-15.4735
88	-5.25429
89	-4.14431
90	-4.75225
91	-5.10641
92	-5.10641
93	-4.3632
94	-5.92512
95	-5.7593
96	-4.63875
97	-16.266
98	-12.4289
99	-5.01017
100	-10.8981
101	-4.87718
102	-62.3563
103	-6.07811
104	-4.68062
105	-5.29484
106	-5.21945
107	-4.52034
108	-4.45078
109	-5.06272
110	-5.58284
111	-3.80204
112	-4.79399
113	-4.66789
114	-5.09452
115	-5.36517
116	-4.52034
117	-4.90859
118	-4.58654
119	-4.45078
120	-3.48528
121	-6.74471
122	-4.70455
123	-4.36094
124	-4.70321
125	-11.0182
126	-4.84063
127	-5.36517
128	-20.1057
129	-4.66789
130	-5.54794
131	-4.49835
132	-26.3307
133	-4.70321
134	-11.2627
135	-10.2658
136	-9.63397
137	-4.25499
138	-4.52034
139	-4.79399
140	-4.72329
141	-4.78764
142	-4.78764
143	-9.56958
144	-14.2048
145	-4.78899
146	-9.89538
147	-4.84063
148	-4.36094
149	-4.90304
150	-3.81113
151	-5.92512
152	-5.54794
153	-5.36517
154	-14.3501
155	-4.66789
156	-5.58284
157	-10.8836
158	-40.0057
159	-5.10641
160	-3.80204
161	-13.2985
162	-101.037
163	-18.9026
164	-9.37834
165	-5.63711
166	-9.94347
167	-4.25499
168	-10.825
169	-9.37661
170	-4.70321
171	-4.3632
172	-5.29484
173	-11.6134
174	-5.01017
175	-4.78899
176	-15.8657
177	-12.6643
178	-4.84063
179	-4.79399
180	-44.9285
181	-5.28415
182	-30.5732
183	-11.183
184	-10.6374
185	-10.3497
186	-18.0565
187	-4.79399
188	-3.81113
189	-5.10641
190	-10.2531
191	-3.93382
192	-3.48528
193	-4.49835
194	-22.9683
195	-4.45078
196	-3.93382
197	-3.80204
198	-4.49835
199	-3.93382
200	-4.36094
201	-4.98103
202	-5.14138
203	-10.7793
204	-10.0744
205	-3.48528
206	-4.3632
207	-5.01017
208	-6.20835
209	-5.36517
210	-4.71995
211	-4.71414
212	-4.66789
213	-4.73503
214	-10.3943
215	-4.37187
216	-10.9224
217	-5.29484
218	-15.7114
219	-17.0886
220	-5.10641
221	-5.03229
222	-12.2963
223	-3.80204
224	-5.63711
225	-9.18273
226	-5.09452
227	-6.20835
228	-4.90304
229	-4.36727
230	-4.36094
231	-4.66789
232	-4.73503
233	-11.7881
234	-4.78764
235	-16.8226
236	-49.5037
237	-47.965
238	-4.76413
239	-35.63
240	-4.63875
241	-33.4336
242	-4.75225
243	-4.72329
244	-4.36727
245	-4.34948
246	-4.37187
247	-4.25499
248	-5.14754
249	-5.29484
250	-4.66789
251	-4.75225
252	-5.06272
253	-5.62643
254	-4.98103
255	-4.76413
256	-4.72329
257	-4.90859
258	-4.87718
259	-10.0658
260	-6.07811
261	-25.1903
262	-4.79399
263	-5.14754
264	-23.5075
265	-11.1601
266	-4.37187
267	-4.49835
268	-5.36517
269	-4.66789
270	-4.45078
271	-60.3125
272	-17.172
273	-4.58654
274	-5.59226
275	-11.2627
276	-29.8536
277	-4.78899
278	-9.27712
279	-4.7486
280	-8.63701
281	-9.58624
282	-8.87632
283	-8.5832
284	-8.99788
285	-21.2754
286	-6.19834
