#SITE	SITE_LOG_LIKELIHOOD
1	-4.87441
2	-16.4351
3	-17.1515
4	-26.0206
5	-4.9339
6	-38.2154
7	-13.5706
8	-4.98732
9	-4.99449
10	-4.42058
11	-4.44254
12	-5.25285
13	-4.58759
14	-10.2738
15	-4.99813
16	-11.8703
17	-4.58759
18	-5.35897
19	-38.5314
20	-5.00435
21	-4.73882
22	-4.58759
23	-4.74598
24	-5.18241
25	-5.00814
26	-10.1901
27	-4.86582
28	-12.89
29	-4.97649
30	-4.52509
31	-4.7473
32	-4.52509
33	-19.3597
34	-4.74598
35	-4.56656
36	-10.3539
37	-19.2327
38	-11.9388
39	-4.84875
40	-13.9761
41	-19.4925
42	-18.922
43	-4.84875
44	-4.99729
45	-4.69554
46	-17.5689
47	-4.70587
48	-4.67147
49	-4.66909
50	-4.92529
51	-4.93329
52	-4.84875
53	-4.77016
54	-4.69554
55	-4.42058
56	-4.8142
57	-4.68478
58	-4.58759
59	-5.08392
60	-5.25285
61	-4.56656
62	-10.1901
63	-4.83541
64	-4.58759
65	-5.00814
66	-4.87441
67	-59.3001
68	-4.93329
69	-4.63168
70	-4.58759
71	-4.52509
72	-4.73882
73	-4.70587
74	-4.46699
75	-5.15794
76	-12.1481
77	-4.99813
78	-12.0892
79	-4.12185
80	-4.91098
81	-4.83541
82	-11.1346
83	-4.91998
84	-4.99449
85	-5.11365
86	-4.73427
87	-16.003
88	-4.73427
89	-4.66909
90	-4.84875
91	-5.08392
92	-5.08392
93	-4.44051
94	-5.18241
95	-4.76563
96	-4.66248
97	-11.5822
98	-11.9702
99	-4.91998
100	-11.0189
101	-4.73882
102	-61.9817
103	-4.99729
104	-4.60849
105	-5.00814
106	-4.98732
107	-4.63994
108	-4.56656
109	-4.77016
110	-4.9339
111	-4.42058
112	-4.86582
113	-4.67147
114	-5.09725
115	-4.87441
116	-4.63994
117	-4.7473
118	-4.63746
119	-4.56656
120	-4.12185
121	-5.35897
122	-4.68478
123	-4.74598
124	-4.99449
125	-11.0788
126	-4.88019
127	-4.87441
128	-20.3984
129	-4.67147
130	-4.92529
131	-4.63168
132	-27.0632
133	-4.99449
134	-10.8838
135	-10.4551
136	-9.75872
137	-4.70587
138	-4.63994
139	-4.86582
140	-4.69554
141	-4.81564
142	-4.81564
143	-9.32699
144	-13.9218
145	-4.8142
146	-10.531
147	-4.88019
148	-4.74598
149	-4.58759
150	-4.39741
151	-5.18241
152	-4.92529
153	-4.87441
154	-14.1851
155	-4.67147
156	-4.9339
157	-10.8165
158	-37.6078
159	-5.08392
160	-4.42058
161	-12.864
162	-100.13
163	-17.9845
164	-9.77945
165	-5.25664
166	-9.96452
167	-4.70587
168	-10.609
169	-9.779
170	-4.99449
171	-4.44051
172	-5.00814
173	-11.0195
174	-4.91998
175	-4.8142
176	-16.1198
177	-12.7359
178	-4.88019
179	-4.86582
180	-50.1071
181	-5.00435
182	-25.5446
183	-11.023
184	-10.2217
185	-10.8195
186	-21.9418
187	-4.86582
188	-4.39741
189	-5.08392
190	-9.96915
191	-4.46699
192	-4.12185
193	-4.63168
194	-22.6654
195	-4.56656
196	-4.46699
197	-4.42058
198	-4.63168
199	-4.46699
200	-4.74598
201	-4.91098
202	-5.10017
203	-10.1836
204	-9.45869
205	-4.12185
206	-4.44051
207	-4.91998
208	-5.04379
209	-4.87441
210	-4.74537
211	-4.99813
212	-4.67147
213	-4.52509
214	-10.1819
215	-4.74963
216	-11.0167
217	-5.00814
218	-15.7574
219	-17.178
220	-5.08392
221	-4.87961
222	-12.0322
223	-4.42058
224	-5.25664
225	-9.47126
226	-5.09725
227	-5.04379
228	-4.58759
229	-4.44254
230	-4.74598
231	-4.67147
232	-4.52509
233	-12.0045
234	-4.81564
235	-16.8894
236	-50.4545
237	-47.057
238	-4.83541
239	-30.6702
240	-4.66248
241	-32.2644
242	-4.84875
243	-4.69554
244	-4.44254
245	-4.72473
246	-4.74963
247	-4.70587
248	-5.11365
249	-5.00814
250	-4.67147
251	-4.84875
252	-4.77016
253	-5.25285
254	-4.91098
255	-4.83541
256	-4.69554
257	-4.7473
258	-4.73882
259	-10.4001
260	-4.99729
261	-23.7285
262	-4.86582
263	-5.11365
264	-23.7767
265	-10.6879
266	-4.74963
267	-4.63168
268	-4.87441
269	-4.67147
270	-4.56656
271	-59.7909
272	-16.7933
273	-4.63746
274	-4.98185
275	-11.3014
276	-30.3037
277	-4.8142
278	-9.43908
279	-4.84499
280	-9.0652
281	-9.6058
282	-9.49115
283	-8.72093
284	-8.84159
285	-21.0145
286	-5.0346
