#SITE	SITE_LOG_LIKELIHOODS
1	-0.01429639807411417
2	-0.01429639807411417
3	-11.57811159537965
4	-24.03363243180324
5	-27.75867902009701
6	-22.03586398845878
7	-4.034451029813432
8	-3.984613098911491
9	-5.865067566397307
10	-5.015464137310913
11	-4.024487456131221
12	-4.888653960771645
13	-3.984613098911491
14	-5.952502171086755
15	-3.886985283110613
16	-17.90010826238859
17	-3.984613098911491
18	-4.058089041545903
19	-3.984613098911491
20	-10.83788173587482
21	-5.037318042589246
22	-3.928048071567441
23	-12.22739494439402
24	-4.185452965242368
25	-4.058089041545903
26	-3.953760209363708
27	-4.058089041545903
28	-4.917506027043746
29	-3.83660646694373
30	-5.170119052925775
31	-5.015464137310913
32	-5.33514935821188
33	-80.57593634867585
34	-4.185452965242368
35	-5.04188233574338
36	-4.185452965242368
37	-10.59863486065421
38	-10.56497277159028
39	-4.949267587371896
40	-3.917401542156636
41	-29.29596507006126
42	-5.037318042589246
43	-3.917401542156636
44	-4.015622827007172
45	-12.11541921501562
46	-5.04188233574338
47	-4.015622827007172
48	-4.835176456335768
49	-3.984613098911491
50	-3.886985283110613
51	-4.185452965242368
52	-3.917401542156636
53	-4.034451029813432
54	-16.89443377030283
55	-3.984613098911491
56	-4.193842543807259
57	-3.886985283110613
58	-11.57853853837559
59	-4.034451029813432
60	-3.886985283110613
61	-4.835176456335768
62	-5.04188233574338
63	-4.034451029813432
64	-5.675058958682536
65	-3.997851006424312
66	-4.015622827007172
67	-10.70368995685688
68	-4.185452965242368
69	-10.4773343523942
70	-5.675058958682536
71	-5.33514935821188
72	-5.037318042589246
73	-9.726063831441715
74	-3.864164646242121
75	-4.913532226297547
76	-3.917401542156636
77	-5.129164987734842
78	-3.81302609510581
79	-3.984613098911491
80	-9.96418667346172
81	-4.130881069177413
82	-3.81302609510581
83	-4.835176456335768
84	-3.886985283110613
85	-11.5419006734823
86	-3.799769125624829
87	-5.04188233574338
88	-3.953760209363708
89	-3.984613098911491
90	-3.83660646694373
91	-5.287034237620421
92	-4.182054372098137
93	-4.024487456131221
94	-3.928048071567441
95	-5.806242772429368
96	-11.58579233426034
97	-3.953760209363708
98	-3.953760209363708
99	-4.835176456335768
100	-3.984613098911491
101	-3.81302609510581
102	-10.14130955869761
103	-4.855512250670177
104	-4.949267587371896
105	-4.058089041545903
106	-3.761247151160392
107	-4.185452965242368
108	-5.04188233574338
109	-5.33514935821188
110	-49.16197251721862
111	-4.917506027043746
112	-3.886985283110613
113	-3.799769125624829
114	-9.812428681687486
115	-4.015622827007172
116	-4.252810247033746
117	-9.878199211125644
118	-10.19498559689187
119	-9.437769190015413
120	-3.864164646242121
121	-54.77582680366234
122	-3.886985283110613
123	-3.886985283110613
124	-3.886985283110613
125	-5.015464137310913
126	-4.193842543807259
127	-10.92580549773966
128	-4.185452965242368
129	-4.835176456335768
130	-4.136896477297877
131	-4.185452965242368
132	-3.886985283110613
133	-3.886985283110613
134	-5.119825689459303
135	-9.290103672985312
136	-23.48093573462733
137	-3.984613098911491
138	-3.886985283110613
139	-9.616283693212377
140	-11.93644370000289
141	-3.917401542156636
142	-3.917401542156636
143	-3.997851006424312
144	-13.2134287929607
145	-5.159061680664814
146	-4.961958286045038
147	-5.169334414610109
148	-3.886985283110613
149	-14.23532416497648
150	-4.961958286045038
151	-4.034451029813432
152	-12.22910862066736
153	-4.024487456131221
154	-16.37323520621872
155	-3.799769125624829
156	-10.38046394617087
157	-3.761247151160392
158	-4.193842543807259
159	-4.034451029813432
160	-4.917506027043746
161	-3.799769125624829
162	-4.034451029813432
163	-4.932374972239037
164	-5.04188233574338
165	-4.252810247033746
166	-5.04188233574338
167	-3.984613098911491
168	-5.119825689459303
169	-3.83660646694373
170	-3.940451359188769
171	-4.917506027043746
172	-3.997851006424312
173	-3.917401542156636
174	-3.799769125624829
175	-3.886985283110613
176	-4.034451029813432
177	-3.799769125624829
178	-4.193842543807259
179	-5.169334414610109
180	-4.193842543807259
181	-16.36209315574105
182	-3.886985283110613
183	-4.185452965242368
184	-4.015622827007172
185	-10.57621345885174
186	-3.940451359188769
187	-4.193842543807259
188	-3.984613098911491
189	-4.034451029813432
190	-4.182054372098137
191	-3.984613098911491
192	-3.984613098911491
193	-4.193842543807259
194	-4.185452965242368
195	-3.953760209363708
196	-5.058340035044832
197	-3.984613098911491
198	-4.185452965242368
199	-3.886985283110613
200	-5.058340035044832
201	-4.949267587371896
202	-5.170119052925775
203	-4.130881069177413
204	-12.67401566734626
205	-3.984613098911491
206	-3.984613098911491
207	-3.953760209363708
208	-4.932374972239037
209	-4.015622827007172
210	-3.81302609510581
211	-12.54264181379386
212	-4.835176456335768
213	-23.72110397118839
214	-3.761247151160392
215	-3.886985283110613
216	-5.159061680664814
217	-4.058089041545903
218	-4.961958286045038
219	-4.024487456131221
220	-10.14117011193012
221	-4.888653960771645
222	-3.81302609510581
223	-3.984613098911491
224	-4.058089041545903
225	-3.940451359188769
226	-3.917401542156636
227	-4.932374972239037
228	-5.675058958682536
229	-4.024487456131221
230	-3.886985283110613
231	-4.835176456335768
232	-9.763087058659231
233	-4.193842543807259
234	-5.159061680664814
235	-4.911508864600767
236	-17.67101552336358
237	-45.13193261984841
238	-10.08116711962931
239	-4.941689498211971
240	-11.5728051298125
241	-4.034451029813432
242	-11.16800279996344
243	-5.015464137310913
244	-3.761247151160392
245	-3.886985283110613
246	-3.984613098911491
247	-4.917506027043746
248	-3.917401542156636
249	-4.058089041545903
250	-13.43726605411951
251	-4.136896477297877
252	-5.33514935821188
253	-5.129164987734842
254	-3.83660646694373
255	-24.32123862474637
256	-22.47239298730674
257	-9.037104327900463
258	-3.81302609510581
259	-12.95614770447572
260	-5.806242772429368
261	-3.984613098911491
262	-4.130881069177413
263	-4.835176456335768
264	-39.3186612762524
265	-17.98851525419329
266	-3.940451359188769
267	-4.185452965242368
268	-4.015622827007172
269	-3.886985283110613
270	-3.83660646694373
271	-19.10100381478939
272	-12.01339084162082
273	-3.953760209363708
274	-13.47868582471489
275	-4.024487456131221
276	-3.886985283110613
277	-3.972985339860396
278	-15.85905329480824
279	-3.917401542156636
280	-9.736304984610214
281	-3.940451359188769
282	-9.643765748753092
283	-4.024487455122113
284	-9.926315586913875
285	-3.916058297713993
286	-4.927105382730096
