#SITE	SITE_LOG_LIKELIHOOD
1	-5.55614
2	-16.5489
3	-29.3783
4	-51.1482
5	-26.4071
6	-60.3131
7	-15.9436
8	-10.0255
9	-12.4512
10	-7.5711
11	-7.57984
12	-8.29807
13	-9.82632
14	-13.8475
15	-7.69529
16	-29.2212
17	-9.82632
18	-13.5064
19	-44.4097
20	-17.9998
21	-9.08327
22	-12.7598
23	-14.2504
24	-10.7119
25	-8.86343
26	-15.6249
27	-9.00004
28	-15.1164
29	-8.98572
30	-8.91154
31	-10.0111
32	-7.16751
33	-89.4912
34	-10.3129
35	-6.22179
36	-16.0948
37	-28.2445
38	-21.5544
39	-12.2273
40	-19.5061
41	-46.5073
42	-22.6952
43	-7.63249
44	-14.451
45	-14.5683
46	-19.277
47	-8.63056
48	-6.39197
49	-7.28435
50	-9.98904
51	-6.67734
52	-7.63249
53	-11.7663
54	-23.4734
55	-7.19105
56	-11.4122
57	-10.3355
58	-18.082
59	-6.24519
60	-8.7004
61	-8.46631
62	-12.1388
63	-7.26514
64	-8.13384
65	-9.52492
66	-8.03013
67	-65.4267
68	-6.67734
69	-14.0668
70	-8.13384
71	-7.16751
72	-9.08327
73	-14.5571
74	-7.24657
75	-10.8642
76	-13.7998
77	-6.93838
78	-15.4792
79	-7.53582
80	-16.9234
81	-8.01937
82	-15.3363
83	-7.68038
84	-5.89377
85	-14.3411
86	-10.5462
87	-18.0323
88	-8.04456
89	-7.28435
90	-9.43204
91	-7.96506
92	-11.7029
93	-8.31886
94	-8.69476
95	-7.93752
96	-17.783
97	-13.3115
98	-18.1339
99	-7.68038
100	-13.4949
101	-8.82953
102	-74.4165
103	-8.09002
104	-7.68604
105	-8.86343
106	-7.09994
107	-10.2015
108	-6.22179
109	-8.4297
110	-54.0827
111	-5.11491
112	-9.23175
113	-7.66305
114	-12.737
115	-8.03013
116	-7.68159
117	-15.0056
118	-16.1587
119	-11.9348
120	-8.33935
121	-54.2492
122	-10.3355
123	-6.913
124	-5.89377
125	-15.1832
126	-6.66898
127	-15.1066
128	-22.6039
129	-6.39197
130	-7.99065
131	-9.5161
132	-30.1975
133	-5.89377
134	-15.2734
135	-19.4447
136	-32.6601
137	-5.63557
138	-9.19246
139	-13.9195
140	-15.3685
141	-8.32525
142	-8.32525
143	-13.6922
144	-27.6773
145	-8.72984
146	-13.8416
147	-7.70482
148	-6.913
149	-14.3843
150	-5.08106
151	-8.73414
152	-19.2293
153	-9.12268
154	-31.4788
155	-7.66305
156	-17.3055
157	-15.1536
158	-40.1664
159	-6.24519
160	-5.11491
161	-15.6912
162	-108.056
163	-20.1056
164	-11.3806
165	-9.08753
166	-12.9531
167	-5.63557
168	-13.4216
169	-12.7332
170	-7.69448
171	-9.85731
172	-9.52492
173	-15.9933
174	-6.64683
175	-9.86127
176	-17.3708
177	-14.7144
178	-6.66898
179	-8.35463
180	-54.6155
181	-21.7642
182	-28.9888
183	-17.0706
184	-13.1443
185	-20.6702
186	-26.8246
187	-8.42888
188	-6.49445
189	-6.24519
190	-13.7419
191	-6.67447
192	-7.53582
193	-7.68799
194	-26.0753
195	-9.70788
196	-9.74589
197	-7.19105
198	-9.5161
199	-10.642
200	-9.61343
201	-8.34331
202	-8.91801
203	-14.4399
204	-20.2171
205	-7.53582
206	-9.11465
207	-10.6368
208	-8.4181
209	-8.03013
210	-8.85426
211	-16.6803
212	-6.39197
213	-30.0973
214	-13.7545
215	-7.60534
216	-12.5972
217	-8.86343
218	-20.6837
219	-23.3517
220	-12.3695
221	-8.37777
222	-16.9133
223	-7.19105
224	-7.84493
225	-12.3571
226	-6.61296
227	-8.4181
228	-8.13384
229	-7.57984
230	-6.913
231	-6.39197
232	-13.4341
233	-17.0056
234	-6.36868
235	-19.4412
236	-67.423
237	-90.5588
238	-14.2193
239	-34.274
240	-18.1568
241	-35.4732
242	-16.5246
243	-7.59646
244	-8.97916
245	-7.58532
246	-9.96695
247	-7.239
248	-8.45792
249	-8.86343
250	-15.4331
251	-10.5561
252	-8.4297
253	-10.4351
254	-12.3795
255	-28.9832
256	-26.4481
257	-13.6605
258	-8.82953
259	-20.4943
260	-9.20694
261	-28.9688
262	-10.2483
263	-9.5485
264	-65.6788
265	-27.5679
266	-6.92154
267	-9.5161
268	-8.03013
269	-9.16466
270	-7.49037
271	-73.4733
272	-25.0015
273	-10.7668
274	-15.9546
275	-13.1256
276	-33.1573
277	-7.72257
278	-24.7688
279	-7.62902
280	-18.0222
281	-14.3641
282	-16.9388
283	-11.8868
284	-18.4478
285	-24.1215
286	-8.38672
