#SITE	SITE_LOG_LIKELIHOOD
1	-1.93688
2	-16.4807
3	-16.338
4	-25.2134
5	-4.3861
6	-36.8289
7	-13.1471
8	-5.19318
9	-5.0463
10	-4.3425
11	-3.95479
12	-5.11572
13	-4.25236
14	-9.56635
15	-5.15619
16	-11.8646
17	-4.19187
18	-3.93681
19	-36.184
20	-4.08305
21	-4.0661
22	-4.49367
23	-3.77468
24	-5.05034
25	-4.74153
26	-10.0839
27	-3.80885
28	-12.2138
29	-5.05767
30	-4.2835
31	-3.63661
32	-4.53621
33	-23.676
34	-4.26582
35	-2.41592
36	-10.4129
37	-18.5067
38	-11.5768
39	-4.99088
40	-12.6058
41	-18.7205
42	-20.0453
43	-2.58124
44	-2.85405
45	-4.27712
46	-16.7768
47	-4.06332
48	-3.32575
49	-4.28767
50	-5.03306
51	-4.39186
52	-3.48567
53	-4.90406
54	-4.70051
55	-4.19759
56	-4.56121
57	-4.67278
58	-4.38251
59	-3.37498
60	-5.27456
61	-4.84395
62	-9.90254
63	-4.16326
64	-1.63248
65	-2.52672
66	-3.75228
67	-58.2364
68	-2.05599
69	-2.42106
70	-3.35773
71	-1.63709
72	-3.49903
73	-4.3293
74	-3.2027
75	-3.30055
76	-10.6231
77	-4.88154
78	-12.1731
79	-2.53166
80	-4.84146
81	-4.32337
82	-10.3413
83	-2.8238
84	-5.18026
85	-4.62994
86	-4.71387
87	-14.6817
88	-4.6705
89	-3.79337
90	-5.03396
91	-3.89608
92	-4.93664
93	-3.26535
94	-5.15267
95	-2.82169
96	-4.82199
97	-11.3408
98	-11.9303
99	-4.4633
100	-9.76381
101	-4.48845
102	-62.4969
103	-3.18557
104	-2.86128
105	-3.51013
106	-4.5694
107	-3.49795
108	-4.61
109	-4.98333
110	-4.05595
111	-4.49315
112	-5.29995
113	-4.6973
114	-2.94502
115	-3.25175
116	-3.87311
117	-3.42575
118	-4.95567
119	-3.72387
120	-2.69775
121	-2.40981
122	-5.02499
123	-3.29084
124	-3.85296
125	-9.76854
126	-4.41622
127	-4.49632
128	-23.569
129	-0.836693
130	-2.03003
131	-3.61329
132	-24.1932
133	-3.67426
134	-9.25574
135	-9.30025
136	-12.7047
137	-3.73537
138	-5.0219
139	-4.82435
140	-3.59752
141	-3.39749
142	-2.76466
143	-8.02756
144	-13.6369
145	-5.01648
146	-9.18991
147	-4.37755
148	-5.22454
149	-3.87186
150	-3.99407
151	-5.00772
152	-5.064
153	-4.67298
154	-13.161
155	-1.35028
156	-5.03656
157	-10.6328
158	-34.9051
159	-4.20313
160	-4.11182
161	-11.3558
162	-96.7591
163	-17.2265
164	-11.5577
165	-4.31647
166	-9.91454
167	-3.99629
168	-9.32788
169	-9.84025
170	-4.87888
171	-5.01754
172	-5.04156
173	-10.8017
174	-2.91061
175	-5.09609
176	-15.631
177	-12.4983
178	-3.06495
179	-2.59848
180	-48.0353
181	-2.78622
182	-24.8569
183	-11.0459
184	-8.67674
185	-9.02179
186	-21.3657
187	-4.03041
188	-3.92482
189	-5.06398
190	-9.80224
191	-3.53142
192	-3.69546
193	-5.02824
194	-22.0336
195	-4.48902
196	-5.20241
197	-3.26022
198	-4.53912
199	-5.13507
200	-5.15084
201	-3.83512
202	-4.50364
203	-13.1531
204	-9.1003
205	-2.71406
206	-4.74758
207	-5.11242
208	-1.90343
209	-1.88837
210	-4.65388
211	-5.06102
212	-2.81007
213	-4.5628
214	-8.91876
215	-3.33073
216	-10.2536
217	-4.78795
218	-14.9954
219	-15.6148
220	-2.74921
221	-4.84186
222	-12.0337
223	-3.86629
224	-3.48259
225	-9.76569
226	-4.62567
227	-1.30876
228	-3.5908
229	-2.83212
230	-3.2549
231	-2.36619
232	-1.41868
233	-10.1027
234	-2.77845
235	-16.1647
236	-55.1959
237	-45.7213
238	-4.97445
239	-27.0777
240	-3.41031
241	-33.9675
242	-2.84567
243	-3.30094
244	-3.25849
245	-3.22552
246	-4.48886
247	-3.63901
248	-2.01312
249	-4.14687
250	-4.99783
251	-4.80476
252	-4.85932
253	-4.72867
254	-4.96579
255	-3.09825
256	-3.22927
257	-3.32293
258	-3.43471
259	-8.87442
260	-2.89844
261	-21.5618
262	-4.41515
263	-3.85287
264	-22.2227
265	-10.6092
266	-4.95241
267	-4.82626
268	-4.21094
269	-4.99477
270	-4.6814
271	-58.169
272	-15.2413
273	-4.90353
274	-4.7939
275	-11.7996
276	-29.4417
277	-4.75474
278	-7.4727
279	-3.55682
280	-9.16222
281	-9.3646
282	-8.52757
283	-7.99201
284	-8.84976
285	-19.9824
286	-1.68134
