#SITE	SITE_LOG_LIKELIHOOD
1	-8.62891
2	-6.34596
3	-97.4684
4	-11.0632
5	-4.76514
6	-5.73762
7	-4.92676
8	-5.19117
9	-4.42907
10	-9.654
11	-22.643
12	-4.84684
13	-4.13572
14	-22.849
15	-3.80769
16	-4.09808
17	-10.6229
18	-35.9818
19	-12.9341
20	-9.99384
21	-14.3584
22	-26.6288
23	-13.053
24	-4.7151
25	-14.5647
26	-4.84677
27	-8.84753
28	-4.84965
29	-20.4435
30	-4.67194
31	-10.1464
32	-4.46938
33	-4.38638
34	-4.43174
35	-4.90669
36	-4.91985
37	-13.545
38	-4.29235
39	-5.28979
40	-3.7445
41	-5.06021
42	-8.04204
43	-14.9696
44	-19.9794
45	-36.1841
46	-5.00421
47	-28.363
48	-13.1753
49	-4.74752
50	-11.3327
51	-8.32215
52	-10.4625
53	-11.8901
54	-4.59975
55	-4.29853
56	-4.34899
57	-4.83769
58	-10.9514
59	-3.09181
60	-4.89685
61	-13.5787
62	-3.81803
63	-4.71297
64	-4.04688
65	-53.6059
66	-8.61673
67	-6.20839
68	-9.55492
69	-14.5731
70	-5.29476
71	-4.28682
72	-58.8109
73	-7.84263
74	-8.66475
75	-4.1164
76	-9.58045
77	-4.82475
78	-8.85349
79	-6.93865
80	-4.91548
81	-5.41927
82	-4.33146
83	-2.96698
84	-11.9141
85	-4.74384
86	-6.90095
87	-10.3871
88	-6.67541
89	-5.91865
90	-18.9367
91	-4.95905
92	-4.59364
93	-5.38769
94	-4.86549
95	-3.0811
96	-4.80678
97	-5.07275
98	-4.84121
99	-5.39679
100	-4.83181
101	-5.63859
102	-4.65174
103	-4.16073
104	-6.27488
105	-5.71987
106	-11.7856
107	-4.27544
108	-4.99925
109	-4.57423
110	-4.92398
111	-22.4109
112	-5.03635
113	-4.9837
114	-19.1598
115	-5.5098
116	-5.17871
117	-6.28424
118	-4.86892
119	-4.12797
120	-11.9322
121	-3.87096
122	-16.2421
123	-8.52148
124	-8.14642
125	-35.8257
126	-4.82317
127	-9.5963
128	-9.81278
129	-61.951
130	-9.20196
131	-4.06703
132	-10.3615
133	-10.2301
134	-9.64575
135	-9.89528
136	-9.09454
137	-9.45474
138	-5.0177
139	-7.74772
140	-8.55714
141	-4.6355
142	-8.71003
143	-4.20272
144	-10.4934
145	-4.79855
146	-10.5512
147	-5.46739
148	-10.1355
149	-20.029
150	-10.5991
151	-4.56559
152	-5.04225
153	-24.3652
154	-10.5213
155	-8.452
156	-37.9101
157	-4.90788
158	-10.3113
159	-47.6996
160	-6.88163
161	-10.5125
162	-11.9404
163	-4.98531
164	-7.40059
165	-11.2344
166	-10.1918
167	-3.58856
168	-5.52244
169	-4.85725
170	-4.47577
171	-16.8478
172	-32.0463
173	-5.03565
174	-3.97069
175	-5.35232
176	-8.47946
177	-11.8251
178	-5.34529
179	-8.92012
180	-11.1474
181	-10.2393
182	-4.5342
183	-8.7323
184	-4.14486
185	-13.3257
186	-4.9148
187	-4.73574
188	-3.77337
189	-11.0337
190	-4.78523
191	-6.40908
192	-6.17904
193	-4.98103
194	-12.4565
195	-4.50594
196	-59.5685
197	-17.2979
198	-5.21907
199	-25.3056
200	-5.2191
201	-5.52338
202	-5.05535
203	-4.93951
204	-5.32348
205	-18.2266
206	-4.59199
207	-4.74894
208	-11.6097
209	-6.54876
210	-5.08528
211	-4.74219
212	-15.3443
213	-4.94544
214	-5.33202
215	-5.61351
216	-4.96187
217	-8.25214
218	-5.96623
219	-3.18238
220	-6.4599
221	-5.21279
222	-4.68323
223	-14.885
224	-6.43496
225	-4.83683
226	-10.2368
227	-21.0186
228	-10.4883
229	-11.9656
230	-3.28111
231	-31.3586
232	-21.3635
233	-9.32763
234	-8.54973
235	-10.7731
236	-7.52174
237	-5.01633
238	-11.7305
239	-6.76296
240	-6.36197
241	-3.90591
242	-25.332
243	-6.35179
244	-4.50589
245	-3.12008
246	-3.92218
247	-10.6663
248	-23.8287
249	-16.7449
250	-4.99502
251	-4.5412
252	-4.819
253	-5.18251
254	-4.89143
255	-9.8604
256	-3.33811
257	-6.3334
258	-4.58404
259	-10.3359
260	-7.95674
261	-4.08627
262	-4.50878
263	-28.7654
264	-6.46781
265	-17.3791
266	-4.86345
267	-4.78129
268	-4.04985
269	-62.0816
270	-4.61316
271	-6.67452
272	-7.13831
273	-4.78247
274	-6.95782
275	-10.3831
276	-5.30453
277	-5.20864
278	-14.6676
279	-10.2396
280	-4.48901
281	-5.73157
282	-4.45682
283	-8.69203
284	-4.45774
285	-4.60132
286	-4.19716
