#SITE	SITE_LOG_LIKELIHOOD
1	-1.82956
2	-16.8114
3	-16.2773
4	-24.9181
5	-4.40194
6	-36.3641
7	-13.0484
8	-5.23653
9	-5.06119
10	-4.32493
11	-3.93509
12	-5.20115
13	-4.28105
14	-9.607
15	-5.1542
16	-11.7757
17	-4.15586
18	-3.90893
19	-36.4569
20	-4.05784
21	-4.0188
22	-4.52722
23	-3.71106
24	-5.06092
25	-4.77892
26	-10.0439
27	-3.74045
28	-12.1816
29	-5.12087
30	-4.25129
31	-3.66437
32	-4.54398
33	-25.5303
34	-4.30207
35	-2.33825
36	-10.3838
37	-18.5315
38	-11.8365
39	-5.06444
40	-12.4581
41	-18.5984
42	-21.5651
43	-2.55901
44	-2.84486
45	-4.32227
46	-16.5561
47	-4.1194
48	-3.25199
49	-4.29868
50	-5.09004
51	-4.35474
52	-3.41862
53	-4.9684
54	-4.72629
55	-4.21958
56	-4.63058
57	-4.69672
58	-4.37205
59	-3.33997
60	-5.34398
61	-4.88952
62	-10.2377
63	-4.10269
64	-1.60501
65	-2.48368
66	-3.75066
67	-58.7691
68	-2.07088
69	-2.39157
70	-3.26738
71	-1.63497
72	-3.47086
73	-4.37615
74	-3.22665
75	-3.27583
76	-10.5358
77	-4.90377
78	-13.2702
79	-2.51316
80	-4.90376
81	-4.29499
82	-10.2981
83	-2.75581
84	-5.2594
85	-4.63529
86	-4.75836
87	-14.4547
88	-4.70267
89	-3.73778
90	-5.09223
91	-3.86053
92	-4.9444
93	-3.24608
94	-5.21225
95	-2.78928
96	-4.85186
97	-11.4193
98	-11.9545
99	-4.42869
100	-9.8011
101	-4.51032
102	-64.8088
103	-3.10749
104	-2.86653
105	-3.42261
106	-4.56745
107	-3.49363
108	-4.64999
109	-5.04497
110	-4.03428
111	-4.48037
112	-5.34779
113	-4.75682
114	-2.89287
115	-3.13313
116	-3.80073
117	-3.45269
118	-4.98778
119	-3.713
120	-2.67858
121	-2.39746
122	-5.07357
123	-3.23809
124	-3.87096
125	-9.72133
126	-4.42242
127	-4.5042
128	-26.6257
129	-0.846449
130	-1.97438
131	-3.62929
132	-23.8611
133	-3.70835
134	-10.0145
135	-9.25226
136	-14.4887
137	-3.78417
138	-5.04181
139	-4.83724
140	-3.55177
141	-3.33065
142	-2.72944
143	-8.37126
144	-13.4674
145	-5.05802
146	-9.10396
147	-4.35829
148	-5.27993
149	-3.80245
150	-3.9889
151	-5.0562
152	-5.07879
153	-4.70708
154	-13.3891
155	-1.31086
156	-5.09002
157	-10.5799
158	-34.3668
159	-4.18523
160	-4.11501
161	-11.6331
162	-98.6459
163	-17.1891
164	-13.4093
165	-4.27307
166	-9.88045
167	-4.03355
168	-9.56444
169	-9.80052
170	-4.8932
171	-5.03912
172	-5.13357
173	-10.767
174	-2.81167
175	-5.146
176	-16.3782
177	-14.0146
178	-3.0533
179	-2.61504
180	-48.0976
181	-2.74643
182	-24.8815
183	-11.4008
184	-8.77497
185	-8.87072
186	-21.0568
187	-4.02506
188	-3.94399
189	-5.1386
190	-9.78398
191	-3.57306
192	-3.7155
193	-5.0551
194	-22.2706
195	-4.5092
196	-5.26059
197	-3.19719
198	-4.54517
199	-5.17403
200	-5.21621
201	-3.80198
202	-4.50669
203	-14.5601
204	-9.13513
205	-2.70263
206	-4.79519
207	-5.15905
208	-1.86712
209	-1.84851
210	-4.67013
211	-5.08544
212	-2.71444
213	-4.58472
214	-8.72287
215	-3.27464
216	-10.1124
217	-4.81746
218	-16.0457
219	-15.6212
220	-2.7251
221	-4.86775
222	-12.0425
223	-3.8497
224	-3.41339
225	-9.72968
226	-4.66006
227	-1.29868
228	-3.4918
229	-2.7983
230	-3.23143
231	-2.26982
232	-1.398
233	-9.99346
234	-2.80396
235	-16.9954
236	-59.3009
237	-45.4235
238	-5.02025
239	-26.7272
240	-3.40988
241	-36.8542
242	-2.8255
243	-3.30256
244	-3.23024
245	-3.1909
246	-4.51397
247	-3.6976
248	-2.03583
249	-4.09241
250	-5.04781
251	-4.83809
252	-4.91736
253	-4.73144
254	-4.95737
255	-3.04808
256	-3.24372
257	-3.31595
258	-3.41992
259	-8.79558
260	-2.89047
261	-21.748
262	-4.41074
263	-3.78284
264	-22.1265
265	-10.5606
266	-5.03465
267	-4.87906
268	-4.17086
269	-5.05928
270	-4.7077
271	-59.2182
272	-15.889
273	-4.92385
274	-4.835
275	-12.9646
276	-29.3594
277	-4.79738
278	-7.31499
279	-3.56499
280	-9.13684
281	-9.26742
282	-8.45554
283	-7.90032
284	-8.79997
285	-20.272
286	-1.65632
