#SITE	SITE_LOG_LIKELIHOOD
1	-1.54845
2	-17.1386
3	-27.8959
4	-47.8878
5	-26.2126
6	-55.2472
7	-15.3205
8	-10.0394
9	-10.5323
10	-8.37786
11	-7.03155
12	-8.13145
13	-8.61538
14	-13.9301
15	-8.2969
16	-28.773
17	-8.92267
18	-11.5377
19	-41.2755
20	-18.9543
21	-7.49992
22	-9.9274
23	-12.9982
24	-9.3814
25	-7.4024
26	-14.9367
27	-8.14619
28	-14.6223
29	-8.92519
30	-8.43338
31	-7.87124
32	-7.71911
33	-95.474
34	-9.02317
35	-3.21238
36	-15.5927
37	-27.3635
38	-21.8139
39	-11.0557
40	-16.631
41	-45.3235
42	-25.4062
43	-4.22488
44	-10.3924
45	-13.9653
46	-18.0582
47	-7.21301
48	-4.77619
49	-7.09379
50	-9.90801
51	-5.937
52	-5.07338
53	-10.5172
54	-22.5144
55	-7.33857
56	-9.85496
57	-9.65984
58	-16.0333
59	-4.01493
60	-8.47576
61	-9.19935
62	-12.3061
63	-5.99038
64	-2.32912
65	-4.43915
66	-5.82962
67	-67.7652
68	-2.36792
69	-14.6287
70	-4.95775
71	-2.31168
72	-6.47037
73	-13.295
74	-5.56912
75	-4.88835
76	-11.9325
77	-7.13956
78	-15.806
79	-5.45639
80	-16.2348
81	-6.83591
82	-13.3142
83	-4.11624
84	-7.31127
85	-13.2976
86	-9.87365
87	-15.8272
88	-7.74059
89	-6.18573
90	-9.15331
91	-5.82438
92	-10.0981
93	-6.4251
94	-7.86906
95	-3.83724
96	-16.937
97	-13.7502
98	-16.8154
99	-6.87891
100	-12.0566
101	-7.96863
102	-77.7711
103	-3.99729
104	-4.67036
105	-4.95775
106	-6.58753
107	-8.37582
108	-7.41366
109	-8.9649
110	-49.3593
111	-6.88836
112	-9.74677
113	-8.23695
114	-9.20943
115	-4.18032
116	-6.00207
117	-12.0513
118	-15.7439
119	-11.1669
120	-6.45293
121	-53.9223
122	-10.4693
123	-4.93263
124	-5.16285
125	-13.2977
126	-6.39611
127	-13.8944
128	-29.5778
129	-1.60305
130	-2.36411
131	-7.70201
132	-25.5336
133	-5.01105
134	-11.7317
135	-17.3418
136	-37.4669
137	-5.07983
138	-9.39134
139	-13.5016
140	-13.8492
141	-5.37786
142	-4.67929
143	-10.588
144	-26.1252
145	-8.67731
146	-12.2244
147	-6.79892
148	-8.42444
149	-13.2903
150	-6.04561
151	-7.84654
152	-17.9059
153	-8.71668
154	-29.7813
155	-2.47218
156	-15.7763
157	-14.5592
158	-36.1027
159	-5.14451
160	-6.19714
161	-13.058
162	-104.558
163	-18.8443
164	-15.5359
165	-7.01241
166	-13.3341
167	-5.59606
168	-11.313
169	-13.1792
170	-7.76974
171	-10.7538
172	-8.75361
173	-14.8305
174	-3.22287
175	-9.87607
176	-17.9484
177	-15.8073
178	-4.21559
179	-4.74322
180	-52.118
181	-16.1574
182	-28.3871
183	-16.6891
184	-10.0793
185	-21.324
186	-25.6782
187	-6.77728
188	-6.4672
189	-7.09029
190	-13.8526
191	-5.86774
192	-7.25766
193	-8.63198
194	-25.4695
195	-8.88636
196	-10.5612
197	-5.61368
198	-8.86875
199	-11.2428
200	-10.3095
201	-6.0555
202	-7.05491
203	-19.2737
204	-18.9272
205	-5.61201
206	-9.46027
207	-9.98184
208	-1.37345
209	-1.91309
210	-8.06457
211	-15.6503
212	-3.63491
213	-28.9628
214	-10.8207
215	-5.53324
216	-11.5213
217	-7.61994
218	-21.0234
219	-20.0794
220	-9.05479
221	-8.2096
222	-16.0964
223	-6.7692
224	-4.0141
225	-13.3579
226	-6.35437
227	-0.841097
228	-5.26848
229	-4.99608
230	-5.04467
231	-2.89438
232	-9.30526
233	-13.62
234	-4.04308
235	-19.5167
236	-79.846
237	-86.8146
238	-14.0671
239	-28.509
240	-14.7101
241	-40.2497
242	-12.909
243	-5.57974
244	-6.43697
245	-5.49742
246	-9.36333
247	-6.14749
248	-3.7864
249	-6.16406
250	-15.3083
251	-9.19425
252	-8.71475
253	-8.75832
254	-11.2063
255	-25.8783
256	-23.5917
257	-10.5329
258	-6.07269
259	-18.2647
260	-4.28312
261	-26.4345
262	-9.91066
263	-7.59814
264	-62.0294
265	-26.6251
266	-8.01422
267	-9.53698
268	-6.18745
269	-9.54791
270	-7.90651
271	-73.9629
272	-23.5054
273	-10.4047
274	-14.6304
275	-15.4576
276	-31.9204
277	-7.92641
278	-25.2289
279	-5.64406
280	-18.0095
281	-13.3616
282	-23.91
283	-10.927
284	-17.9494
285	-22.7516
286	-1.12013
