#SITE	SITE_LOG_LIKELIHOOD
1	-10.6881
2	-9.47793
3	-100.839
4	-15.1152
5	-6.63069
6	-10.1406
7	-7.74109
8	-7.65322
9	-9.61198
10	-13.5014
11	-22.2279
12	-8.40793
13	-9.65359
14	-18.9986
15	-12.9482
16	-8.26516
17	-15.1142
18	-42.7276
19	-15.9934
20	-13.6694
21	-16.4724
22	-30.8444
23	-19.5301
24	-10.2205
25	-31.8815
26	-18.3572
27	-24.9801
28	-6.53196
29	-22.9183
30	-9.02109
31	-8.5777
32	-10.7049
33	-6.47373
34	-6.80611
35	-14.7357
36	-6.73979
37	-17.1811
38	-14.7227
39	-5.7639
40	-6.47587
41	-8.50858
42	-7.83667
43	-12.8077
44	-17.9608
45	-42.2463
46	-8.50592
47	-76.9346
48	-14.3868
49	-10.7011
50	-16.5044
51	-8.40756
52	-13.8005
53	-21.7406
54	-9.62726
55	-8.86487
56	-12.2912
57	-10.1926
58	-20.5175
59	-30.0267
60	-26.7213
61	-27.4485
62	-7.60742
63	-8.60857
64	-8.77649
65	-48.4755
66	-9.6316
67	-11.3124
68	-13.353
69	-17.5066
70	-7.81819
71	-6.6112
72	-66.0673
73	-12.0856
74	-7.8974
75	-14.2718
76	-12.297
77	-10.7114
78	-7.83626
79	-17.2432
80	-8.40994
81	-7.9456
82	-52.9952
83	-8.59619
84	-16.8533
85	-8.30448
86	-7.82769
87	-14.1953
88	-20.9525
89	-6.76939
90	-34.4614
91	-11.378
92	-11.4005
93	-9.63495
94	-6.63814
95	-5.60632
96	-6.63447
97	-7.84072
98	-8.31552
99	-6.54824
100	-10.7323
101	-9.59393
102	-6.82737
103	-25.9198
104	-8.73936
105	-5.78783
106	-12.6041
107	-6.52852
108	-8.51852
109	-4.87379
110	-7.71951
111	-28.8696
112	-12.7689
113	-8.5214
114	-21.3956
115	-8.21779
116	-10.2315
117	-10.2084
118	-13.0911
119	-6.47302
120	-13.2183
121	-6.59089
122	-24.7751
123	-11.487
124	-13.1168
125	-50.9292
126	-17.6781
127	-14.4798
128	-13.6259
129	-67.5036
130	-9.6193
131	-7.61374
132	-6.70202
133	-8.96671
134	-12.5097
135	-12.5019
136	-20.7031
137	-6.9092
138	-22.4519
139	-7.86738
140	-17.4097
141	-6.54121
142	-7.91837
143	-7.3628
144	-26.9907
145	-9.70531
146	-7.91323
147	-8.34836
148	-12.2539
149	-46.6101
150	-23.7202
151	-8.48814
152	-14.6538
153	-25.9559
154	-13.4961
155	-7.74204
156	-58.8132
157	-14.5354
158	-6.69423
159	-90.4159
160	-8.34923
161	-21.1524
162	-15.2575
163	-7.73813
164	-6.75693
165	-14.47
166	-15.1673
167	-8.53138
168	-6.63357
169	-8.4464
170	-46.2818
171	-23.0834
172	-34.1033
173	-6.53886
174	-11.2833
175	-24.0709
176	-19.6919
177	-11.4612
178	-6.50517
179	-8.92453
180	-15.5202
181	-8.56188
182	-6.82567
183	-18.8631
184	-6.61895
185	-33.3311
186	-7.83749
187	-7.70095
188	-10.6777
189	-14.6631
190	-10.0952
191	-6.60952
192	-8.36865
193	-11.3661
194	-15.023
195	-7.81483
196	-74.6493
197	-18.0314
198	-14.4859
199	-34.4154
200	-8.5264
201	-6.36579
202	-7.93346
203	-7.72234
204	-10.1245
205	-14.9396
206	-7.8049
207	-6.43606
208	-11.8929
209	-14.9716
210	-14.928
211	-8.37801
212	-16.6135
213	-8.71468
214	-9.57289
215	-16.1571
216	-7.76933
217	-18.2284
218	-9.53942
219	-8.7824
220	-6.66753
221	-7.74763
222	-9.61068
223	-15.8898
224	-8.56603
225	-17.7518
226	-15.0528
227	-22.3981
228	-7.98577
229	-35.7998
230	-7.6006
231	-32.6911
232	-28.6991
233	-16.0158
234	-10.2372
235	-8.51319
236	-15.0108
237	-9.71277
238	-17.1642
239	-6.66185
240	-13.9584
241	-8.39259
242	-23.6515
243	-10.0923
244	-14.0334
245	-10.643
246	-6.67163
247	-7.98033
248	-73.2485
249	-19.9034
250	-8.43258
251	-6.72162
252	-14.3648
253	-12.7763
254	-7.94166
255	-9.69422
256	-8.26061
257	-6.59075
258	-7.79433
259	-6.64075
260	-7.76599
261	-8.83119
262	-8.75685
263	-39.5446
264	-8.54841
265	-19.2505
266	-8.4054
267	-12.0649
268	-8.50504
269	-71.9705
270	-8.4926
271	-16.7493
272	-6.80552
273	-10.3009
274	-6.83847
275	-6.81122
276	-6.61491
277	-7.60927
278	-12.7637
279	-8.06386
280	-17.7918
281	-8.34664
282	-11.1831
283	-17.593
284	-7.49935
285	-6.70939
286	-9.49634
