#SITE	SITE_LOG_LIKELIHOOD
1	-4.75083
2	-4.71094
3	-95.2344
4	-10.8536
5	-4.91405
6	-4.93611
7	-4.91862
8	-4.8543
9	-4.73904
10	-10.372
11	-17.7207
12	-4.91597
13	-4.55019
14	-17.7441
15	-4.60482
16	-4.81721
17	-11.2029
18	-40.8213
19	-12.9629
20	-10.4555
21	-13.6512
22	-27.2656
23	-14.0655
24	-4.91414
25	-14.6216
26	-4.74971
27	-9.57781
28	-5.08203
29	-20.587
30	-4.57213
31	-4.99015
32	-4.8994
33	-4.46955
34	-4.55535
35	-4.72707
36	-4.74925
37	-11.2888
38	-4.73587
39	-4.62179
40	-5.04207
41	-4.92134
42	-4.93686
43	-9.76503
44	-15.997
45	-37.4866
46	-4.91654
47	-19.0465
48	-10.2933
49	-4.7319
50	-15.0075
51	-5.1562
52	-12.1825
53	-12.0757
54	-4.74125
55	-4.72958
56	-4.88026
57	-4.90922
58	-10.313
59	-4.83858
60	-4.75102
61	-13.8867
62	-4.65407
63	-4.57556
64	-4.67282
65	-43.658
66	-4.79508
67	-4.84641
68	-4.59955
69	-11.9041
70	-4.90138
71	-4.66744
72	-49.7346
73	-8.82852
74	-4.7649
75	-4.98615
76	-4.74615
77	-4.74392
78	-4.97024
79	-4.91774
80	-4.90812
81	-4.75499
82	-4.72392
83	-4.71186
84	-12.2523
85	-5.0729
86	-4.9624
87	-11.1239
88	-4.95767
89	-4.76832
90	-25.5212
91	-5.07498
92	-4.74326
93	-4.7353
94	-4.91843
95	-4.52705
96	-4.91668
97	-4.9229
98	-4.8468
99	-5.09618
100	-4.57046
101	-5.09861
102	-4.57728
103	-4.72294
104	-5.07496
105	-4.63801
106	-11.0758
107	-4.6553
108	-4.75281
109	-4.74389
110	-5.08039
111	-23.6985
112	-5.0903
113	-4.75196
114	-15.9092
115	-5.07546
116	-4.92022
117	-5.08407
118	-4.54964
119	-5.03604
120	-11.3468
121	-4.65765
122	-16.5772
123	-4.77563
124	-9.73599
125	-26.3207
126	-5.07589
127	-9.66149
128	-4.78959
129	-59.6161
130	-4.97065
131	-4.66083
132	-5.16147
133	-4.74497
134	-10.2729
135	-9.64958
136	-10.6789
137	-4.8263
138	-4.75319
139	-4.97943
140	-9.74128
141	-4.66968
142	-4.80557
143	-4.57289
144	-10.5545
145	-4.58105
146	-5.00277
147	-5.09208
148	-10.2324
149	-19.7042
150	-4.65038
151	-4.73646
152	-4.91622
153	-22.746
154	-10.1902
155	-5.11375
156	-37.9283
157	-4.91313
158	-5.15553
159	-46.9283
160	-5.09318
161	-10.9893
162	-12.7476
163	-4.92108
164	-4.74994
165	-10.2993
166	-10.2335
167	-4.68677
168	-4.91503
169	-4.91666
170	-4.83759
171	-16.9978
172	-31.7483
173	-5.08963
174	-4.80799
175	-4.92937
176	-9.47836
177	-9.67804
178	-5.05322
179	-4.51154
180	-11.1953
181	-4.99406
182	-4.57463
183	-9.22806
184	-4.67167
185	-9.63767
186	-4.75143
187	-4.89169
188	-4.6676
189	-10.8486
190	-4.74578
191	-4.9054
192	-4.9209
193	-5.07979
194	-11.9497
195	-4.90298
196	-60.11
197	-16.3229
198	-4.92448
199	-30.6263
200	-4.7581
201	-4.64863
202	-4.57218
203	-4.91089
204	-4.92206
205	-12.9049
206	-4.73043
207	-4.84085
208	-10.0934
209	-4.76156
210	-4.74876
211	-4.88631
212	-16.4225
213	-4.91612
214	-4.91861
215	-4.71993
216	-4.71968
217	-8.85127
218	-4.91929
219	-4.42597
220	-4.9343
221	-4.92237
222	-4.74554
223	-10.3904
224	-4.77713
225	-4.7501
226	-10.8272
227	-19.0027
228	-5.03425
229	-11.9757
230	-4.82113
231	-29.7581
232	-17.2002
233	-4.79834
234	-4.61504
235	-5.19287
236	-4.76558
237	-4.58586
238	-11.9345
239	-4.91695
240	-4.73717
241	-4.50328
242	-20.6914
243	-4.82358
244	-4.84576
245	-4.8121
246	-4.70544
247	-4.80366
248	-23.7489
249	-16.937
250	-4.92121
251	-4.74165
252	-4.74749
253	-5.0913
254	-4.5827
255	-4.83482
256	-4.80426
257	-4.89058
258	-4.71823
259	-4.74646
260	-4.93008
261	-4.45907
262	-4.82597
263	-36.1729
264	-4.77425
265	-17.5272
266	-4.91431
267	-4.91595
268	-4.73019
269	-60.516
270	-4.90749
271	-4.61793
272	-4.57863
273	-4.74875
274	-4.79447
275	-4.61581
276	-4.91058
277	-4.65179
278	-9.29697
279	-4.84396
280	-4.72382
281	-4.86372
282	-4.54182
283	-4.99062
284	-4.63
285	-4.7323
286	-4.44275
