#SITE	SITE_LOG_LIKELIHOODS
1	-3.756541677017908
2	-12.89101960903803
3	-29.56363394153239
4	-42.89609247807061
5	-23.93610615912626
6	-59.38869241735149
7	-14.73295306520619
8	-9.443741060412975
9	-10.84690245627383
10	-8.359569770110962
11	-6.077377765661564
12	-9.187367948200512
13	-7.734819294001845
14	-14.81673660886136
15	-6.302440036544422
16	-28.26042073356525
17	-7.734819294001845
18	-11.4645913810934
19	-36.10817219679068
20	-19.25636042014547
21	-7.552002379033975
22	-10.21520959787247
23	-16.04688061425985
24	-9.880591318309056
25	-6.457759782068229
26	-14.64393387085097
27	-9.526219753095903
28	-15.65055378030019
29	-10.1285159909441
30	-8.86401297574977
31	-8.811977090507087
32	-5.410918619676571
33	-79.73436449186336
34	-9.700212365118963
35	-4.922297731320196
36	-14.65081186188984
37	-30.76266898031575
38	-25.08108910933786
39	-11.58620132574903
40	-18.25820361646413
41	-43.99585072850621
42	-22.74109240185472
43	-6.107127919360714
44	-11.11526073767942
45	-14.6507389352538
46	-16.69949400270605
47	-6.990101027964741
48	-4.797877886099715
49	-7.368837860481209
50	-9.031772993142445
51	-5.449721169297658
52	-6.107127919360714
53	-8.964455311270074
54	-20.62814560336257
55	-6.166669704737604
56	-9.723197749585479
57	-9.486244758821721
58	-17.29883979936091
59	-5.114733573640379
60	-8.805800583778451
61	-7.469042026589329
62	-12.82246493734395
63	-6.078322081275913
64	-4.475337817905938
65	-7.487811771792879
66	-4.323423014084895
67	-59.77787404616904
68	-5.449721169297658
69	-14.93267543889156
70	-4.475337817905938
71	-5.410918619676571
72	-7.552002379033975
73	-14.52798762844865
74	-9.315270400904826
75	-7.158107720850396
76	-12.70622213346874
77	-6.816883974609167
78	-17.64233250141783
79	-6.91251389562255
80	-15.84776105993886
81	-7.941328077961805
82	-15.68303673009228
83	-5.743477486997494
84	-4.616152732186131
85	-15.81277979655108
86	-10.27079954991122
87	-15.42628380177544
88	-6.131423117430215
89	-7.368837860481209
90	-9.329410927839469
91	-7.459677585703512
92	-9.012618871240505
93	-7.411961920145043
94	-6.021904238203227
95	-6.324032701420738
96	-18.52047781613738
97	-14.21282676818482
98	-18.13654153491365
99	-5.743477486997494
100	-15.98527226559096
101	-7.742402444777106
102	-65.30350102002598
103	-6.045394270336585
104	-8.279709828863137
105	-6.457759782068229
106	-6.255751454752838
107	-10.80646910102612
108	-4.922297731320196
109	-6.217688425712732
110	-47.99126722970966
111	-5.343426039385958
112	-8.155872636018948
113	-5.696592894730568
114	-11.56624520876014
115	-4.323423014084895
116	-7.391659924495678
117	-15.25315063756491
118	-17.12273415554498
119	-10.56430685277051
120	-9.291819919157053
121	-48.95685670605303
122	-9.486244758821721
123	-6.193304121167724
124	-4.616152732186131
125	-15.09958970116046
126	-5.638501828032145
127	-14.87983311190741
128	-25.61260291613633
129	-4.797877886099715
130	-5.78101106110288
131	-9.504225180072163
132	-28.65610430762217
133	-4.616152732186131
134	-16.20566151739126
135	-19.83554986612119
136	-33.18648217939295
137	-4.382519935511594
138	-9.415686314290864
139	-15.09760741746635
140	-19.9916119419071
141	-7.183874495626403
142	-7.183874495626403
143	-14.309410531459
144	-24.54671630947477
145	-9.192532323694497
146	-16.45712843574944
147	-6.728084520680415
148	-6.193304121167724
149	-15.33907564849503
150	-7.22742161221653
151	-7.94547150308186
152	-18.51362831916992
153	-8.039101021928083
154	-33.04877187090963
155	-5.696592894730568
156	-16.67266597806393
157	-15.29735646097469
158	-37.76624110591501
159	-5.114733573640379
160	-5.343426039385958
161	-17.60907005035569
162	-105.8594919637251
163	-23.31802997117335
164	-13.9089214496084
165	-9.390015863632508
166	-13.42085520371216
167	-4.382519935511594
168	-15.76523423303056
169	-10.24813028021677
170	-6.244586277484651
171	-9.718693703282883
172	-7.487811771792879
173	-16.53192418318615
174	-5.748632526363312
175	-8.819185311708935
176	-16.80891296208263
177	-17.08212584686721
178	-5.638501828032145
179	-7.364916339038548
180	-51.50934011598516
181	-19.68390733063469
182	-28.19805097775127
183	-17.58166532189744
184	-13.04731508183677
185	-20.82369531539089
186	-29.29924431874949
187	-6.631933157026855
188	-6.526343613981215
189	-5.114733573640379
190	-15.77962873810957
191	-6.844339469041872
192	-6.91251389562255
193	-6.740952772777862
194	-30.16046657959226
195	-8.282054858688406
196	-11.63514840509173
197	-6.166669704737604
198	-9.504225180072163
199	-10.35441118623352
200	-10.97121140042019
201	-7.867008349006285
202	-9.377847558496114
203	-17.46994132824041
204	-23.43233705280891
205	-6.91251389562255
206	-9.011334623775038
207	-9.795453566291501
208	-4.718306035075306
209	-4.323423014084895
210	-10.0140781637103
211	-18.76805247416189
212	-4.797877886099715
213	-31.4549160599077
214	-13.75784332178413
215	-6.386888739188929
216	-12.5312168716704
217	-6.457759782068229
218	-20.63411400582025
219	-21.04603211785598
220	-10.88594852949425
221	-7.852384273790849
222	-16.67908985877015
223	-6.166669704737604
224	-5.399384072569774
225	-11.64301620865497
226	-5.314412927903223
227	-4.718306035075306
228	-4.475337817905938
229	-6.077377765661564
230	-6.193304121167724
231	-4.797877886099715
232	-18.39788167950486
233	-17.56701624987901
234	-6.140269385295286
235	-20.42441662361485
236	-59.86252025675177
237	-80.02569519444847
238	-14.93935617047866
239	-29.49752516886995
240	-19.94034899266716
241	-37.00165733637212
242	-15.00202307273156
243	-6.054903256717511
244	-8.583029684494592
245	-6.376607884249807
246	-8.736318866217491
247	-6.155282596268789
248	-7.168335478410959
249	-6.457759782068229
250	-16.82782165917648
251	-9.119870087506158
252	-6.217688425712732
253	-10.41510712317263
254	-10.87366478769344
255	-26.55567997603039
256	-23.49692667717426
257	-12.45471114609097
258	-7.742402444777106
259	-19.04463488338893
260	-7.023542655589804
261	-26.79117392491348
262	-10.94754688108965
263	-9.304680089524453
264	-60.53484885906656
265	-28.84865639483213
266	-6.792300276041675
267	-9.504225180072163
268	-4.323423014084895
269	-8.570317605444886
270	-5.547420194780163
271	-66.10924135653244
272	-27.17278682362022
273	-10.49229825227594
274	-16.47396196662343
275	-14.90401874105861
276	-28.95505428203558
277	-8.996790890455376
278	-24.94153745047653
279	-6.105478193723866
280	-16.26021401502721
281	-16.87304088437469
282	-19.86866920567725
283	-10.12832438641323
284	-17.51625396392406
285	-27.41906466510808
286	-4.716996100415986
