#SITE	SITE_LOG_LIKELIHOODS
1	-3.5012419292047
2	-13.12421044022389
3	-50.52241828815069
4	-30.85392196717405
5	-7.344593003609003
6	-7.039419699914077
7	-5.104134380671205
8	-20.14626821767754
9	-32.46284774802285
10	-27.7957460222266
11	-5.814273272281954
12	-21.09746518988081
13	-3.5012419292047
14	-23.73304786178331
15	-6.154487460722234
16	-15.31780434410697
17	-50.4917167261526
18	-51.09666799447181
19	-6.484260046854487
20	-54.26956850749557
21	-26.3416939292477
22	-17.88979835392944
23	-12.26804927655727
24	-34.94248193719054
25	-15.45804652142581
26	-40.95101612455254
27	-14.52198533620023
28	-29.51333723893051
29	-59.78652236203121
30	-28.16149761946269
31	-54.05098261957581
32	-3.5012419292047
33	-37.98182859938935
34	-67.79984984905306
35	-12.94212014348517
36	-18.27031636794805
37	-37.21467554724499
38	-20.15259449528643
39	-5.706883851302603
40	-6.527622675840978
41	-25.4668871328825
42	-5.750122038951883
43	-3.5012419292047
44	-17.47540037563208
45	-27.1001790552155
46	-22.69135382016004
47	-35.74575168732267
48	-11.54406044135053
49	-19.43374447132132
50	-31.83969934390033
51	-11.26927255793612
52	-33.99515001626798
53	-11.26588978342138
54	-34.39143155456047
55	-75.97455135274208
56	-29.89235600267922
57	-17.15021352638897
58	-34.8085229254943
59	-12.79850784211487
60	-12.52473211527754
61	-37.97297103643555
62	-6.140957395301599
63	-14.56409136707632
64	-22.32520748393913
65	-27.90930373065277
66	-3.5012419292047
67	-43.02389951377549
68	-20.84671902003679
69	-6.60354137291228
70	-44.66017503595202
71	-6.525258549213701
72	-28.59229535227886
73	-36.45462721085855
74	-23.41390904841975
75	-27.92831322753218
76	-39.04252684948036
77	-28.53176548106358
78	-19.63233417169943
79	-32.75254499339074
80	-16.44652623485879
81	-16.88960382984637
82	-17.83461448063239
83	-19.66317409724359
84	-44.77226254309421
85	-73.54296230102807
86	-28.94837798244032
87	-27.18198501716665
88	-29.04428994800285
89	-23.00225231348332
90	-12.6967390762156
91	-10.44792288242098
92	-24.41535746273765
93	-15.48024440560518
94	-33.10999666798671
95	-19.56618670379339
96	-12.53287456371356
97	-6.527622675840978
98	-69.70801753452685
99	-14.76932409119694
100	-49.83870999359993
101	-127.0846412188845
102	-100.6470577871418
103	-62.98790504376323
104	-4.655571997846732
105	-64.07117978087354
106	-20.68022362554725
107	-47.47356479587963
108	-12.23369694677537
109	-44.10466339624781
110	-11.39522331202649
111	-11.84832511450871
112	-10.84219371990979
113	-11.14893956021404
114	-19.45322605843202
115	-5.814273272281954
116	-5.223061175489237
117	-30.42103884818975
118	-49.04118283299602
119	-15.59986043601185
120	-4.655571997846732
121	-26.69566034032307
122	-17.66073209841634
123	-17.13308987243061
124	-26.25898380119666
125	-10.80302830967823
126	-12.98206904702768
127	-49.64204164276951
128	-12.6531921334307
129	-57.45001794083014
130	-36.73728773129166
131	-50.26732660637271
132	-40.24612120176108
133	-37.26599219078684
134	-21.41821698270259
135	-6.456304738765014
136	-63.39751792012837
137	-3.5012419292047
138	-11.23286629936714
139	-4.655571997846732
140	-21.80642064185436
141	-29.05071571218152
142	-10.51696180070628
143	-25.96913619733751
144	-6.103964140313077
145	-22.41526759869427
146	-58.75755285421391
147	-24.01630461606004
148	-36.7043775684883
149	-11.86800645870862
150	-37.14479069949901
151	-13.04733552965243
152	-11.58410225483416
153	-6.091585031790083
154	-19.90916208549642
155	-42.94428377564011
156	-29.31156385688858
157	-56.47557456640693
158	-49.81880566464012
159	-3.5012419292047
160	-15.13641037243487
161	-12.88890472573289
162	-31.16293589369279
163	-3.5012419292047
164	-13.3489159336945
165	-27.01484872567796
166	-45.5283062410069
167	-15.19316646598477
168	-21.30934649039267
169	-19.22759283432047
170	-32.91546643171501
171	-34.20046776184257
172	-27.43990603023822
173	-17.11984459136857
174	-26.38413579834089
175	-28.94437526342349
176	-16.89975997508372
177	-16.83035779610655
178	-33.80541723585516
179	-16.22082937102089
180	-45.03946881622173
181	-12.01872813060574
182	-18.58456818960393
183	-22.59912459050926
184	-11.41421277121506
185	-19.45998294670331
186	-74.56669461198804
187	-39.77095867860328
188	-20.52601194597555
189	-3.5012419292047
190	-36.02970362450037
191	-20.46740065577758
192	-37.73857740400859
193	-46.60615036154125
194	-18.34149359670938
195	-23.90575762402712
196	-3.5012419292047
197	-46.27936062602524
198	-5.104134380671205
199	-25.39516394241844
200	-24.32511626832307
201	-20.12118103931576
202	-25.12738695210544
203	-20.41341665456421
204	-46.54568669334984
205	-50.2053176695613
206	-37.31629814219816
207	-4.655571997846732
208	-19.77402126048154
209	-7.014944167455139
210	-27.48817225857514
211	-18.18522258145195
212	-40.09576095516412
213	-50.80331927134956
214	-34.51886549356789
215	-12.92763107330374
216	-38.95047075865975
217	-69.74018617311252
218	-16.5693934143092
219	-31.10079923291277
220	-25.07488351544825
221	-15.37312596578394
222	-11.39339475312139
223	-11.36157583020825
224	-12.38304236465893
225	-12.56457047538328
226	-32.86374188651948
227	-11.8465098967164
228	-37.58949620461177
229	-10.91286778020073
230	-18.26269598672834
231	-5.750122038951883
232	-26.4409414428337
233	-22.49592198835062
234	-11.6287023764656
235	-13.36332910982721
236	-46.49594355337105
237	-19.28801928767358
238	-3.5012419292047
239	-32.52654842035905
240	-26.90158826596352
241	-17.78021568535691
242	-29.29719113237886
243	-19.21699933747694
244	-9.095711566326072
245	-27.7077312892412
246	-55.30417491065802
247	-27.54295937384652
248	-13.1826593144885
249	-16.96502999582498
250	-22.4391774516905
251	-11.58099083799015
252	-15.2638333722793
253	-36.77575537387273
254	-10.3617346657751
255	-20.7834739104543
256	-24.69591013929616
257	-60.33449342308558
258	-22.45282997371704
259	-99.09117626895369
260	-18.80981398071047
261	-25.60193501242112
262	-11.49854355452837
263	-26.77249940200301
264	-36.06837712428992
265	-22.10299732586573
266	-43.30427546471448
267	-14.1015151210119
268	-53.1838089459522
269	-34.09021596324944
270	-21.51126046503891
271	-26.31876905207905
272	-6.456304738765014
273	-16.92438229372286
274	-27.76037023290082
275	-38.60122440121702
276	-25.4504452492761
277	-17.57907452231815
278	-25.00562113942467
279	-18.97360613441365
280	-34.65223055050975
281	-18.65013739986028
282	-16.62076662467897
283	-11.97353975201971
284	-30.54708293983565
285	-24.40899774304621
286	-16.28519718623178
287	-30.22071263916911
288	-46.47833716108249
289	-29.61095746733858
290	-108.9891414271899
291	-28.30748738369761
292	-14.83858749480086
293	-37.03128722288415
294	-22.33516450216445
295	-29.36845574884543
296	-27.36091113418805
297	-12.12243781089568
298	-51.14699894893923
299	-61.20345844049424
300	-23.63564491783247
301	-28.13426330714337
302	-14.88526177972298
303	-18.54502371006481
304	-17.15406844291052
305	-11.74370096168191
306	-50.32618351658125
307	-22.97392163833063
308	-5.750122038951883
309	-44.00714552791109
310	-20.04084882767604
311	-38.38957217722779
312	-36.68389341227525
313	-6.527622675840978
314	-19.63322487117691
315	-21.51220032595989
316	-34.67658579402226
317	-11.58410225483416
318	-62.99613396537428
319	-61.12149779014139
320	-12.58239683283864
321	-16.99853351636598
322	-18.53920236434899
323	-4.983057153739045
324	-11.53362127752574
325	-18.76418152512119
326	-40.82924983782581
327	-19.30493352500368
328	-45.51790065576826
329	-46.11758002308323
330	-4.655571997846732
331	-3.5012419292047
332	-11.17585174880877
333	-5.857962922918234
334	-44.35633004087436
335	-58.91511969420363
336	-11.62739231757417
337	-18.09392708338397
338	-10.88012508418258
339	-5.814273272281954
340	-20.30410452553739
341	-72.92799948778531
342	-32.01691923854104
343	-64.75535302917224
344	-44.31725219904286
345	-17.95513265742429
346	-5.706883851302603
347	-20.73685158683775
348	-18.70106378297001
349	-20.53420022692867
350	-37.89584328136234
351	-27.76717002787466
352	-23.94856691063337
353	-84.09116128772021
354	-40.29892964554313
355	-57.04688406178629
356	-19.34052928984827
357	-35.12748890079867
358	-30.46040191435749
359	-20.53818169947375
360	-28.88209200645623
361	-11.58410225483416
362	-25.69889421356179
363	-34.36159092016373
364	-8.758981207133186
365	-22.88767712686555
366	-11.56797004384861
367	-12.79030350682079
368	-10.35039207692333
369	-10.17995424754566
370	-11.79450296246078
371	-13.56410400161173
372	-40.06871795456472
373	-63.9280601238727
374	-28.50512140788723
375	-149.1723974670781
376	-17.32324056835064
377	-35.16352353280298
378	-27.44822886123395
379	-6.860043136430877
380	-34.63916759342189
381	-33.88966312681732
382	-19.87880654567293
383	-13.21215386083722
384	-70.96594563686905
385	-14.87547472210571
386	-4.655571997846732
387	-20.33886073466802
388	-12.15711218177643
389	-41.35581167492967
390	-7.039419699914077
391	-36.62584320742713
392	-7.383804115991111
393	-18.04829406539227
394	-30.23725049697565
395	-8.055118586295665
396	-33.9564109312191
397	-27.77265306618436
398	-5.750122038951883
399	-21.40704264559704
400	-46.00905058365623
401	-56.90156076793922
402	-46.77222378661519
403	-32.83006874861184
404	-58.09272252155169
405	-21.53552624599108
406	-33.20371226832227
407	-17.18214183534463
408	-43.80451680433993
409	-14.78038713796584
410	-18.71706601449744
411	-81.02332812293575
412	-15.885354149023
413	-20.15403905715398
414	-52.13729768026923
415	-11.08119444237084
416	-17.00858446182957
417	-54.08453323614044
418	-16.33765746577263
419	-29.38770438877054
420	-12.60933060216439
421	-28.39504077501689
422	-48.25095934762734
423	-65.33481689826544
424	-24.17035967544157
425	-60.01197890774341
426	-3.5012419292047
427	-12.57944327029835
428	-17.24574250714452
429	-17.3800293386495
430	-23.82348267390367
431	-27.20565941238027
432	-20.77310843133511
433	-102.6788764165669
434	-26.79601469768413
435	-26.34510156204261
436	-22.96499509810101
437	-31.10984274595987
438	-26.67751496323977
439	-11.55131114399453
440	-3.5012419292047
441	-30.00855431947847
442	-30.39060666552576
443	-9.58095631082765
444	-25.38277052486376
445	-5.223061175489237
446	-38.07195185775189
447	-29.29588849248025
448	-3.5012419292047
449	-10.49834052316919
450	-82.1271202487538
451	-13.93615869227925
452	-32.16463110698775
453	-27.6386984322995
454	-23.32192121189184
455	-26.30845426753739
456	-20.94417313380222
457	-62.05611922572366
458	-10.95675262483577
459	-46.94956594330645
460	-10.67332731910304
461	-35.72246336195101
462	-19.160103099838
463	-27.33837586185404
464	-10.17972967326714
465	-24.686031928639
466	-13.98759811819914
467	-34.5163848742183
468	-16.35435855597884
469	-10.29922833431153
470	-35.9176456049427
471	-4.983057153739045
472	-76.31631405536797
473	-14.76952039188551
474	-33.69499293088118
475	-19.6881665722281
476	-5.88433619078243
477	-23.91516796246856
478	-11.91792667799114
479	-11.39203563870589
480	-30.49953789829939
481	-3.5012419292047
482	-19.70840043035901
483	-18.79343498513122
484	-5.814273272281954
485	-18.08207158938119
486	-6.60354137291228
487	-6.911376915690044
488	-5.706883851302603
489	-5.706883851302603
490	-13.0556319555931
491	-6.833069332164147
492	-6.103964140313077
493	-11.88426830088671
494	-43.84393595004195
495	-45.05951220508827
496	-35.23779526664018
497	-6.833069332164147
498	-45.10702651508752
