#SITE	SITE_LOG_LIKELIHOODS
1	-4.285938536421085e-05
2	-4.285938536421085e-05
3	-14.41659187785489
4	-20.56760381221389
5	-18.11816729885119
6	-22.96816467843636
7	-3.382637349359691
8	-2.723767655267117
9	-5.578736316974577
10	-4.047080245429806
11	-3.939343710167305
12	-5.17691348268965
13	-2.723767655267117
14	-5.886890009892197
15	-2.825123482322856
16	-16.50031941752761
17	-2.723767655267117
18	-3.662314510193128
19	-2.723767655267117
20	-12.42720303913495
21	-4.851174682718
22	-4.563415877558993
23	-12.50689751524316
24	-3.407543575565807
25	-3.662314510193128
26	-3.657235674391553
27	-3.662314510193128
28	-4.287001756638376
29	-4.142319955872565
30	-4.827757350661577
31	-4.047080245429806
32	-4.465350359750593
33	-68.28576023914998
34	-3.407543575565807
35	-3.797870496136692
36	-3.407543575565807
37	-10.97693123600525
38	-11.24303282514465
39	-4.77464345133298
40	-3.31057058392819
41	-26.64941961436275
42	-4.851174682718
43	-3.31057058392819
44	-3.565990986087245
45	-12.52550699261324
46	-3.797870496136692
47	-3.565990986087245
48	-3.888832746981679
49	-2.723767655267117
50	-2.825123482322856
51	-3.407543575565807
52	-3.31057058392819
53	-3.382637349359691
54	-14.8436423119575
55	-2.723767655267117
56	-3.588605477836738
57	-2.825123482322856
58	-11.93444144617974
59	-3.382637349359691
60	-2.825123482322856
61	-3.888832746981679
62	-3.797870496136692
63	-3.382637349359691
64	-4.367555305708351
65	-4.804945533363105
66	-3.565990986087245
67	-11.84728374250741
68	-3.407543575565807
69	-10.5350346317265
70	-4.367555305708351
71	-4.465350359750593
72	-4.851174682718
73	-11.25266824644156
74	-5.310326033274218
75	-5.424354794999926
76	-3.31057058392819
77	-4.922396351114366
78	-3.909567503270921
79	-2.723767655267117
80	-9.896868106779797
81	-4.467141275389337
82	-3.909567503270921
83	-3.888832746981679
84	-2.825123482322856
85	-13.42547789715424
86	-3.962434852129098
87	-3.797870496136692
88	-3.657235674391553
89	-2.723767655267117
90	-4.142319955872565
91	-5.353484355037931
92	-4.759325267137428
93	-3.939343710167305
94	-4.563415877558993
95	-4.711254552407201
96	-12.04075951827293
97	-3.657235674391553
98	-3.657235674391553
99	-3.888832746981679
100	-2.723767655267117
101	-3.909567503270921
102	-11.88988586109438
103	-5.871545921001466
104	-4.77464345133298
105	-3.662314510193128
106	-4.263123125520097
107	-3.407543575565807
108	-3.797870496136692
109	-4.465350359750593
110	-50.28908287902506
111	-4.287001756638376
112	-2.825123482322856
113	-3.962434852129098
114	-10.05155703137054
115	-3.565990986087245
116	-4.722086472828749
117	-10.94561488650128
118	-10.33105811426049
119	-9.251436301048377
120	-5.310326033274218
121	-38.06771300316196
122	-2.825123482322856
123	-2.825123482322856
124	-2.825123482322856
125	-4.047080245429806
126	-3.588605477836738
127	-12.12711089988214
128	-3.407543575565807
129	-3.888832746981679
130	-4.936962484621636
131	-3.407543575565807
132	-2.825123482322856
133	-2.825123482322856
134	-4.554895746243885
135	-8.422484435043003
136	-25.24773161467289
137	-2.723767655267117
138	-2.825123482322856
139	-11.11365918035212
140	-19.36272030122863
141	-3.31057058392819
142	-3.31057058392819
143	-4.804945533363105
144	-13.65913257786837
145	-4.788616460100565
146	-5.012044262804936
147	-5.302340562379878
148	-2.825123482322856
149	-17.00257793161084
150	-5.012044262804936
151	-3.382637349359691
152	-13.37312299720605
153	-3.939343710167305
154	-18.25635202050048
155	-3.962434852129098
156	-11.07274516931906
157	-4.263123125520097
158	-3.588605477836738
159	-3.382637349359691
160	-4.287001756638376
161	-3.962434852129098
162	-3.382637349359691
163	-4.157401093109498
164	-3.797870496136692
165	-4.722086472828749
166	-3.797870496136692
167	-2.723767655267117
168	-4.554895746243885
169	-4.142319955872565
170	-3.864515459425391
171	-4.287001756638376
172	-4.804945533363105
173	-3.31057058392819
174	-3.962434852129098
175	-2.825123482322856
176	-3.382637349359691
177	-3.962434852129098
178	-3.588605477836738
179	-5.302340562379878
180	-3.588605477836738
181	-20.46467864952985
182	-2.825123482322856
183	-3.407543575565807
184	-3.565990986087245
185	-10.20369397894418
186	-3.864515459425391
187	-3.588605477836738
188	-2.723767655267117
189	-3.382637349359691
190	-4.759325267137428
191	-2.723767655267117
192	-2.723767655267117
193	-3.588605477836738
194	-3.407543575565807
195	-3.657235674391553
196	-5.032443834899636
197	-2.723767655267117
198	-3.407543575565807
199	-2.825123482322856
200	-5.032443834899636
201	-4.77464345133298
202	-4.827757350661577
203	-4.467141275389337
204	-16.75888195022251
205	-2.723767655267117
206	-2.723767655267117
207	-3.657235674391553
208	-4.157401093109498
209	-3.565990986087245
210	-3.909567503270921
211	-14.1105046496228
212	-3.888832746981679
213	-25.8719270493589
214	-4.263123125520097
215	-2.825123482322856
216	-4.788616460100565
217	-3.662314510193128
218	-5.012044262804936
219	-3.939343710167305
220	-9.475124662632666
221	-5.17691348268965
222	-3.909567503270921
223	-2.723767655267117
224	-3.662314510193128
225	-3.864515459425391
226	-3.31057058392819
227	-4.157401093109498
228	-4.367555305708351
229	-3.939343710167305
230	-2.825123482322856
231	-3.888832746981679
232	-15.039635609247
233	-3.588605477836738
234	-4.788616460100565
235	-6.045375620261837
236	-15.87533696148173
237	-34.6891841226422
238	-10.87142778523409
239	-5.330236075033411
240	-15.01916780136523
241	-3.382637349359691
242	-12.87926674211428
243	-4.047080245429806
244	-4.263123125520097
245	-2.825123482322856
246	-2.723767655267117
247	-4.287001756638376
248	-3.31057058392819
249	-3.662314510193128
250	-16.33007718273097
251	-4.936962484621636
252	-4.465350359750593
253	-4.922396351114366
254	-4.142319955872565
255	-19.93035782822022
256	-18.54478498069396
257	-9.716293143293303
258	-3.909567503270921
259	-13.42020838650775
260	-4.711254552407201
261	-2.723767655267117
262	-4.467141275389337
263	-3.888832746981679
264	-31.65144284782309
265	-19.91146930471928
266	-3.864515459425391
267	-3.407543575565807
268	-3.565990986087245
269	-2.825123482322856
270	-4.142319955872565
271	-20.36706595437161
272	-11.59101184136767
273	-3.657235674391553
274	-16.75114340789326
275	-3.939343710167305
276	-2.825123482322856
277	-5.351801616244437
278	-15.66639632915634
279	-3.31057058392819
280	-10.67141229903523
281	-3.864515459425391
282	-10.46318623497085
283	-3.939343694842598
284	-9.853066369584502
285	-4.558769503150718
286	-4.154834612543145
