#SITE	SITE_LOG_LIKELIHOOD
1	-10.7493
2	-9.56306
3	-100.566
4	-15.1136
5	-6.64923
6	-10.1589
7	-7.75027
8	-7.72753
9	-9.55331
10	-13.4195
11	-22.1569
12	-8.38183
13	-9.53014
14	-19.1602
15	-12.8522
16	-8.05469
17	-15.0096
18	-42.226
19	-15.9753
20	-13.5211
21	-16.4829
22	-30.6082
23	-19.2473
24	-10.1753
25	-31.7829
26	-18.2976
27	-24.7965
28	-6.50959
29	-22.8909
30	-9.00893
31	-8.77789
32	-10.5988
33	-6.51567
34	-6.84697
35	-14.6958
36	-6.83911
37	-17.2833
38	-14.7091
39	-5.85468
40	-6.24587
41	-8.52932
42	-8.03898
43	-12.9987
44	-18.0222
45	-41.7069
46	-8.50229
47	-77.5653
48	-14.6463
49	-10.5901
50	-16.5104
51	-8.59065
52	-13.5496
53	-21.9328
54	-9.62435
55	-8.78884
56	-12.113
57	-10.2286
58	-20.5589
59	-29.4446
60	-26.7146
61	-27.2875
62	-7.50347
63	-8.6593
64	-8.33137
65	-48.6409
66	-9.78893
67	-11.3042
68	-13.5819
69	-17.745
70	-7.75704
71	-6.21738
72	-66.6622
73	-11.9465
74	-8.05501
75	-14.1242
76	-12.5227
77	-10.6305
78	-7.95183
79	-17.0788
80	-8.33212
81	-8.03979
82	-52.6992
83	-8.5644
84	-16.7654
85	-8.14472
86	-7.96574
87	-13.9761
88	-21.0108
89	-6.91649
90	-34.3237
91	-11.3687
92	-11.3469
93	-9.64991
94	-6.68805
95	-5.06712
96	-6.67263
97	-7.89267
98	-8.30373
99	-6.5757
100	-10.652
101	-9.57442
102	-6.93684
103	-25.9318
104	-8.8008
105	-5.89431
106	-12.6609
107	-6.3051
108	-8.54813
109	-4.88696
110	-7.63095
111	-28.7629
112	-12.7686
113	-8.55544
114	-21.5994
115	-8.08054
116	-10.2567
117	-10.0963
118	-13.1386
119	-6.23465
120	-13.0991
121	-6.10178
122	-24.7298
123	-11.8736
124	-12.6921
125	-51.6033
126	-17.2301
127	-14.3371
128	-13.6436
129	-67.1406
130	-9.72097
131	-7.31818
132	-6.94688
133	-9.21298
134	-12.2092
135	-12.2425
136	-19.9543
137	-7.20086
138	-22.656
139	-8.04899
140	-17.5251
141	-6.60506
142	-8.15853
143	-7.2456
144	-26.9408
145	-9.74818
146	-8.16299
147	-8.31164
148	-12.3182
149	-46.5301
150	-24.7564
151	-8.4019
152	-14.6166
153	-25.9942
154	-13.5242
155	-7.77906
156	-58.6786
157	-14.6942
158	-6.91655
159	-90.9389
160	-8.23273
161	-20.9143
162	-15.0768
163	-7.75446
164	-6.73842
165	-14.5573
166	-15.1275
167	-8.31003
168	-6.5896
169	-8.55863
170	-46.0173
171	-23.0051
172	-34.1399
173	-6.55901
174	-11.227
175	-24.0096
176	-19.5609
177	-11.4689
178	-6.3337
179	-9.03416
180	-15.5388
181	-8.79338
182	-6.93285
183	-18.7459
184	-6.26282
185	-33.3361
186	-7.89855
187	-7.57298
188	-10.8676
189	-14.6436
190	-10.1335
191	-6.4229
192	-8.38117
193	-11.2371
194	-15.0482
195	-7.78804
196	-74.499
197	-18.0119
198	-14.4503
199	-34.3067
200	-8.58915
201	-6.42423
202	-7.96278
203	-7.66587
204	-10.0465
205	-15.2235
206	-7.73296
207	-6.47421
208	-11.5697
209	-14.8441
210	-14.9497
211	-8.30816
212	-16.4874
213	-8.69816
214	-9.66124
215	-15.706
216	-7.80362
217	-18.1992
218	-9.48561
219	-8.51256
220	-6.7658
221	-7.78988
222	-9.59492
223	-16.103
224	-8.68919
225	-17.6888
226	-14.9293
227	-22.3838
228	-8.30302
229	-35.2072
230	-7.12757
231	-32.6025
232	-28.8483
233	-16.1568
234	-10.4875
235	-8.79554
236	-15.1263
237	-9.76291
238	-17.0876
239	-6.65558
240	-13.8819
241	-8.32859
242	-23.6031
243	-9.9475
244	-13.5142
245	-10.5414
246	-6.53917
247	-8.29708
248	-72.9363
249	-19.8471
250	-8.43763
251	-6.73584
252	-14.3526
253	-12.7868
254	-8.03521
255	-9.92073
256	-7.66778
257	-6.32091
258	-7.67886
259	-6.94093
260	-7.72782
261	-8.74498
262	-8.73747
263	-39.1655
264	-8.64449
265	-19.2597
266	-8.35764
267	-12.0047
268	-8.45745
269	-71.9174
270	-8.43284
271	-17.0616
272	-7.00566
273	-10.3017
274	-7.05133
275	-7.13697
276	-6.53491
277	-7.69306
278	-12.9041
279	-8.37013
280	-17.7726
281	-8.39579
282	-11.3411
283	-17.7032
284	-7.39641
285	-6.6483
286	-9.29216
