#SITE	SITE_LOG_LIKELIHOODS
1	-4.792909714693509
2	-15.89800469511995
3	-17.19025563026978
4	-27.06723922962424
5	-4.606187946041176
6	-40.28864676292643
7	-13.57430168984595
8	-4.725252493988584
9	-4.82799519346034
10	-4.599898904581948
11	-4.639408051529657
12	-4.998405393339812
13	-4.892420136878743
14	-10.31934282589505
15	-4.716743992391226
16	-10.97947497629237
17	-4.892420136878743
18	-5.437199051798927
19	-38.70555495060108
20	-4.717534354440017
21	-4.45738768430683
22	-4.892420136878743
23	-4.570081596871288
24	-4.898248945228487
25	-4.815161767212087
26	-10.04838073971795
27	-4.889004382372636
28	-12.05385951415922
29	-4.609964435572116
30	-4.695413397292739
31	-4.547944362059599
32	-4.695413397292739
33	-18.06822948077193
34	-4.570081596871288
35	-4.513331829415375
36	-9.837928486028792
37	-26.84451437126565
38	-12.30824969738584
39	-4.720962725391745
40	-14.85624588078936
41	-20.30419881290948
42	-19.20653278480907
43	-4.720962725391745
44	-5.117873248694006
45	-4.896098124352763
46	-16.64119386942256
47	-4.761409346136805
48	-4.452705335418369
49	-4.884411487344849
50	-4.904454632722158
51	-5.159442963108976
52	-4.720962725391745
53	-4.759913895012041
54	-4.896098124352763
55	-4.599898904581948
56	-4.580530330452401
57	-4.896084256362482
58	-4.892420136878743
59	-5.170486431020098
60	-4.998405393339812
61	-4.513331829415375
62	-10.04838073971795
63	-4.885631552004573
64	-4.892420136878743
65	-4.815161767212087
66	-4.792909714693509
67	-59.43613258682479
68	-5.159442963108976
69	-4.743089645468736
70	-4.892420136878743
71	-4.695413397292739
72	-4.45738768430683
73	-4.761409346136805
74	-4.695250738129434
75	-5.147018020421704
76	-12.22977802144389
77	-4.716743992391226
78	-10.99849853585884
79	-4.92511863142654
80	-5.279881656221113
81	-4.885631552004573
82	-10.71200507206862
83	-4.730008684049307
84	-4.82799519346034
85	-4.868154141322518
86	-4.60997117563172
87	-15.17417646567446
88	-4.60997117563172
89	-4.884411487344849
90	-4.720962725391745
91	-5.170486431020098
92	-5.170486431020098
93	-4.729368596185769
94	-4.898248945228487
95	-4.836505832319159
96	-5.001116070999243
97	-15.42487807914726
98	-12.00138859734441
99	-4.730008684049307
100	-11.38603678735091
101	-4.45738768430683
102	-59.77143983820013
103	-5.117873248694006
104	-5.040904708687817
105	-4.815161767212087
106	-4.725252493988584
107	-4.829823492472533
108	-4.513331829415375
109	-4.759913895012041
110	-4.606187946041176
111	-4.599898904581948
112	-4.889004382372636
113	-4.452705335418369
114	-4.978561151521196
115	-4.792909714693509
116	-4.829823492472533
117	-4.547944362059599
118	-4.962061333878679
119	-4.513331829415375
120	-4.92511863142654
121	-5.437199051798927
122	-4.896084256362482
123	-4.570081596871288
124	-4.82799519346034
125	-10.86944825357757
126	-4.998636981264325
127	-4.792909714693509
128	-19.9092661200579
129	-4.452705335418369
130	-4.904454632722158
131	-4.743089645468736
132	-26.45131576550894
133	-4.82799519346034
134	-11.11786266895801
135	-10.67729317011534
136	-9.697722954613042
137	-4.761409346136805
138	-4.829823492472533
139	-4.889004382372636
140	-4.896098124352763
141	-4.784991582782813
142	-4.784991582782813
143	-9.672036615402829
144	-14.2521795672827
145	-4.580530330452401
146	-11.25123299400647
147	-4.998636981264325
148	-4.570081596871288
149	-4.892420136878743
150	-5.015586611695358
151	-4.898248945228487
152	-4.904454632722158
153	-4.792909714693509
154	-15.01127110212473
155	-4.452705335418369
156	-4.606187946041176
157	-10.74625603402035
158	-42.11137102493975
159	-5.170486431020098
160	-4.599898904581948
161	-11.89037779813891
162	-100.0751810484986
163	-19.40757355548035
164	-9.443871682580641
165	-4.880182764719494
166	-9.506511515630487
167	-4.761409346136805
168	-10.49818091965691
169	-9.198113870035385
170	-4.82799519346034
171	-4.729368596185769
172	-4.815161767212087
173	-11.46596294811139
174	-4.730008684049307
175	-4.580530330452401
176	-14.93787403257298
177	-12.66181568971019
178	-4.998636981264325
179	-4.889004382372636
180	-43.88479215626957
181	-4.717534354440017
182	-28.27587151699116
183	-10.64097372115482
184	-9.769300696161055
185	-11.01924775197193
186	-18.8810399499964
187	-4.889004382372636
188	-5.015586611695358
189	-5.170486431020098
190	-10.60649341209594
191	-4.695250738129434
192	-4.92511863142654
193	-4.743089645468736
194	-23.42679456253165
195	-4.513331829415375
196	-4.695250738129434
197	-4.599898904581948
198	-4.743089645468736
199	-4.695250738129434
200	-4.570081596871288
201	-5.279881656221113
202	-5.050276665387551
203	-10.60118347859823
204	-9.795392924445041
205	-4.92511863142654
206	-4.729368596185769
207	-4.730008684049307
208	-5.18510541291406
209	-4.792909714693509
210	-4.500752975035986
211	-4.716743992391226
212	-4.452705335418369
213	-4.695413397292739
214	-10.04911085936978
215	-4.657018191066275
216	-11.05881344871125
217	-4.815161767212087
218	-15.89589410361224
219	-17.70820507966753
220	-5.170486431020098
221	-5.131960960932698
222	-11.90624464100769
223	-4.599898904581948
224	-4.880182764719494
225	-9.430230858949816
226	-4.978561151521196
227	-5.18510541291406
228	-4.892420136878743
229	-4.639408051529657
230	-4.570081596871288
231	-4.452705335418369
232	-4.695413397292739
233	-12.34115265651884
234	-4.784991582782813
235	-17.37186075420495
236	-49.18907206541041
237	-45.76562830387959
238	-4.885631552004573
239	-36.49484167355095
240	-5.001116070999243
241	-34.86158779639145
242	-4.720962725391745
243	-4.896098124352763
244	-4.639408051529657
245	-4.628567518749407
246	-4.657018191066275
247	-4.761409346136805
248	-4.868154141322518
249	-4.815161767212087
250	-4.452705335418369
251	-4.720962725391745
252	-4.759913895012041
253	-4.998405393339812
254	-5.279881656221113
255	-4.885631552004573
256	-4.896098124352763
257	-4.547944362059599
258	-4.45738768430683
259	-10.27865446536814
260	-5.117873248694006
261	-23.77945868842399
262	-4.889004382372636
263	-4.868154141322518
264	-23.30065731658885
265	-10.56010265418809
266	-4.657018191066275
267	-4.743089645468736
268	-4.792909714693509
269	-4.452705335418369
270	-4.513331829415375
271	-58.82752784210091
272	-16.16187737315737
273	-4.962061333878679
274	-4.686206987670877
275	-11.72553819940268
276	-28.49018483904723
277	-4.580530330452401
278	-10.13796633291355
279	-4.716897757988451
280	-8.68978082605334
281	-11.07811305898498
282	-9.858086927600253
283	-8.997256651695364
284	-8.920046820285442
285	-19.35352197944061
286	-5.179517020339405
