#SITE	SITE_LOG_LIKELIHOOD
1	-5.49059
2	-16.4035
3	-17.1866
4	-26.2508
5	-5.63973
6	-38.4845
7	-13.5142
8	-5.17493
9	-4.68566
10	-3.82214
11	-4.3214
12	-5.62692
13	-5.01579
14	-10.2453
15	-4.69178
16	-11.4911
17	-5.01579
18	-6.98156
19	-39.3106
20	-5.29256
21	-4.84057
22	-5.01579
23	-4.3513
24	-5.97616
25	-5.29886
26	-10.1709
27	-4.76243
28	-12.6502
29	-5.18218
30	-4.73663
31	-4.89145
32	-4.73663
33	-18.9467
34	-4.3513
35	-4.41652
36	-10.5389
37	-25.8244
38	-11.662
39	-4.70791
40	-13.8504
41	-19.5648
42	-19.1751
43	-4.70791
44	-6.1556
45	-4.66242
46	-17.3941
47	-4.22025
48	-4.66695
49	-4.15651
50	-5.60007
51	-4.99658
52	-4.70791
53	-5.05814
54	-4.66242
55	-3.82214
56	-4.74907
57	-4.66101
58	-5.01579
59	-5.10033
60	-5.62692
61	-4.41652
62	-10.1709
63	-4.76597
64	-5.01579
65	-5.29886
66	-5.49059
67	-57.5953
68	-4.99658
69	-4.45383
70	-5.01579
71	-4.73663
72	-4.84057
73	-4.22025
74	-3.9011
75	-6.69564
76	-12.089
77	-4.69178
78	-12.1281
79	-3.47791
80	-4.95239
81	-4.76597
82	-11.1849
83	-5.00324
84	-4.68566
85	-5.07011
86	-5.27917
87	-15.7304
88	-5.27917
89	-4.15651
90	-4.70791
91	-5.10033
92	-5.10033
93	-4.33199
94	-5.97616
95	-5.84089
96	-4.61803
97	-15.8741
98	-12.2867
99	-5.00324
100	-10.7423
101	-4.84057
102	-61.3864
103	-6.1556
104	-4.6694
105	-5.29886
106	-5.17493
107	-4.46734
108	-4.41652
109	-5.05814
110	-5.63973
111	-3.82214
112	-4.76243
113	-4.66695
114	-5.04227
115	-5.49059
116	-4.46734
117	-4.89145
118	-4.51825
119	-4.41652
120	-3.47791
121	-6.98156
122	-4.66101
123	-4.3513
124	-4.68566
125	-11.0778
126	-4.7882
127	-5.49059
128	-20.2357
129	-4.66695
130	-5.60007
131	-4.45383
132	-26.9224
133	-4.68566
134	-11.4697
135	-10.1547
136	-9.27381
137	-4.22025
138	-4.46734
139	-4.76243
140	-4.66242
141	-4.70608
142	-4.70608
143	-9.63488
144	-14.4032
145	-4.74907
146	-10.0675
147	-4.7882
148	-4.3513
149	-5.01579
150	-3.81343
151	-5.97616
152	-5.60007
153	-5.49059
154	-14.5081
155	-4.66695
156	-5.63973
157	-11.0616
158	-40.902
159	-5.10033
160	-3.82214
161	-13.1164
162	-99.3998
163	-17.955
164	-9.45977
165	-5.63323
166	-9.81219
167	-4.22025
168	-10.6428
169	-9.49248
170	-4.68566
171	-4.33199
172	-5.29886
173	-11.817
174	-5.00324
175	-4.74907
176	-15.9125
177	-12.7634
178	-4.7882
179	-4.76243
180	-43.822
181	-5.29256
182	-30.6703
183	-11.0305
184	-10.6727
185	-10.5336
186	-17.9822
187	-4.76243
188	-3.81343
189	-5.10033
190	-10.1912
191	-3.9011
192	-3.47791
193	-4.45383
194	-23.017
195	-4.41652
196	-3.9011
197	-3.82214
198	-4.45383
199	-3.9011
200	-4.3513
201	-4.95239
202	-5.1258
203	-10.7736
204	-9.89358
205	-3.47791
206	-4.33199
207	-5.00324
208	-6.48513
209	-5.49059
210	-4.68412
211	-4.69178
212	-4.66695
213	-4.73663
214	-10.5582
215	-4.35741
216	-10.9894
217	-5.29886
218	-15.5058
219	-16.8558
220	-5.10033
221	-5.01828
222	-12.1279
223	-3.82214
224	-5.63323
225	-9.32037
226	-5.04227
227	-6.48513
228	-5.01579
229	-4.3214
230	-4.3513
231	-4.66695
232	-4.73663
233	-11.9756
234	-4.70608
235	-16.7619
236	-49.6406
237	-47.5592
238	-4.76597
239	-36.2911
240	-4.61803
241	-32.8022
242	-4.70791
243	-4.66242
244	-4.3214
245	-4.33551
246	-4.35741
247	-4.22025
248	-5.07011
249	-5.29886
250	-4.66695
251	-4.70791
252	-5.05814
253	-5.62692
254	-4.95239
255	-4.76597
256	-4.66242
257	-4.89145
258	-4.84057
259	-10.1553
260	-6.1556
261	-24.5648
262	-4.76243
263	-5.07011
264	-23.5688
265	-11.3278
266	-4.35741
267	-4.45383
268	-5.49059
269	-4.66695
270	-4.41652
271	-59.504
272	-16.8411
273	-4.51825
274	-5.61161
275	-11.2657
276	-29.8354
277	-4.74907
278	-9.44305
279	-4.70449
280	-8.76624
281	-9.77445
282	-9.04318
283	-8.68431
284	-9.13927
285	-20.4101
286	-6.4695
