#SITE	SITE_LOG_LIKELIHOOD
1	-5.10845
2	-16.6159
3	-28.8613
4	-50.5609
5	-26.042
6	-59.0057
7	-15.881
8	-10.1321
9	-11.8833
10	-8.12274
11	-7.7523
12	-7.93358
13	-9.64126
14	-14.2943
15	-7.94174
16	-29.3998
17	-9.64126
18	-12.2761
19	-43.9975
20	-17.7308
21	-8.84646
22	-11.7453
23	-14.4908
24	-10.0967
25	-8.14562
26	-15.3524
27	-8.68157
28	-15.4872
29	-8.77055
30	-8.53365
31	-9.87009
32	-6.87927
33	-91.5793
34	-10.4407
35	-6.44142
36	-15.9552
37	-27.8173
38	-21.6444
39	-12.1957
40	-19.3995
41	-46.0738
42	-22.2836
43	-7.67076
44	-13.595
45	-14.5329
46	-19.2016
47	-8.60784
48	-6.55492
49	-7.72616
50	-9.82767
51	-6.70703
52	-7.67076
53	-11.4701
54	-23.3278
55	-7.69263
56	-11.3637
57	-10.4594
58	-17.4143
59	-6.33546
60	-8.57033
61	-8.49801
62	-12.2777
63	-7.34733
64	-7.09562
65	-8.77118
66	-7.16609
67	-66.7243
68	-6.70703
69	-14.2399
70	-7.09562
71	-6.87927
72	-8.84646
73	-14.6916
74	-7.7415
75	-8.63471
76	-13.8199
77	-7.27463
78	-15.0929
79	-8.02859
80	-16.9419
81	-8.05359
82	-15.0461
83	-7.65339
84	-6.24818
85	-14.2758
86	-10.312
87	-18.0688
88	-7.57584
89	-7.72616
90	-9.39074
91	-7.96811
92	-11.4395
93	-8.42231
94	-7.38514
95	-7.04571
96	-17.7705
97	-13.0292
98	-17.7098
99	-7.65339
100	-13.7944
101	-8.56114
102	-73.8011
103	-7.05018
104	-7.518
105	-8.14562
106	-6.91255
107	-10.1704
108	-6.44142
109	-7.97734
110	-52.5007
111	-5.84992
112	-9.33511
113	-7.64465
114	-12.7431
115	-7.16609
116	-7.73638
117	-14.6923
118	-16.0905
119	-12.017
120	-8.89369
121	-52.3592
122	-10.4594
123	-7.25929
124	-6.24818
125	-15.1909
126	-6.73736
127	-14.3482
128	-22.6413
129	-6.55492
130	-7.21901
131	-9.50191
132	-30.0688
133	-6.24818
134	-14.3164
135	-19.7017
136	-32.8382
137	-6.16141
138	-9.34757
139	-13.8379
140	-15.1814
141	-8.30472
142	-8.30472
143	-12.964
144	-27.3608
145	-8.69081
146	-14.1789
147	-7.75706
148	-7.25929
149	-13.5868
150	-5.76333
151	-8.2118
152	-18.6645
153	-8.75624
154	-31.2121
155	-7.64465
156	-16.2007
157	-14.6981
158	-39.8786
159	-6.33546
160	-5.84992
161	-15.5215
162	-106.869
163	-19.562
164	-11.5421
165	-8.71526
166	-12.9033
167	-6.16141
168	-13.0987
169	-12.6313
170	-7.94098
171	-10.202
172	-8.77118
173	-15.4612
174	-6.6325
175	-9.9455
176	-17.6075
177	-14.675
178	-6.73736
179	-8.36833
180	-54.8789
181	-20.9313
182	-28.9622
183	-17.0259
184	-12.3958
185	-20.7339
186	-26.6379
187	-8.39203
188	-7.01396
189	-6.33546
190	-13.4379
191	-7.19043
192	-8.02859
193	-7.74832
194	-25.8728
195	-9.51614
196	-10.0365
197	-7.69263
198	-9.50191
199	-11.0575
200	-9.97609
201	-8.22379
202	-8.746
203	-14.1838
204	-19.8186
205	-8.02859
206	-9.44164
207	-10.3733
208	-6.52247
209	-7.16609
210	-8.66571
211	-16.6657
212	-6.55492
213	-29.673
214	-13.391
215	-7.91025
216	-12.6404
217	-8.14562
218	-21.0248
219	-23.3628
220	-12.4196
221	-8.23141
222	-16.7827
223	-7.69263
224	-7.13545
225	-12.5214
226	-6.6593
227	-6.52247
228	-7.09562
229	-7.7523
230	-7.25929
231	-6.55492
232	-13.202
233	-16.8291
234	-6.55119
235	-19.6294
236	-66.9438
237	-90.0493
238	-14.1696
239	-33.9
240	-18.2075
241	-34.9788
242	-16.4506
243	-7.76136
244	-8.90378
245	-7.88753
246	-10.4105
247	-7.73003
248	-8.39099
249	-8.14562
250	-15.1194
251	-10.26
252	-7.97734
253	-10.2438
254	-12.3529
255	-28.872
256	-26.4118
257	-13.3367
258	-8.56114
259	-20.558
260	-8.14423
261	-28.9621
262	-10.196
263	-9.46858
264	-65.2375
265	-26.9692
266	-7.26589
267	-9.50191
268	-7.16609
269	-9.31789
270	-7.53151
271	-74.1947
272	-25.1057
273	-10.5897
274	-15.2968
275	-13.2312
276	-33.0493
277	-7.70729
278	-24.594
279	-7.66701
280	-18.187
281	-14.2616
282	-17.1842
283	-11.9189
284	-18.179
285	-24.0644
286	-6.50293
