#SITE	SITE_LOG_LIKELIHOOD
1	-5.0341
2	-16.5649
3	-28.8213
4	-50.7589
5	-25.7423
6	-58.9569
7	-16.2048
8	-10.1612
9	-11.6178
10	-8.23461
11	-7.78015
12	-7.87896
13	-9.64093
14	-14.1375
15	-8.16909
16	-29.6763
17	-9.64093
18	-11.8992
19	-42.8071
20	-17.6342
21	-8.87914
22	-11.4948
23	-14.6368
24	-9.87448
25	-8.0404
26	-15.2622
27	-8.56802
28	-15.7026
29	-8.74475
30	-8.5134
31	-9.97264
32	-6.79551
33	-91.2236
34	-10.576
35	-6.42157
36	-15.8319
37	-27.8531
38	-21.5906
39	-12.0659
40	-19.535
41	-46.5363
42	-22.4281
43	-7.69192
44	-13.2893
45	-14.6373
46	-19.3228
47	-8.4946
48	-6.604
49	-8.07062
50	-9.67804
51	-6.6394
52	-7.69192
53	-11.4432
54	-23.5144
55	-8.06831
56	-11.322
57	-10.5815
58	-16.9649
59	-6.43545
60	-8.45151
61	-8.62037
62	-12.1783
63	-7.55618
64	-7.14419
65	-8.71295
66	-7.08147
67	-66.5965
68	-6.6394
69	-14.2522
70	-7.14419
71	-6.79551
72	-8.87914
73	-14.3065
74	-8.08664
75	-8.5407
76	-13.8396
77	-7.49448
78	-15.1661
79	-8.39602
80	-17.173
81	-8.25607
82	-15.156
83	-7.75467
84	-6.36578
85	-14.3139
86	-10.2422
87	-18.1532
88	-7.54474
89	-8.07062
90	-9.47495
91	-8.12472
92	-11.433
93	-8.47432
94	-7.21347
95	-6.86192
96	-17.723
97	-12.8818
98	-17.6189
99	-7.75467
100	-13.9661
101	-8.57543
102	-73.7207
103	-6.82289
104	-7.53837
105	-8.0404
106	-6.76952
107	-10.2449
108	-6.42157
109	-7.94162
110	-53.3975
111	-6.20227
112	-9.44043
113	-7.74862
114	-12.753
115	-7.08147
116	-7.76336
117	-14.7723
118	-16.2946
119	-12.0653
120	-9.10603
121	-52.1225
122	-10.5815
123	-7.48645
124	-6.36578
125	-15.3371
126	-6.64486
127	-14.2604
128	-22.8249
129	-6.604
130	-7.07435
131	-9.57208
132	-30.6235
133	-6.36578
134	-14.283
135	-20.055
136	-33.1408
137	-6.31971
138	-9.4543
139	-13.9379
140	-15.0155
141	-8.30461
142	-8.30461
143	-12.9407
144	-27.4294
145	-8.71934
146	-14.6548
147	-7.77142
148	-7.48645
149	-13.5897
150	-6.09057
151	-7.98447
152	-18.6121
153	-8.68136
154	-31.5142
155	-7.74862
156	-16.251
157	-14.7751
158	-40.2815
159	-6.43545
160	-6.20227
161	-15.4047
162	-104.979
163	-19.1894
164	-11.5672
165	-8.59279
166	-12.8568
167	-6.31971
168	-12.9615
169	-12.7388
170	-8.16883
171	-10.3859
172	-8.71295
173	-15.3045
174	-6.62928
175	-10.0396
176	-17.8363
177	-14.7795
178	-6.64486
179	-8.43968
180	-54.5171
181	-20.7833
182	-29.104
183	-17.0004
184	-12.3067
185	-21.015
186	-26.7504
187	-8.4356
188	-7.33024
189	-6.43545
190	-13.4011
191	-7.44674
192	-8.39602
193	-7.76546
194	-25.916
195	-9.50541
196	-10.2808
197	-8.06831
198	-9.57208
199	-11.1339
200	-10.0334
201	-8.3302
202	-8.72189
203	-14.2105
204	-19.6902
205	-8.39602
206	-9.46288
207	-10.2824
208	-6.46673
209	-7.08147
210	-8.64291
211	-16.8462
212	-6.604
213	-29.9963
214	-13.4481
215	-8.16743
216	-12.5794
217	-8.0404
218	-21.0539
219	-23.1799
220	-12.617
221	-8.32485
222	-16.7171
223	-8.06831
224	-6.92086
225	-12.8506
226	-6.57134
227	-6.46673
228	-7.14419
229	-7.78015
230	-7.48645
231	-6.604
232	-13.1303
233	-17.0875
234	-6.41892
235	-19.7246
236	-67.3169
237	-90.1186
238	-14.2608
239	-34.2643
240	-17.6417
241	-34.4039
242	-16.5777
243	-7.78622
244	-8.96337
245	-8.14408
246	-10.4589
247	-8.08493
248	-8.38555
249	-8.0404
250	-15.0242
251	-10.1895
252	-7.94162
253	-10.2582
254	-12.3
255	-30.0491
256	-26.6006
257	-13.4045
258	-8.57543
259	-20.649
260	-8.01549
261	-28.5429
262	-10.202
263	-9.54517
264	-66.6066
265	-27.0851
266	-7.48852
267	-9.57208
268	-7.08147
269	-9.43988
270	-7.56845
271	-74.03
272	-24.888
273	-10.6171
274	-15.1866
275	-13.2059
276	-33.1909
277	-7.64713
278	-24.8807
279	-7.68827
280	-18.3229
281	-14.4208
282	-17.2373
283	-12.0176
284	-18.2327
285	-23.7261
286	-6.44491
