#SITE	SITE_LOG_LIKELIHOOD
1	-8.30256
2	-12.7012
3	-53.8235
4	-28.973
5	-6.82306
6	-8.01661
7	-8.29769
8	-20.0926
9	-32.2403
10	-31.7579
11	-7.03042
12	-24.3208
13	-8.30256
14	-28.4577
15	-8.05868
16	-16.1533
17	-68.638
18	-52.1632
19	-5.77676
20	-37.9558
21	-22.6643
22	-17.9485
23	-16.0381
24	-36.9866
25	-18.9402
26	-46.6002
27	-13.1266
28	-34.1127
29	-54.9317
30	-34.9554
31	-57.7735
32	-8.30256
33	-36.1507
34	-65.3857
35	-13.5597
36	-20.5697
37	-46.6818
38	-18.2704
39	-8.44714
40	-7.30204
41	-24.3549
42	-7.2128
43	-8.30256
44	-21.0968
45	-31.0762
46	-26.7568
47	-38.8552
48	-14.7386
49	-19.117
50	-29.2028
51	-14.3587
52	-32.9716
53	-12.6042
54	-36.3488
55	-79.2977
56	-29.639
57	-20.2518
58	-41.4958
59	-13.8609
60	-13.4454
61	-37.0948
62	-8.00455
63	-15.6688
64	-25.8922
65	-25.6956
66	-8.30256
67	-45.2162
68	-20.5353
69	-6.49549
70	-41.8362
71	-8.48922
72	-35.3055
73	-39.5758
74	-23.9805
75	-29.5364
76	-40.2817
77	-27.7316
78	-22.9719
79	-30.9909
80	-19.4622
81	-13.8609
82	-20.8879
83	-20.9731
84	-50.1244
85	-67.9909
86	-30.7659
87	-32.5654
88	-34.4996
89	-25.8165
90	-14.411
91	-13.754
92	-28.4505
93	-17.844
94	-38.8541
95	-22.6046
96	-13.099
97	-7.30204
98	-84.836
99	-12.0504
100	-44.1907
101	-132.416
102	-103.562
103	-77.3763
104	-7.90027
105	-59.9091
106	-17.2564
107	-46.0611
108	-13.4444
109	-40.4569
110	-12.1836
111	-13.2338
112	-13.2067
113	-14.4527
114	-17.9327
115	-7.03042
116	-7.92548
117	-34.4984
118	-54.0035
119	-18.3613
120	-7.90027
121	-26.0103
122	-15.1682
123	-17.3976
124	-30.5828
125	-13.3332
126	-15.0723
127	-43.6548
128	-15.7459
129	-55.8385
130	-35.2848
131	-57.7104
132	-38.9412
133	-35.3871
134	-21.8824
135	-9.77326
136	-57.8063
137	-8.30256
138	-14.1254
139	-7.90027
140	-25.9886
141	-30.1753
142	-13.0696
143	-24.585
144	-7.74124
145	-26.728
146	-59.1227
147	-31.625
148	-43.8246
149	-12.7926
150	-43.5904
151	-16.9067
152	-6.71165
153	-7.03458
154	-21.1763
155	-42.3651
156	-27.4154
157	-53.9511
158	-52.0271
159	-8.30256
160	-19.1662
161	-14.7982
162	-30.1148
163	-8.30256
164	-16.8886
165	-30.5587
166	-44.0169
167	-17.2057
168	-25.9942
169	-17.9471
170	-34.8791
171	-36.8458
172	-29.5504
173	-19.5688
174	-28.8498
175	-33.4008
176	-18.4636
177	-18.9454
178	-37.2794
179	-21.9686
180	-44.2249
181	-12.6208
182	-21.2219
183	-22.0557
184	-14.7366
185	-20.9608
186	-71.9866
187	-52.0057
188	-23.4394
189	-8.30256
190	-39.5857
191	-22.0444
192	-48.0855
193	-42.4529
194	-20.2544
195	-24.3379
196	-8.30256
197	-53.6155
198	-8.29769
199	-22.9446
200	-28.5723
201	-19.7569
202	-30.2464
203	-25.0351
204	-48.7731
205	-61.613
206	-42.8794
207	-7.90027
208	-18.0734
209	-6.86513
210	-32.4897
211	-21.5177
212	-50.858
213	-55.9127
214	-41.9806
215	-13.7613
216	-51.1607
217	-66.2565
218	-16.8631
219	-33.2582
220	-24.1101
221	-12.6394
222	-12.9955
223	-14.931
224	-13.4555
225	-13.904
226	-33.4586
227	-15.1483
228	-43.4187
229	-14.2295
230	-21.781
231	-7.2128
232	-27.3594
233	-27.7478
234	-13.0781
235	-16.1194
236	-48.6531
237	-20.487
238	-8.30256
239	-31.2559
240	-31.8069
241	-20.5075
242	-32.6001
243	-18.6019
244	-11.1748
245	-31.9284
246	-57.8097
247	-34.5775
248	-14.7948
249	-19.1627
250	-26.672
251	-12.1742
252	-17.526
253	-36.8723
254	-12.4882
255	-25.0878
256	-22.5775
257	-54.733
258	-26.7332
259	-89.1494
260	-19.5212
261	-28.5009
262	-12.0851
263	-26.1236
264	-35.1269
265	-22.1857
266	-42.7695
267	-11.4053
268	-64.8578
269	-34.2377
270	-21.4306
271	-24.4025
272	-9.77326
273	-19.6706
274	-32.1771
275	-44.2149
276	-24.1499
277	-20.3974
278	-26.435
279	-21.8126
280	-32.3652
281	-20.9843
282	-18.7364
283	-15.3912
284	-31.3184
285	-24.8042
286	-12.6236
287	-30.2545
288	-53.8692
289	-33.7774
290	-106.417
291	-33.3785
292	-17.8623
293	-36.694
294	-25.9365
295	-33.944
296	-31.6409
297	-12.3101
298	-50.675
299	-59.0646
300	-29.169
301	-28.624
302	-18.2431
303	-21.0017
304	-20.818
305	-12.3717
306	-48.3967
307	-20.9035
308	-7.2128
309	-40.4829
310	-23.3415
311	-38.5696
312	-38.3084
313	-7.30204
314	-22.7429
315	-19.9319
316	-34.3681
317	-6.71165
318	-63.2905
319	-79.4294
320	-13.4361
321	-20.426
322	-20.736
323	-7.15015
324	-15.0055
325	-21.5523
326	-48.1015
327	-22.7379
328	-43.9219
329	-51.0908
330	-7.90027
331	-8.30256
332	-15.1231
333	-9.34354
334	-42.3433
335	-55.9098
336	-12.1489
337	-23.8461
338	-13.6297
339	-7.03042
340	-24.5398
341	-70.1244
342	-31.7221
343	-59.2818
344	-38.1875
345	-19.9725
346	-8.44714
347	-23.8208
348	-12.6798
349	-22.9994
350	-39.7951
351	-27.0141
352	-27.8472
353	-88.8464
354	-39.4003
355	-60.6526
356	-19.7153
357	-36.2564
358	-29.6581
359	-18.229
360	-33.0448
361	-6.71165
362	-32.4736
363	-32.243
364	-10.8873
365	-21.4711
366	-12.1749
367	-12.4095
368	-12.8816
369	-11.8907
370	-12.8211
371	-15.1503
372	-37.4656
373	-63.7428
374	-25.9082
375	-139.199
376	-16.3477
377	-31.5733
378	-29.2545
379	-7.04426
380	-41.2687
381	-32.1824
382	-19.2885
383	-14.1352
384	-76.117
385	-17.3409
386	-7.90027
387	-20.6427
388	-15.5655
389	-50.5431
390	-8.01661
391	-41.4726
392	-7.33134
393	-19.5595
394	-36.7844
395	-7.70583
396	-36.6627
397	-27.2768
398	-7.2128
399	-24.9369
400	-42.2161
401	-62.8166
402	-52.116
403	-29.4659
404	-56.2891
405	-24.8856
406	-30.5897
407	-19.2197
408	-45.0869
409	-17.4947
410	-22.354
411	-79.2803
412	-19.4752
413	-19.764
414	-52.0825
415	-12.6702
416	-14.249
417	-57.8047
418	-17.8824
419	-32.3185
420	-15.324
421	-27.4864
422	-46.5777
423	-58.85
424	-26.1207
425	-58.4722
426	-8.30256
427	-13.4299
428	-20.4923
429	-21.039
430	-22.5529
431	-31.2296
432	-25.1022
433	-99.7459
434	-31.7878
435	-28.6553
436	-24.4973
437	-32.7577
438	-27.6776
439	-13.9047
440	-8.30256
441	-31.8561
442	-32.5918
443	-11.7243
444	-27.2839
445	-7.92548
446	-36.0876
447	-27.2846
448	-8.30256
449	-12.6152
450	-82.7323
451	-13.4033
452	-28.0989
453	-26.3699
454	-27.4454
455	-23.3244
456	-19.0246
457	-68.8666
458	-14.1917
459	-45.8895
460	-7.13338
461	-32.8329
462	-20.7268
463	-27.5648
464	-13.373
465	-19.3127
466	-13.1066
467	-32.9773
468	-19.6527
469	-12.1656
470	-31.9809
471	-7.15015
472	-62.232
473	-11.8497
474	-34.3513
475	-20.0558
476	-8.36154
477	-27.7678
478	-11.9393
479	-14.2347
480	-27.5143
481	-8.30256
482	-21.7197
483	-23.0432
484	-7.03042
485	-19.5406
486	-6.49549
487	-7.30204
488	-8.44714
489	-8.44714
490	-13.5236
491	-8.16017
492	-7.74124
493	-15.6444
494	-45.2134
495	-46.2463
496	-39.1875
497	-8.16017
498	-49.3193
