#SITE	SITE_LOG_LIKELIHOODS
1	-3.824181509178718
2	-12.79284725948322
3	-29.20671590514497
4	-42.35785967885597
5	-23.8383459490828
6	-61.44588412492499
7	-14.35759801134193
8	-9.638973659365943
9	-10.91896048937403
10	-8.573656807889202
11	-6.061938858043871
12	-9.410119886004015
13	-7.845231333492848
14	-14.6535299680499
15	-6.330769109427951
16	-30.91907000485716
17	-7.845231333492848
18	-11.56633722094493
19	-36.74364151511748
20	-19.11291773079658
21	-7.530083738008281
22	-10.35663038958222
23	-15.69615452319742
24	-10.10428003311002
25	-6.406212689378408
26	-14.51201993207905
27	-9.821179943960862
28	-15.29753411333778
29	-10.43840941134398
30	-9.02937809862695
31	-8.907542550222709
32	-5.573302930314641
33	-70.31330317016759
34	-9.814289459341587
35	-5.14683083093649
36	-14.54624434369913
37	-36.73168535778385
38	-24.54902985252557
39	-11.71772489701031
40	-18.11969421430062
41	-43.5698020317434
42	-22.2635511954045
43	-6.114929649968288
44	-11.36593515646738
45	-14.44685479640016
46	-16.61375122532088
47	-7.057343366360697
48	-4.982120597640091
49	-7.385119526963991
50	-9.274142206085667
51	-5.670615074654169
52	-6.114929649968288
53	-9.095945249295593
54	-20.87668156188967
55	-6.117826277606209
56	-9.950219788212619
57	-9.590951693805192
58	-17.16197731284018
59	-5.44285223437671
60	-9.028492808996932
61	-7.590973584917465
62	-12.63195536371101
63	-6.378535008181765
64	-4.509157918222018
65	-7.413653286574911
66	-4.381681754511039
67	-60.50317896438536
68	-5.670615074654169
69	-14.6086807022143
70	-4.509157918222018
71	-5.573302930314641
72	-7.530083738008281
73	-14.77023916670803
74	-9.394649637089746
75	-7.088169301134623
76	-12.43356347080242
77	-6.932919421013857
78	-17.26065494888173
79	-6.843261225739617
80	-15.70513174673783
81	-8.005276768244066
82	-15.42881362363067
83	-5.74464493206274
84	-4.888821041922563
85	-15.43219866704637
86	-10.43573738065384
87	-15.15644346134378
88	-6.104969639574233
89	-7.385119526963991
90	-9.463516590706405
91	-7.433209487480259
92	-9.157845444693633
93	-7.468802087317764
94	-6.241271434988582
95	-6.438257029894519
96	-18.32529394890967
97	-17.4568133348922
98	-18.24921919582876
99	-5.74464493206274
100	-15.72006988194202
101	-7.73257054683461
102	-66.69980144523804
103	-6.13058731726549
104	-8.23502615799879
105	-6.406212689378408
106	-6.543650201848889
107	-10.87850629545485
108	-5.14683083093649
109	-6.171765144583797
110	-50.4758239259429
111	-5.65939671619136
112	-8.246732575676402
113	-5.682817441029401
114	-11.29276343766763
115	-4.381681754511039
116	-7.493914341568773
117	-15.01873026548705
118	-17.17653272382392
119	-10.32734543644348
120	-9.218685661082953
121	-46.53236019674163
122	-9.590951693805192
123	-6.278035688252364
124	-4.888821041922563
125	-14.84552897906145
126	-6.00547533374025
127	-14.56521395096477
128	-25.14880647091658
129	-4.982120597640091
130	-5.958621917828305
131	-9.565262958037783
132	-29.07266180944301
133	-4.888821041922563
134	-15.56938737220107
135	-19.50310037086059
136	-33.87967047785403
137	-4.589205088946906
138	-9.466663488458741
139	-14.80058335595122
140	-19.82256338362193
141	-7.115755999860688
142	-7.115755999860688
143	-13.94241463684416
144	-24.22681196530768
145	-9.281201889044821
146	-16.00324316937603
147	-6.763353085309654
148	-6.278035688252364
149	-14.98729321234332
150	-8.340199142008153
151	-8.165716153322853
152	-18.55311361799202
153	-8.160488779654155
154	-32.73737639610296
155	-5.682817441029401
156	-16.55297943717325
157	-15.25473760576427
158	-40.6001240376206
159	-5.44285223437671
160	-5.65939671619136
161	-17.19737478606263
162	-109.5555506508785
163	-22.6665123005578
164	-13.50635545137354
165	-9.641227506873079
166	-12.87315078005003
167	-4.589205088946906
168	-15.28735238547813
169	-9.795468446354118
170	-6.253296091316045
171	-9.811461843120822
172	-7.413653286574911
173	-16.35201506431771
174	-6.121252463171544
175	-9.027484346844069
176	-16.53517206761365
177	-16.93509233542491
178	-6.00547533374025
179	-7.319229205999844
180	-46.21851373830913
181	-20.26802034610213
182	-31.52543347363064
183	-17.65968170980365
184	-12.63228390812044
185	-20.34230340539624
186	-25.30190514672588
187	-6.632424469933548
188	-6.74113608606787
189	-5.44285223437671
190	-15.4763820185029
191	-7.007458623108271
192	-6.843261225739617
193	-6.77991344910143
194	-29.77682399853618
195	-8.326314543444115
196	-11.88247205740769
197	-6.117826277606209
198	-9.565262958037783
199	-10.54902138708786
200	-11.25362689925279
201	-7.823324528168573
202	-9.500598112739368
203	-17.37400956299379
204	-22.98231336661587
205	-6.843261225739617
206	-9.143278702669898
207	-10.05968559023672
208	-4.725413687386962
209	-4.381681754511039
210	-10.30165667269151
211	-18.53020038954539
212	-4.982120597640091
213	-26.8709139655062
214	-13.65245575339986
215	-6.331176106595295
216	-12.192910913069
217	-6.406212689378408
218	-20.02699349591672
219	-20.72207468640164
220	-10.61758964581252
221	-7.809548689193832
222	-16.75316016829288
223	-6.117826277606209
224	-5.621310551642378
225	-11.50749348658876
226	-5.600762364972498
227	-4.725413687386962
228	-4.509157918222018
229	-6.061938858043871
230	-6.278035688252364
231	-4.982120597640091
232	-18.05974407309833
233	-17.43559092473139
234	-6.554202784493996
235	-20.01627273676866
236	-57.52865515961782
237	-86.03595404315077
238	-14.64074353817086
239	-35.58983973844822
240	-19.78380064281854
241	-36.47986323900466
242	-21.40388191014334
243	-6.033124259776232
244	-8.6072234394061
245	-6.319372088368306
246	-8.896017880674568
247	-6.102221193118546
248	-7.160494575666929
249	-6.406212689378408
250	-16.6561173106538
251	-9.188102611611537
252	-6.171765144583797
253	-10.46818439669841
254	-11.12237754842222
255	-26.2618232873125
256	-23.69891072034964
257	-12.21529761182348
258	-7.73257054683461
259	-18.62272613663752
260	-6.976866015530901
261	-26.76937487859353
262	-11.38388085383117
263	-9.449591533744094
264	-67.89001170834125
265	-29.07214546193527
266	-6.893986265596093
267	-9.565262958037783
268	-4.381681754511039
269	-8.697207596546079
270	-5.535494392494036
271	-66.72833610743291
272	-26.73905539894194
273	-10.63514631476767
274	-16.0400430854296
275	-14.7107538740392
276	-28.09475284509545
277	-9.319247854225523
278	-24.92862778599334
279	-6.112600759242431
280	-16.60358368537295
281	-16.76223010459605
282	-19.35574790774857
283	-9.886772390935937
284	-17.73783629248859
285	-26.72758156947491
286	-4.723429069279303
