#SITE	SITE_LOG_LIKELIHOODS
1	-4.395112736300518
2	-17.21867007807221
3	-29.24751073038692
4	-49.44740747119446
5	-28.12848760177842
6	-54.21270598408476
7	-15.98056148971375
8	-9.763113391320468
9	-12.52692075199686
10	-8.975685383081263
11	-7.056863886388355
12	-8.432323536500649
13	-9.795817408109169
14	-15.81830868591991
15	-7.435040465570498
16	-29.03377567646694
17	-9.795817408109169
18	-11.98455496181585
19	-44.96119339275528
20	-17.35539473970252
21	-7.733760427700019
22	-11.18072237293714
23	-15.95992166836606
24	-10.25644581139622
25	-7.320383536665125
26	-15.70758608873361
27	-8.801309591324033
28	-15.70554737736521
29	-8.181975250010973
30	-9.092371456976446
31	-9.652214174601129
32	-5.917976398731205
33	-85.57264488233169
34	-11.15857066267569
35	-5.793051474114958
36	-16.18001126727431
37	-29.1269634044773
38	-22.54116324799923
39	-12.73648579140917
40	-19.88404917257012
41	-45.99511191876689
42	-23.35951240315343
43	-7.170173273854655
44	-12.2600250020378
45	-14.80387896648524
46	-18.16918793619111
47	-8.416570302810849
48	-5.674656115813793
49	-7.547646514156757
50	-10.0546505929918
51	-5.771079523986944
52	-7.170173273854655
53	-11.35952230037552
54	-22.13344919733078
55	-7.70219118988769
56	-11.02055346301605
57	-10.97644343269265
58	-18.59282983902991
59	-5.837323977664219
60	-8.70178037018243
61	-8.354168868514099
62	-13.20187648278166
63	-7.367458259693835
64	-6.052689338785778
65	-7.972529623005161
66	-5.392096230334661
67	-64.25077220293645
68	-5.771079523986944
69	-14.68028006770518
70	-6.052689338785778
71	-5.917976398731205
72	-7.733760427700019
73	-15.46508631304214
74	-7.870379912455969
75	-7.916498330256883
76	-13.57575184527934
77	-7.13460296756161
78	-14.98490555589069
79	-8.792684847156771
80	-16.47518902492003
81	-8.05099773342401
82	-15.09411508971524
83	-6.671700673381348
84	-5.748972884949529
85	-14.43766254864844
86	-10.48661969290446
87	-17.22171333856969
88	-6.851934324498203
89	-7.547646514156757
90	-9.341898227279927
91	-8.17696605606479
92	-11.38373614442024
93	-7.782279628290803
94	-5.545375966209293
95	-6.001686697229296
96	-19.0889700834963
97	-13.36115514132451
98	-18.35097743932502
99	-6.671700673381348
100	-14.5023888197765
101	-7.398753242007313
102	-67.96139472120049
103	-5.860449750612951
104	-7.9633486661295
105	-7.320383536665125
106	-5.684781108203756
107	-10.92113101014009
108	-5.793051474114958
109	-7.077521982084001
110	-46.41375770081877
111	-5.900310911772884
112	-9.257219649987892
113	-6.671748846179843
114	-12.53620177641559
115	-5.392096230334661
116	-7.451288424594164
117	-14.72412959468019
118	-16.05880097185321
119	-11.50938622172029
120	-9.621137961232915
121	-51.00365517144778
122	-10.97644343269265
123	-7.022549902533918
124	-5.748972884949529
125	-15.24801065148174
126	-5.865266404303716
127	-13.54152587236863
128	-23.98915008491209
129	-5.674656115813793
130	-5.645785525390106
131	-10.00598736571104
132	-27.87564113560186
133	-5.748972884949529
134	-13.99397765868928
135	-20.31650278520305
136	-32.1114843738778
137	-5.785102243352219
138	-9.670660263267477
139	-14.09482145142571
140	-16.33388917687058
141	-7.915001004876985
142	-7.915001004876985
143	-13.35131352426956
144	-26.42622892089994
145	-8.719975890736748
146	-14.55228494082093
147	-7.349031064166606
148	-7.022549902533918
149	-14.72381522532173
150	-6.147479438613032
151	-7.887769703786716
152	-18.37761110875067
153	-8.135244102977916
154	-30.3102426363873
155	-6.671748846179843
156	-15.15585078745749
157	-13.39709362843997
158	-37.87323520367682
159	-5.837323977664219
160	-5.900310911772884
161	-15.34647309174522
162	-104.7141566758399
163	-20.80429758525262
164	-12.63027253693213
165	-8.794114246814388
166	-12.84088524425045
167	-5.785102243352219
168	-13.50688735972516
169	-11.49977547508674
170	-7.440303025338173
171	-10.31851380568317
172	-7.972529623005161
173	-16.05460889874853
174	-5.481794104665479
175	-9.610741021563292
176	-19.03681735163975
177	-15.12022796833251
178	-5.865266404303716
179	-7.964312259267499
180	-52.12952622309798
181	-20.13790924551427
182	-28.4222141664406
183	-17.82208405057714
184	-11.57262614527888
185	-20.88381239937786
186	-26.16461943333396
187	-7.820217953348624
188	-7.392188849802627
189	-5.837323977664219
190	-13.96097465924941
191	-7.296176018555141
192	-8.792684847156771
193	-7.344900185001698
194	-26.88688090121872
195	-9.291344387729238
196	-10.83034699491373
197	-7.70219118988769
198	-10.00598736571104
199	-11.4899677990385
200	-11.69951036169
201	-8.468360608525062
202	-9.10020298250366
203	-15.43278824774046
204	-20.86879287835504
205	-8.792684847156771
206	-9.890492965142069
207	-10.14858653221904
208	-5.708483009275435
209	-5.392096230334661
210	-8.069284995185878
211	-17.15652702471052
212	-5.674656115813793
213	-28.58870960696331
214	-12.18497819359187
215	-7.757703828399081
216	-12.58734592585078
217	-7.320383536665125
218	-21.89885440655462
219	-22.62020509289422
220	-12.74543348188961
221	-8.45889679889507
222	-16.1348770949505
223	-7.70219118988769
224	-5.735359261278559
225	-11.98254890225725
226	-5.794955370875702
227	-5.708483009275435
228	-6.052689338785778
229	-7.056863886388355
230	-7.022549902533918
231	-5.674656115813793
232	-13.47901816121441
233	-17.45868133870482
234	-6.102454782164544
235	-20.97692367450205
236	-68.05819554685512
237	-80.3830921887878
238	-14.68693545591101
239	-31.07855973049209
240	-18.9152217301572
241	-36.87405336211575
242	-15.81151735305648
243	-7.059858260664894
244	-8.664411575061813
245	-7.741365563733539
246	-11.1148597729379
247	-7.723302201937299
248	-7.617341103884626
249	-7.320383536665125
250	-16.10322927691956
251	-10.27751110450856
252	-7.077521982084001
253	-10.32846844344261
254	-12.12848290097955
255	-28.08941764566529
256	-25.41367356787615
257	-12.57766508732478
258	-7.398753242007313
259	-19.75170328843448
260	-7.577518093713078
261	-28.68690706952282
262	-10.89605698700128
263	-9.403046452606501
264	-59.83033987237894
265	-27.10471231535903
266	-7.131821652260941
267	-10.00598736571104
268	-5.392096230334661
269	-9.224987139641978
270	-6.717509337670528
271	-74.30066199386606
272	-26.61961688060548
273	-10.70305554906227
274	-14.89667488854638
275	-13.76155451363891
276	-31.12047557140558
277	-7.538377072348988
278	-23.6542761291306
279	-7.168092169986371
280	-17.38451195904507
281	-15.35515226664966
282	-18.05167129343418
283	-11.17689743139234
284	-17.34914251879756
285	-23.21883548152848
286	-5.703027478335681
