#SITE	SITE_LOG_LIKELIHOODS
1	-4.352827676321267
2	-16.71325478072155
3	-18.21526620087414
4	-26.46166236925981
5	-4.268031804297409
6	-35.94363219647921
7	-13.85108344225988
8	-4.381239129360901
9	-4.517661976774642
10	-4.270655712896546
11	-4.207933217702085
12	-4.79786731505926
13	-4.58050474307273
14	-11.42994515084831
15	-4.36378335222056
16	-11.3522884778351
17	-4.58050474307273
18	-5.319078494040998
19	-34.82930447564569
20	-4.413341979700453
21	-3.987919957065671
22	-4.58050474307273
23	-4.128754419951155
24	-4.6625456016515
25	-4.556769321727891
26	-11.23335422997721
27	-4.595895592060637
28	-13.17813237798168
29	-4.225675555793187
30	-4.357557723849822
31	-4.134762011893907
32	-4.357557723849822
33	-19.05964835734764
34	-4.128754419951155
35	-4.117471626930192
36	-11.04030649426153
37	-26.07443977865222
38	-13.38342466468732
39	-4.341692051263849
40	-15.81906361164585
41	-19.55976963885725
42	-19.25098290085722
43	-4.341692051263849
44	-4.977297169738148
45	-4.597482136514713
46	-16.13447001802481
47	-4.528104329176863
48	-3.974290134640457
49	-4.658921911657231
50	-4.611483569480802
51	-4.935046065776064
52	-4.341692051263849
53	-4.448767138999688
54	-4.597482136514713
55	-4.270655712896546
56	-4.210900438393493
57	-4.55214236353813
58	-4.58050474307273
59	-5.010708723153555
60	-4.79786731505926
61	-4.117471626930192
62	-11.23335422997721
63	-4.630367861518915
64	-4.58050474307273
65	-4.556769321727891
66	-4.352827676321267
67	-51.75854363091531
68	-4.935046065776064
69	-4.364565733103378
70	-4.58050474307273
71	-4.357557723849822
72	-3.987919957065671
73	-4.528104329176863
74	-4.441853507931746
75	-4.943088568421818
76	-12.3046882865246
77	-4.36378335222056
78	-12.22308190627047
79	-4.757505424479116
80	-5.125503717919819
81	-4.630367861518915
82	-11.9226307422116
83	-4.376821662654392
84	-4.517661976774642
85	-4.573520375056549
86	-4.388846567420891
87	-14.59689056004354
88	-4.388846567420891
89	-4.658921911657231
90	-4.341692051263849
91	-5.010708723153555
92	-5.010708723153555
93	-4.315170880449965
94	-4.6625456016515
95	-4.597106960999489
96	-4.748255988946378
97	-15.73952976243028
98	-13.18255476622669
99	-4.376821662654392
100	-12.45489032137079
101	-3.987919957065671
102	-46.26630904391907
103	-4.977297169738148
104	-4.873122453633137
105	-4.556769321727891
106	-4.381239129360901
107	-4.507389718135042
108	-4.117471626930192
109	-4.448767138999688
110	-4.268031804297409
111	-4.270655712896546
112	-4.595895592060637
113	-3.974290134640457
114	-4.72540814092786
115	-4.352827676321267
116	-4.507389718135042
117	-4.134762011893907
118	-4.701633474984646
119	-4.117471626930192
120	-4.757505424479116
121	-5.319078494040998
122	-4.55214236353813
123	-4.128754419951155
124	-4.517661976774642
125	-12.05833514323414
126	-4.747462909484444
127	-4.352827676321267
128	-20.80516701964824
129	-3.974290134640457
130	-4.611483569480802
131	-4.364565733103378
132	-25.19017710216422
133	-4.517661976774642
134	-12.31132281384616
135	-11.69844053327597
136	-10.82610546312633
137	-4.528104329176863
138	-4.507389718135042
139	-4.595895592060637
140	-4.597482136514713
141	-4.479728412172666
142	-4.479728412172666
143	-10.67564882041924
144	-15.03667703321772
145	-4.210900438393493
146	-11.70925529090932
147	-4.747462909484444
148	-4.128754419951155
149	-4.58050474307273
150	-4.847793730184033
151	-4.6625456016515
152	-4.611483569480802
153	-4.352827676321267
154	-15.8231039362699
155	-3.974290134640457
156	-4.268031804297409
157	-11.12182140427707
158	-36.8953555177133
159	-5.010708723153555
160	-4.270655712896546
161	-13.16277300598076
162	-75.62619945041189
163	-19.30976988433142
164	-10.60854995405413
165	-4.645655926065549
166	-10.66210644199088
167	-4.528104329176863
168	-11.74487448776646
169	-9.342038919774639
170	-4.517661976774642
171	-4.315170880449965
172	-4.556769321727891
173	-12.62414317377845
174	-4.376821662654392
175	-4.210900438393493
176	-15.49533481074148
177	-13.88985429979429
178	-4.747462909484444
179	-4.595895592060637
180	-39.12318537249052
181	-4.413341979700453
182	-27.90489302679015
183	-11.84660956868681
184	-10.89424041227313
185	-11.35347659715392
186	-20.08509096824259
187	-4.595895592060637
188	-4.847793730184033
189	-5.010708723153555
190	-11.79529601976686
191	-4.441853507931746
192	-4.757505424479116
193	-4.364565733103378
194	-22.61907380533832
195	-4.117471626930192
196	-4.441853507931746
197	-4.270655712896546
198	-4.364565733103378
199	-4.441853507931746
200	-4.128754419951155
201	-5.125503717919819
202	-4.869961541776968
203	-11.68554055228649
204	-10.80051334480231
205	-4.757505424479116
206	-4.315170880449965
207	-4.376821662654392
208	-5.091887123748405
209	-4.352827676321267
210	-4.18486007477078
211	-4.36378335222056
212	-3.974290134640457
213	-4.357557723849822
214	-10.33181970341137
215	-4.273889970359185
216	-11.32458533412001
217	-4.556769321727891
218	-16.71789084048597
219	-18.62755074217711
220	-5.010708723153555
221	-4.967346461634098
222	-13.01913947892846
223	-4.270655712896546
224	-4.645655926065549
225	-9.605188184644181
226	-4.72540814092786
227	-5.091887123748405
228	-4.58050474307273
229	-4.207933217702085
230	-4.128754419951155
231	-3.974290134640457
232	-4.357557723849822
233	-12.54670290572332
234	-4.479728412172666
235	-17.9720272200213
236	-40.987272708029
237	-40.29607396890518
238	-4.630367861518915
239	-32.36627957057152
240	-4.748255988946378
241	-31.44779765257817
242	-4.341692051263849
243	-4.597482136514713
244	-4.207933217702085
245	-4.265216181358296
246	-4.273889970359185
247	-4.528104329176863
248	-4.573520375056549
249	-4.556769321727891
250	-3.974290134640457
251	-4.341692051263849
252	-4.448767138999688
253	-4.79786731505926
254	-5.125503717919819
255	-4.630367861518915
256	-4.597482136514713
257	-4.134762011893907
258	-3.987919957065671
259	-10.57800512391298
260	-4.977297169738148
261	-23.36971224288491
262	-4.595895592060637
263	-4.573520375056549
264	-23.19308393362422
265	-10.78210786603048
266	-4.273889970359185
267	-4.364565733103378
268	-4.352827676321267
269	-3.974290134640457
270	-4.117471626930192
271	-45.36649784627112
272	-17.08201346096952
273	-4.701633474984646
274	-4.481492529857844
275	-12.87109902129838
276	-28.16830311852727
277	-4.210900438393493
278	-10.17680741047385
279	-4.340524426055613
280	-9.006151825366539
281	-11.30495919850328
282	-10.29770541839712
283	-9.060387372305689
284	-9.023612047708152
285	-20.24465153162843
286	-5.089778703888634
